Exp Num,agent:svo_convergence_factor,agent:params:metabolism,agent:params:consumption_factor,agent:params:procreate_cost_factor,agent:params:procreate_req_factor,agent:params:start_energy_factor,agent:params:caught_chance,agent:params:caught_cooldown_factor,agent:params:maximum_age,Epoch,Resource,A,B,C,D,E
177729,3.0,10.0,4.0,5.0,3.0,3.0,0.5,0.1,50.0,0,3760.0,16,31,11,27,73
177729,3.0,10.0,4.0,5.0,3.0,3.0,0.5,0.1,50.0,1,4140.0,16,31,11,27,73
177729,3.0,10.0,4.0,5.0,3.0,3.0,0.5,0.1,50.0,2,4015.0,11,22,7,21,54
177729,3.0,10.0,4.0,5.0,3.0,3.0,0.5,0.1,50.0,3,4458.75,10,20,6,20,49
177729,3.0,10.0,4.0,5.0,3.0,3.0,0.5,0.1,50.0,4,5333.4375,8,20,6,20,47
177729,3.0,10.0,4.0,5.0,3.0,3.0,0.5,0.1,50.0,5,6546.796875,8,20,6,20,47
177729,3.0,10.0,4.0,5.0,3.0,3.0,0.5,0.1,50.0,6,7463.49609375,6,17,4,14,38
177729,3.0,10.0,4.0,5.0,3.0,3.0,0.5,0.1,50.0,7,8689.3701171875,5,10,1,12,25
177729,3.0,10.0,4.0,5.0,3.0,3.0,0.5,0.1,50.0,8,9000.0,5,9,1,12,24
177729,3.0,10.0,4.0,5.0,3.0,3.0,0.5,0.1,50.0,9,8800.0,6,9,2,13,26
177729,3.0,10.0,4.0,5.0,3.0,3.0,0.5,0.1,50.0,10,8600.0,7,11,3,16,32
177729,3.0,10.0,4.0,5.0,3.0,3.0,0.5,0.1,50.0,11,8200.0,8,13,4,17,37
177729,3.0,10.0,4.0,5.0,3.0,3.0,0.5,0.1,50.0,12,7840.0,8,16,5,25,44
177729,3.0,10.0,4.0,5.0,3.0,3.0,0.5,0.1,50.0,13,7040.0,9,19,9,31,54
177729,3.0,10.0,4.0,5.0,3.0,3.0,0.5,0.1,50.0,14,6400.0,9,23,14,36,65
177729,3.0,10.0,4.0,5.0,3.0,3.0,0.5,0.1,50.0,15,7280.0,10,24,14,36,68
177729,3.0,10.0,4.0,5.0,3.0,3.0,0.5,0.1,50.0,16,8420.0,12,24,15,36,72
177729,3.0,10.0,4.0,5.0,3.0,3.0,0.5,0.1,50.0,17,9080.0,12,25,16,36,75
177729,3.0,10.0,4.0,5.0,3.0,3.0,0.5,0.1,50.0,18,9160.0,12,26,20,36,80
177729,3.0,10.0,4.0,5.0,3.0,3.0,0.5,0.1,50.0,19,9120.0,12,28,20,36,83
177729,3.0,10.0,4.0,5.0,3.0,3.0,0.5,0.1,50.0,20,9080.0,12,29,22,37,87
177729,3.0,10.0,4.0,5.0,3.0,3.0,0.5,0.1,50.0,21,9440.0,12,29,24,38,89
177729,3.0,10.0,4.0,5.0,3.0,3.0,0.5,0.1,50.0,22,9480.0,12,30,24,38,90
177729,3.0,10.0,4.0,5.0,3.0,3.0,0.5,0.1,50.0,23,9480.0,11,30,24,37,88
177729,3.0,10.0,4.0,5.0,3.0,3.0,0.5,0.1,50.0,24,9640.0,10,28,23,36,84
177729,3.0,10.0,4.0,5.0,3.0,3.0,0.5,0.1,50.0,25,9400.0,10,27,24,33,84
177729,3.0,10.0,4.0,5.0,3.0,3.0,0.5,0.1,50.0,26,9440.0,10,26,24,30,83
177729,3.0,10.0,4.0,5.0,3.0,3.0,0.5,0.1,50.0,27,9240.0,10,23,24,28,78
177729,3.0,10.0,4.0,5.0,3.0,3.0,0.5,0.1,50.0,28,9160.0,9,24,23,27,77
177729,3.0,10.0,4.0,5.0,3.0,3.0,0.5,0.1,50.0,29,9440.0,8,23,22,27,73
177729,3.0,10.0,4.0,5.0,3.0,3.0,0.5,0.1,50.0,30,9200.0,8,22,21,27,69
177729,3.0,10.0,4.0,5.0,3.0,3.0,0.5,0.1,50.0,31,9320.0,7,22,20,24,67
177729,3.0,10.0,4.0,5.0,3.0,3.0,0.5,0.1,50.0,32,9280.0,6,22,19,22,64
177729,3.0,10.0,4.0,5.0,3.0,3.0,0.5,0.1,50.0,33,9440.0,5,20,18,21,60
177729,3.0,10.0,4.0,5.0,3.0,3.0,0.5,0.1,50.0,34,8920.0,5,18,20,21,60
177729,3.0,10.0,4.0,5.0,3.0,3.0,0.5,0.1,50.0,35,8520.0,6,18,21,20,61
177729,3.0,10.0,4.0,5.0,3.0,3.0,0.5,0.1,50.0,36,8520.0,6,19,23,19,63
177729,3.0,10.0,4.0,5.0,3.0,3.0,0.5,0.1,50.0,37,8360.0,6,18,27,21,66
177729,3.0,10.0,4.0,5.0,3.0,3.0,0.5,0.1,50.0,38,7760.0,7,17,31,22,70
177729,3.0,10.0,4.0,5.0,3.0,3.0,0.5,0.1,50.0,39,7180.0,8,18,34,26,78
177729,3.0,10.0,4.0,5.0,3.0,3.0,0.5,0.1,50.0,40,7495.0,10,20,36,28,84
177729,3.0,10.0,4.0,5.0,3.0,3.0,0.5,0.1,50.0,41,8288.75,10,21,38,28,88
177729,3.0,10.0,4.0,5.0,3.0,3.0,0.5,0.1,50.0,42,9000.0,11,19,41,28,90
177729,3.0,10.0,4.0,5.0,3.0,3.0,0.5,0.1,50.0,43,9080.0,11,18,43,30,90
177729,3.0,10.0,4.0,5.0,3.0,3.0,0.5,0.1,50.0,44,9080.0,11,19,43,27,91
177729,3.0,10.0,4.0,5.0,3.0,3.0,0.5,0.1,50.0,45,9320.0,11,19,43,27,92
177729,3.0,10.0,4.0,5.0,3.0,3.0,0.5,0.1,50.0,46,9160.0,11,19,43,26,92
177729,3.0,10.0,4.0,5.0,3.0,3.0,0.5,0.1,50.0,47,9040.0,11,19,47,27,96
177729,3.0,10.0,4.0,5.0,3.0,3.0,0.5,0.1,50.0,48,9240.0,11,19,47,24,96
177729,3.0,10.0,4.0,5.0,3.0,3.0,0.5,0.1,50.0,49,9160.0,10,18,48,25,93
177729,3.0,10.0,4.0,5.0,3.0,3.0,0.5,0.1,50.0,50,9320.0,10,15,47,24,88
177729,3.0,10.0,4.0,5.0,3.0,3.0,0.5,0.1,50.0,51,9160.0,10,14,49,22,89
177729,3.0,10.0,4.0,5.0,3.0,3.0,0.5,0.1,50.0,52,9040.0,7,14,48,22,86
177729,3.0,10.0,4.0,5.0,3.0,3.0,0.5,0.1,50.0,53,9000.0,7,12,47,23,82
177729,3.0,10.0,4.0,5.0,3.0,3.0,0.5,0.1,50.0,54,8600.0,8,10,44,25,78
177729,3.0,10.0,4.0,5.0,3.0,3.0,0.5,0.1,50.0,55,8800.0,9,9,47,25,81
177729,3.0,10.0,4.0,5.0,3.0,3.0,0.5,0.1,50.0,56,8480.0,7,9,49,27,81
177729,3.0,10.0,4.0,5.0,3.0,3.0,0.5,0.1,50.0,57,8280.0,8,9,50,28,84
177729,3.0,10.0,4.0,5.0,3.0,3.0,0.5,0.1,50.0,58,8240.0,7,9,53,29,86
177729,3.0,10.0,4.0,5.0,3.0,3.0,0.5,0.1,50.0,59,8680.0,8,9,52,31,85
177729,3.0,10.0,4.0,5.0,3.0,3.0,0.5,0.1,50.0,60,8880.0,8,10,54,33,87
177729,3.0,10.0,4.0,5.0,3.0,3.0,0.5,0.1,50.0,61,8760.0,8,8,52,32,82
177729,3.0,10.0,4.0,5.0,3.0,3.0,0.5,0.1,50.0,62,9000.0,8,8,54,32,84
177729,3.0,10.0,4.0,5.0,3.0,3.0,0.5,0.1,50.0,63,9000.0,8,8,55,32,84
177729,3.0,10.0,4.0,5.0,3.0,3.0,0.5,0.1,50.0,64,9120.0,8,7,60,33,88
177729,3.0,10.0,4.0,5.0,3.0,3.0,0.5,0.1,50.0,65,8880.0,6,6,61,33,84
177729,3.0,10.0,4.0,5.0,3.0,3.0,0.5,0.1,50.0,66,8960.0,6,6,56,35,79
177729,3.0,10.0,4.0,5.0,3.0,3.0,0.5,0.1,50.0,67,8840.0,6,5,57,38,77
177729,3.0,10.0,4.0,5.0,3.0,3.0,0.5,0.1,50.0,68,8880.0,6,5,56,40,75
177729,3.0,10.0,4.0,5.0,3.0,3.0,0.5,0.1,50.0,69,8840.0,6,5,57,43,76
177729,3.0,10.0,4.0,5.0,3.0,3.0,0.5,0.1,50.0,70,8920.0,6,3,53,45,70
177729,3.0,10.0,4.0,5.0,3.0,3.0,0.5,0.1,50.0,71,8880.0,6,4,56,48,74
177729,3.0,10.0,4.0,5.0,3.0,3.0,0.5,0.1,50.0,72,9120.0,6,4,55,48,73
177729,3.0,10.0,4.0,5.0,3.0,3.0,0.5,0.1,50.0,73,9080.0,6,4,56,47,72
177729,3.0,10.0,4.0,5.0,3.0,3.0,0.5,0.1,50.0,74,9160.0,6,4,52,48,68
177729,3.0,10.0,4.0,5.0,3.0,3.0,0.5,0.1,50.0,75,8960.0,6,4,53,48,69
177729,3.0,10.0,4.0,5.0,3.0,3.0,0.5,0.1,50.0,76,8840.0,7,4,53,45,70
177729,3.0,10.0,4.0,5.0,3.0,3.0,0.5,0.1,50.0,77,9080.0,7,4,54,45,71
177729,3.0,10.0,4.0,5.0,3.0,3.0,0.5,0.1,50.0,78,9080.0,7,3,51,44,66
177729,3.0,10.0,4.0,5.0,3.0,3.0,0.5,0.1,50.0,79,9240.0,8,3,52,43,67
177729,3.0,10.0,4.0,5.0,3.0,3.0,0.5,0.1,50.0,80,8720.0,8,3,52,40,67
177729,3.0,10.0,4.0,5.0,3.0,3.0,0.5,0.1,50.0,81,9120.0,8,6,51,40,69
177729,3.0,10.0,4.0,5.0,3.0,3.0,0.5,0.1,50.0,82,8520.0,9,6,52,38,71
177729,3.0,10.0,4.0,5.0,3.0,3.0,0.5,0.1,50.0,83,8720.0,10,10,50,36,74
177729,3.0,10.0,4.0,5.0,3.0,3.0,0.5,0.1,50.0,84,8440.0,13,10,52,34,78
177729,3.0,10.0,4.0,5.0,3.0,3.0,0.5,0.1,50.0,85,8440.0,14,13,54,33,84
177729,3.0,10.0,4.0,5.0,3.0,3.0,0.5,0.1,50.0,86,8520.0,15,15,54,31,87
177729,3.0,10.0,4.0,5.0,3.0,3.0,0.5,0.1,50.0,87,8680.0,17,17,52,28,89
177729,3.0,10.0,4.0,5.0,3.0,3.0,0.5,0.1,50.0,88,8960.0,19,16,53,27,91
177729,3.0,10.0,4.0,5.0,3.0,3.0,0.5,0.1,50.0,89,8960.0,20,19,53,24,95
177729,3.0,10.0,4.0,5.0,3.0,3.0,0.5,0.1,50.0,90,8880.0,21,21,53,22,98
177729,3.0,10.0,4.0,5.0,3.0,3.0,0.5,0.1,50.0,91,9080.0,21,22,52,21,98
177729,3.0,10.0,4.0,5.0,3.0,3.0,0.5,0.1,50.0,92,9160.0,22,22,51,19,98
177729,3.0,10.0,4.0,5.0,3.0,3.0,0.5,0.1,50.0,93,9080.0,22,24,52,16,101
177729,3.0,10.0,4.0,5.0,3.0,3.0,0.5,0.1,50.0,94,9000.0,23,24,52,14,102
177729,3.0,10.0,4.0,5.0,3.0,3.0,0.5,0.1,50.0,95,9080.0,23,26,51,11,102
177729,3.0,10.0,4.0,5.0,3.0,3.0,0.5,0.1,50.0,96,8720.0,24,26,51,11,103
177729,3.0,10.0,4.0,5.0,3.0,3.0,0.5,0.1,50.0,97,8480.0,26,27,46,11,101
177729,3.0,10.0,4.0,5.0,3.0,3.0,0.5,0.1,50.0,98,8520.0,27,30,45,11,104
177729,3.0,10.0,4.0,5.0,3.0,3.0,0.5,0.1,50.0,99,8520.0,27,35,43,10,106
177729,3.0,10.0,4.0,5.0,3.0,3.0,0.5,0.1,50.0,100,8480.0,31,38,42,7,112
177729,3.0,10.0,4.0,5.0,3.0,3.0,0.5,0.1,50.0,101,8760.0,31,39,40,8,111
177729,3.0,10.0,4.0,5.0,3.0,3.0,0.5,0.1,50.0,102,9040.0,32,39,40,8,112
177729,3.0,10.0,4.0,5.0,3.0,3.0,0.5,0.1,50.0,103,9080.0,32,40,37,8,110
177729,3.0,10.0,4.0,5.0,3.0,3.0,0.5,0.1,50.0,104,9120.0,31,40,39,7,111
177729,3.0,10.0,4.0,5.0,3.0,3.0,0.5,0.1,50.0,105,8880.0,31,39,38,7,109
177729,3.0,10.0,4.0,5.0,3.0,3.0,0.5,0.1,50.0,106,8760.0,33,39,40,7,113
177729,3.0,10.0,4.0,5.0,3.0,3.0,0.5,0.1,50.0,107,8960.0,32,40,40,7,113
177729,3.0,10.0,4.0,5.0,3.0,3.0,0.5,0.1,50.0,108,9040.0,34,41,37,5,113
177729,3.0,10.0,4.0,5.0,3.0,3.0,0.5,0.1,50.0,109,9000.0,34,39,37,5,110
177729,3.0,10.0,4.0,5.0,3.0,3.0,0.5,0.1,50.0,110,9280.0,34,40,35,5,109
177729,3.0,10.0,4.0,5.0,3.0,3.0,0.5,0.1,50.0,111,9160.0,34,40,34,5,108
177729,3.0,10.0,4.0,5.0,3.0,3.0,0.5,0.1,50.0,112,9120.0,34,41,32,5,107
177729,3.0,10.0,4.0,5.0,3.0,3.0,0.5,0.1,50.0,113,8960.0,35,40,30,5,105
177729,3.0,10.0,4.0,5.0,3.0,3.0,0.5,0.1,50.0,114,8880.0,36,40,26,5,102
177729,3.0,10.0,4.0,5.0,3.0,3.0,0.5,0.1,50.0,115,8560.0,40,39,24,4,103
177729,3.0,10.0,4.0,5.0,3.0,3.0,0.5,0.1,50.0,116,8240.0,44,42,22,4,108
177729,3.0,10.0,4.0,5.0,3.0,3.0,0.5,0.1,50.0,117,8120.0,50,41,19,3,110
177729,3.0,10.0,4.0,5.0,3.0,3.0,0.5,0.1,50.0,118,8280.0,56,42,17,3,115
177729,3.0,10.0,4.0,5.0,3.0,3.0,0.5,0.1,50.0,119,8520.0,57,41,17,3,115
177729,3.0,10.0,4.0,5.0,3.0,3.0,0.5,0.1,50.0,120,8800.0,62,41,17,2,120
177729,3.0,10.0,4.0,5.0,3.0,3.0,0.5,0.1,50.0,121,9080.0,66,39,17,2,122
177729,3.0,10.0,4.0,5.0,3.0,3.0,0.5,0.1,50.0,122,9320.0,68,37,17,1,122
177729,3.0,10.0,4.0,5.0,3.0,3.0,0.5,0.1,50.0,123,9400.0,68,37,15,1,120
177729,3.0,10.0,4.0,5.0,3.0,3.0,0.5,0.1,50.0,124,9200.0,68,37,14,1,119
177729,3.0,10.0,4.0,5.0,3.0,3.0,0.5,0.1,50.0,125,9000.0,68,36,13,1,117
177729,3.0,10.0,4.0,5.0,3.0,3.0,0.5,0.1,50.0,126,9160.0,70,35,11,1,116
177729,3.0,10.0,4.0,5.0,3.0,3.0,0.5,0.1,50.0,127,9000.0,69,36,11,1,116
177729,3.0,10.0,4.0,5.0,3.0,3.0,0.5,0.1,50.0,128,8760.0,69,37,11,1,117
177729,3.0,10.0,4.0,5.0,3.0,3.0,0.5,0.1,50.0,129,8880.0,71,36,11,1,118
177729,3.0,10.0,4.0,5.0,3.0,3.0,0.5,0.1,50.0,130,8960.0,71,36,10,1,117
177729,3.0,10.0,4.0,5.0,3.0,3.0,0.5,0.1,50.0,131,8800.0,66,35,10,1,111
177729,3.0,10.0,4.0,5.0,3.0,3.0,0.5,0.1,50.0,132,8800.0,65,35,9,1,109
177729,3.0,10.0,4.0,5.0,3.0,3.0,0.5,0.1,50.0,133,8760.0,64,35,8,1,107
177729,3.0,10.0,4.0,5.0,3.0,3.0,0.5,0.1,50.0,134,8640.0,65,39,7,1,111
177729,3.0,10.0,4.0,5.0,3.0,3.0,0.5,0.1,50.0,135,8600.0,66,43,7,1,116
177729,3.0,10.0,4.0,5.0,3.0,3.0,0.5,0.1,50.0,136,8520.0,66,44,5,1,115
177729,3.0,10.0,4.0,5.0,3.0,3.0,0.5,0.1,50.0,137,8520.0,65,46,5,1,116
177729,3.0,10.0,4.0,5.0,3.0,3.0,0.5,0.1,50.0,138,8680.0,66,47,5,1,118
177729,3.0,10.0,4.0,5.0,3.0,3.0,0.5,0.1,50.0,139,8960.0,64,49,4,1,117
177729,3.0,10.0,4.0,5.0,3.0,3.0,0.5,0.1,50.0,140,9000.0,64,49,5,1,118
177729,3.0,10.0,4.0,5.0,3.0,3.0,0.5,0.1,50.0,141,9080.0,65,50,5,0,120
177729,3.0,10.0,4.0,5.0,3.0,3.0,0.5,0.1,50.0,142,8960.0,67,49,5,0,121
177729,3.0,10.0,4.0,5.0,3.0,3.0,0.5,0.1,50.0,143,8880.0,65,49,4,0,118
177729,3.0,10.0,4.0,5.0,3.0,3.0,0.5,0.1,50.0,144,9120.0,67,48,3,0,118
177729,3.0,10.0,4.0,5.0,3.0,3.0,0.5,0.1,50.0,145,8920.0,67,48,3,0,118
177729,3.0,10.0,4.0,5.0,3.0,3.0,0.5,0.1,50.0,146,9000.0,65,48,4,0,117
177729,3.0,10.0,4.0,5.0,3.0,3.0,0.5,0.1,50.0,147,8880.0,66,48,4,0,118
177729,3.0,10.0,4.0,5.0,3.0,3.0,0.5,0.1,50.0,148,8920.0,65,48,3,0,116
177729,3.0,10.0,4.0,5.0,3.0,3.0,0.5,0.1,50.0,149,8760.0,62,49,2,0,113
177729,3.0,10.0,4.0,5.0,3.0,3.0,0.5,0.1,50.0,150,8840.0,66,46,2,0,114
177729,3.0,10.0,4.0,5.0,3.0,3.0,0.5,0.1,50.0,151,8440.0,65,46,2,0,113
177729,3.0,10.0,4.0,5.0,3.0,3.0,0.5,0.1,50.0,152,8360.0,67,48,2,0,117
177729,3.0,10.0,4.0,5.0,3.0,3.0,0.5,0.1,50.0,153,8720.0,67,51,2,0,120
177729,3.0,10.0,4.0,5.0,3.0,3.0,0.5,0.1,50.0,154,9160.0,64,50,2,0,116
177729,3.0,10.0,4.0,5.0,3.0,3.0,0.5,0.1,50.0,155,9080.0,65,52,2,0,119
177729,3.0,10.0,4.0,5.0,3.0,3.0,0.5,0.1,50.0,156,9080.0,66,51,2,0,119
177729,3.0,10.0,4.0,5.0,3.0,3.0,0.5,0.1,50.0,157,9080.0,65,52,2,0,119
177729,3.0,10.0,4.0,5.0,3.0,3.0,0.5,0.1,50.0,158,9160.0,64,52,2,0,118
177729,3.0,10.0,4.0,5.0,3.0,3.0,0.5,0.1,50.0,159,9040.0,60,51,2,0,113
177729,3.0,10.0,4.0,5.0,3.0,3.0,0.5,0.1,50.0,160,8880.0,62,50,2,0,114
177729,3.0,10.0,4.0,5.0,3.0,3.0,0.5,0.1,50.0,161,8720.0,64,50,2,0,116
177729,3.0,10.0,4.0,5.0,3.0,3.0,0.5,0.1,50.0,162,8800.0,64,47,2,0,113
177729,3.0,10.0,4.0,5.0,3.0,3.0,0.5,0.1,50.0,163,8680.0,63,50,2,0,115
177729,3.0,10.0,4.0,5.0,3.0,3.0,0.5,0.1,50.0,164,8680.0,65,47,2,0,114
177729,3.0,10.0,4.0,5.0,3.0,3.0,0.5,0.1,50.0,165,8480.0,67,49,2,0,118
177729,3.0,10.0,4.0,5.0,3.0,3.0,0.5,0.1,50.0,166,8760.0,68,51,2,0,121
177729,3.0,10.0,4.0,5.0,3.0,3.0,0.5,0.1,50.0,167,9000.0,68,50,2,0,120
177729,3.0,10.0,4.0,5.0,3.0,3.0,0.5,0.1,50.0,168,9040.0,62,50,1,0,113
177729,3.0,10.0,4.0,5.0,3.0,3.0,0.5,0.1,50.0,169,8560.0,62,52,1,0,115
177729,3.0,10.0,4.0,5.0,3.0,3.0,0.5,0.1,50.0,170,8800.0,64,52,1,0,117
177729,3.0,10.0,4.0,5.0,3.0,3.0,0.5,0.1,50.0,171,8880.0,65,54,1,0,120
177729,3.0,10.0,4.0,5.0,3.0,3.0,0.5,0.1,50.0,172,8880.0,66,54,1,0,121
177729,3.0,10.0,4.0,5.0,3.0,3.0,0.5,0.1,50.0,173,8920.0,67,55,1,0,123
177729,3.0,10.0,4.0,5.0,3.0,3.0,0.5,0.1,50.0,174,9000.0,67,55,1,0,123
177729,3.0,10.0,4.0,5.0,3.0,3.0,0.5,0.1,50.0,175,9280.0,65,53,1,0,119
177729,3.0,10.0,4.0,5.0,3.0,3.0,0.5,0.1,50.0,176,9360.0,63,49,1,0,113
177729,3.0,10.0,4.0,5.0,3.0,3.0,0.5,0.1,50.0,177,9120.0,65,45,1,0,111
177729,3.0,10.0,4.0,5.0,3.0,3.0,0.5,0.1,50.0,178,8880.0,62,48,1,0,111
177729,3.0,10.0,4.0,5.0,3.0,3.0,0.5,0.1,50.0,179,8800.0,64,47,1,0,112
177729,3.0,10.0,4.0,5.0,3.0,3.0,0.5,0.1,50.0,180,8720.0,69,45,1,0,115
177729,3.0,10.0,4.0,5.0,3.0,3.0,0.5,0.1,50.0,181,8760.0,68,45,1,0,114
177729,3.0,10.0,4.0,5.0,3.0,3.0,0.5,0.1,50.0,182,8520.0,68,44,1,0,113
177729,3.0,10.0,4.0,5.0,3.0,3.0,0.5,0.1,50.0,183,8400.0,72,45,1,0,118
177729,3.0,10.0,4.0,5.0,3.0,3.0,0.5,0.1,50.0,184,8840.0,71,43,1,0,115
177729,3.0,10.0,4.0,5.0,3.0,3.0,0.5,0.1,50.0,185,8800.0,75,43,1,0,119
177729,3.0,10.0,4.0,5.0,3.0,3.0,0.5,0.1,50.0,186,9000.0,75,40,1,0,116
177729,3.0,10.0,4.0,5.0,3.0,3.0,0.5,0.1,50.0,187,8960.0,76,39,1,0,116
177729,3.0,10.0,4.0,5.0,3.0,3.0,0.5,0.1,50.0,188,8960.0,78,36,1,0,115
177729,3.0,10.0,4.0,5.0,3.0,3.0,0.5,0.1,50.0,189,8840.0,80,37,1,0,118
177729,3.0,10.0,4.0,5.0,3.0,3.0,0.5,0.1,50.0,190,8560.0,79,37,0,0,116
177729,3.0,10.0,4.0,5.0,3.0,3.0,0.5,0.1,50.0,191,8680.0,78,38,0,0,116
177729,3.0,10.0,4.0,5.0,3.0,3.0,0.5,0.1,50.0,192,8720.0,82,38,0,0,120
177729,3.0,10.0,4.0,5.0,3.0,3.0,0.5,0.1,50.0,193,9000.0,79,39,0,0,118
177729,3.0,10.0,4.0,5.0,3.0,3.0,0.5,0.1,50.0,194,8960.0,81,40,0,0,121
177729,3.0,10.0,4.0,5.0,3.0,3.0,0.5,0.1,50.0,195,9080.0,77,40,0,0,117
177729,3.0,10.0,4.0,5.0,3.0,3.0,0.5,0.1,50.0,196,8960.0,81,40,0,0,121
177729,3.0,10.0,4.0,5.0,3.0,3.0,0.5,0.1,50.0,197,9040.0,81,39,0,0,120
177729,3.0,10.0,4.0,5.0,3.0,3.0,0.5,0.1,50.0,198,8840.0,85,38,0,0,123
177729,3.0,10.0,4.0,5.0,3.0,3.0,0.5,0.1,50.0,199,8960.0,85,36,0,0,121
177729,3.0,10.0,4.0,5.0,3.0,3.0,0.5,0.1,50.0,200,9120.0,83,34,0,0,117
177729,3.0,10.0,4.0,5.0,3.0,3.0,0.5,0.1,50.0,201,9280.0,80,36,0,0,116
177729,3.0,10.0,4.0,5.0,3.0,3.0,0.5,0.1,50.0,202,9120.0,79,31,0,0,110
177729,3.0,10.0,4.0,5.0,3.0,3.0,0.5,0.1,50.0,203,8840.0,81,31,0,0,112
177729,3.0,10.0,4.0,5.0,3.0,3.0,0.5,0.1,50.0,204,8720.0,82,30,0,0,112
177729,3.0,10.0,4.0,5.0,3.0,3.0,0.5,0.1,50.0,205,8600.0,86,31,0,0,117
177729,3.0,10.0,4.0,5.0,3.0,3.0,0.5,0.1,50.0,206,8480.0,82,31,0,0,113
177729,3.0,10.0,4.0,5.0,3.0,3.0,0.5,0.1,50.0,207,8560.0,85,28,0,0,113
177729,3.0,10.0,4.0,5.0,3.0,3.0,0.5,0.1,50.0,208,8240.0,87,29,0,0,116
177729,3.0,10.0,4.0,5.0,3.0,3.0,0.5,0.1,50.0,209,8800.0,87,30,0,0,117
177729,3.0,10.0,4.0,5.0,3.0,3.0,0.5,0.1,50.0,210,8720.0,91,29,0,0,120
177729,3.0,10.0,4.0,5.0,3.0,3.0,0.5,0.1,50.0,211,8960.0,89,31,0,0,120
177729,3.0,10.0,4.0,5.0,3.0,3.0,0.5,0.1,50.0,212,9040.0,87,31,0,0,118
177729,3.0,10.0,4.0,5.0,3.0,3.0,0.5,0.1,50.0,213,9000.0,86,32,0,0,118
177729,3.0,10.0,4.0,5.0,3.0,3.0,0.5,0.1,50.0,214,9000.0,86,33,0,0,119
177729,3.0,10.0,4.0,5.0,3.0,3.0,0.5,0.1,50.0,215,9000.0,88,32,0,0,120
177729,3.0,10.0,4.0,5.0,3.0,3.0,0.5,0.1,50.0,216,9000.0,86,34,0,0,120
177729,3.0,10.0,4.0,5.0,3.0,3.0,0.5,0.1,50.0,217,9240.0,83,33,0,0,116
177729,3.0,10.0,4.0,5.0,3.0,3.0,0.5,0.1,50.0,218,9160.0,78,34,0,0,112
177729,3.0,10.0,4.0,5.0,3.0,3.0,0.5,0.1,50.0,219,9040.0,77,34,0,0,111
177729,3.0,10.0,4.0,5.0,3.0,3.0,0.5,0.1,50.0,220,8880.0,78,36,0,0,114
177729,3.0,10.0,4.0,5.0,3.0,3.0,0.5,0.1,50.0,221,8880.0,81,36,0,0,117
177729,3.0,10.0,4.0,5.0,3.0,3.0,0.5,0.1,50.0,222,8880.0,81,36,0,0,117
177729,3.0,10.0,4.0,5.0,3.0,3.0,0.5,0.1,50.0,223,8640.0,80,38,0,0,118
177729,3.0,10.0,4.0,5.0,3.0,3.0,0.5,0.1,50.0,224,8680.0,85,38,0,0,123
177729,3.0,10.0,4.0,5.0,3.0,3.0,0.5,0.1,50.0,225,9120.0,82,36,0,0,118
177729,3.0,10.0,4.0,5.0,3.0,3.0,0.5,0.1,50.0,226,9240.0,77,33,0,0,110
177729,3.0,10.0,4.0,5.0,3.0,3.0,0.5,0.1,50.0,227,9240.0,74,32,0,0,106
177729,3.0,10.0,4.0,5.0,3.0,3.0,0.5,0.1,50.0,228,9000.0,73,30,0,0,103
177729,3.0,10.0,4.0,5.0,3.0,3.0,0.5,0.1,50.0,229,8840.0,76,30,0,0,106
177729,3.0,10.0,4.0,5.0,3.0,3.0,0.5,0.1,50.0,230,8720.0,81,28,0,0,109
177729,3.0,10.0,4.0,5.0,3.0,3.0,0.5,0.1,50.0,231,8440.0,84,27,0,0,111
177729,3.0,10.0,4.0,5.0,3.0,3.0,0.5,0.1,50.0,232,8280.0,89,26,0,0,115
177729,3.0,10.0,4.0,5.0,3.0,3.0,0.5,0.1,50.0,233,8320.0,94,25,0,0,119
177729,3.0,10.0,4.0,5.0,3.0,3.0,0.5,0.1,50.0,234,8600.0,94,24,0,0,118
177729,3.0,10.0,4.0,5.0,3.0,3.0,0.5,0.1,50.0,235,8840.0,97,23,0,0,120
177729,3.0,10.0,4.0,5.0,3.0,3.0,0.5,0.1,50.0,236,9080.0,97,25,0,0,122
177729,3.0,10.0,4.0,5.0,3.0,3.0,0.5,0.1,50.0,237,9240.0,99,23,0,0,122
177729,3.0,10.0,4.0,5.0,3.0,3.0,0.5,0.1,50.0,238,9160.0,99,22,0,0,121
177729,3.0,10.0,4.0,5.0,3.0,3.0,0.5,0.1,50.0,239,9120.0,98,19,0,0,117
177729,3.0,10.0,4.0,5.0,3.0,3.0,0.5,0.1,50.0,240,9080.0,97,20,0,0,117
177729,3.0,10.0,4.0,5.0,3.0,3.0,0.5,0.1,50.0,241,9160.0,99,20,0,0,119
177729,3.0,10.0,4.0,5.0,3.0,3.0,0.5,0.1,50.0,242,9040.0,94,19,0,0,113
177729,3.0,10.0,4.0,5.0,3.0,3.0,0.5,0.1,50.0,243,8680.0,96,19,0,0,115
177729,3.0,10.0,4.0,5.0,3.0,3.0,0.5,0.1,50.0,244,9040.0,96,19,0,0,115
177729,3.0,10.0,4.0,5.0,3.0,3.0,0.5,0.1,50.0,245,8840.0,95,19,0,0,114
177729,3.0,10.0,4.0,5.0,3.0,3.0,0.5,0.1,50.0,246,8600.0,95,17,0,0,112
177729,3.0,10.0,4.0,5.0,3.0,3.0,0.5,0.1,50.0,247,8480.0,98,18,0,0,116
177729,3.0,10.0,4.0,5.0,3.0,3.0,0.5,0.1,50.0,248,8840.0,101,18,0,0,119
177729,3.0,10.0,4.0,5.0,3.0,3.0,0.5,0.1,50.0,249,8720.0,101,19,0,0,120
177729,3.0,10.0,4.0,5.0,3.0,3.0,0.5,0.1,50.0,250,8840.0,101,16,0,0,117
177729,3.0,10.0,4.0,5.0,3.0,3.0,0.5,0.1,50.0,251,8800.0,103,14,0,0,117
177729,3.0,10.0,4.0,5.0,3.0,3.0,0.5,0.1,50.0,252,8760.0,104,13,0,0,117
177729,3.0,10.0,4.0,5.0,3.0,3.0,0.5,0.1,50.0,253,8920.0,106,13,0,0,119
177729,3.0,10.0,4.0,5.0,3.0,3.0,0.5,0.1,50.0,254,8840.0,102,14,0,0,116
177729,3.0,10.0,4.0,5.0,3.0,3.0,0.5,0.1,50.0,255,8840.0,106,13,0,0,119
177729,3.0,10.0,4.0,5.0,3.0,3.0,0.5,0.1,50.0,256,8760.0,105,13,0,0,118
177729,3.0,10.0,4.0,5.0,3.0,3.0,0.5,0.1,50.0,257,9120.0,108,12,0,0,120
177729,3.0,10.0,4.0,5.0,3.0,3.0,0.5,0.1,50.0,258,9120.0,106,12,0,0,118
177729,3.0,10.0,4.0,5.0,3.0,3.0,0.5,0.1,50.0,259,8960.0,106,11,0,0,117
177729,3.0,10.0,4.0,5.0,3.0,3.0,0.5,0.1,50.0,260,8880.0,101,11,0,0,112
177729,3.0,10.0,4.0,5.0,3.0,3.0,0.5,0.1,50.0,261,8760.0,104,12,0,0,116
177729,3.0,10.0,4.0,5.0,3.0,3.0,0.5,0.1,50.0,262,8840.0,105,10,0,0,115
177729,3.0,10.0,4.0,5.0,3.0,3.0,0.5,0.1,50.0,263,8920.0,106,10,0,0,116
177729,3.0,10.0,4.0,5.0,3.0,3.0,0.5,0.1,50.0,264,8840.0,108,10,0,0,118
177729,3.0,10.0,4.0,5.0,3.0,3.0,0.5,0.1,50.0,265,8600.0,109,10,0,0,119
177729,3.0,10.0,4.0,5.0,3.0,3.0,0.5,0.1,50.0,266,8800.0,108,9,0,0,117
177729,3.0,10.0,4.0,5.0,3.0,3.0,0.5,0.1,50.0,267,8800.0,109,8,0,0,117
177729,3.0,10.0,4.0,5.0,3.0,3.0,0.5,0.1,50.0,268,8640.0,112,7,0,0,119
177729,3.0,10.0,4.0,5.0,3.0,3.0,0.5,0.1,50.0,269,9200.0,110,7,0,0,117
177729,3.0,10.0,4.0,5.0,3.0,3.0,0.5,0.1,50.0,270,8760.0,108,7,0,0,115
177729,3.0,10.0,4.0,5.0,3.0,3.0,0.5,0.1,50.0,271,8920.0,109,7,0,0,116
177729,3.0,10.0,4.0,5.0,3.0,3.0,0.5,0.1,50.0,272,8840.0,109,8,0,0,117
177729,3.0,10.0,4.0,5.0,3.0,3.0,0.5,0.1,50.0,273,8840.0,110,8,0,0,118
177729,3.0,10.0,4.0,5.0,3.0,3.0,0.5,0.1,50.0,274,8640.0,114,8,0,0,122
177729,3.0,10.0,4.0,5.0,3.0,3.0,0.5,0.1,50.0,275,9000.0,113,8,0,0,121
177729,3.0,10.0,4.0,5.0,3.0,3.0,0.5,0.1,50.0,276,9120.0,112,8,0,0,120
177729,3.0,10.0,4.0,5.0,3.0,3.0,0.5,0.1,50.0,277,9120.0,108,8,0,0,116
177729,3.0,10.0,4.0,5.0,3.0,3.0,0.5,0.1,50.0,278,9240.0,106,7,0,0,113
177729,3.0,10.0,4.0,5.0,3.0,3.0,0.5,0.1,50.0,279,9200.0,103,8,0,0,111
177729,3.0,10.0,4.0,5.0,3.0,3.0,0.5,0.1,50.0,280,9040.0,102,7,0,0,109
177729,3.0,10.0,4.0,5.0,3.0,3.0,0.5,0.1,50.0,281,9040.0,100,8,0,0,108
177729,3.0,10.0,4.0,5.0,3.0,3.0,0.5,0.1,50.0,282,8680.0,101,8,0,0,109
177729,3.0,10.0,4.0,5.0,3.0,3.0,0.5,0.1,50.0,283,8640.0,102,9,0,0,111
177729,3.0,10.0,4.0,5.0,3.0,3.0,0.5,0.1,50.0,284,8360.0,102,9,0,0,111
177729,3.0,10.0,4.0,5.0,3.0,3.0,0.5,0.1,50.0,285,8360.0,104,10,0,0,114
177729,3.0,10.0,4.0,5.0,3.0,3.0,0.5,0.1,50.0,286,8440.0,105,12,0,0,117
177729,3.0,10.0,4.0,5.0,3.0,3.0,0.5,0.1,50.0,287,8720.0,111,12,0,0,123
177729,3.0,10.0,4.0,5.0,3.0,3.0,0.5,0.1,50.0,288,9120.0,110,13,0,0,123
177729,3.0,10.0,4.0,5.0,3.0,3.0,0.5,0.1,50.0,289,9080.0,107,12,0,0,119
177729,3.0,10.0,4.0,5.0,3.0,3.0,0.5,0.1,50.0,290,9120.0,107,11,0,0,118
177729,3.0,10.0,4.0,5.0,3.0,3.0,0.5,0.1,50.0,291,9120.0,103,11,0,0,114
177729,3.0,10.0,4.0,5.0,3.0,3.0,0.5,0.1,50.0,292,8840.0,105,10,0,0,115
177729,3.0,10.0,4.0,5.0,3.0,3.0,0.5,0.1,50.0,293,8680.0,107,9,0,0,116
177729,3.0,10.0,4.0,5.0,3.0,3.0,0.5,0.1,50.0,294,8800.0,109,9,0,0,118
177729,3.0,10.0,4.0,5.0,3.0,3.0,0.5,0.1,50.0,295,8880.0,109,9,0,0,118
177729,3.0,10.0,4.0,5.0,3.0,3.0,0.5,0.1,50.0,296,9000.0,111,9,0,0,120
177729,3.0,10.0,4.0,5.0,3.0,3.0,0.5,0.1,50.0,297,9160.0,107,9,0,0,116
177729,3.0,10.0,4.0,5.0,3.0,3.0,0.5,0.1,50.0,298,8920.0,109,7,0,0,116
177729,3.0,10.0,4.0,5.0,3.0,3.0,0.5,0.1,50.0,299,8760.0,110,6,0,0,116
177729,3.0,10.0,4.0,5.0,3.0,3.0,0.5,0.1,50.0,300,8640.0,115,5,0,0,120
177729,3.0,10.0,4.0,5.0,3.0,3.0,0.5,0.1,50.0,301,8760.0,116,4,0,0,120
177729,3.0,10.0,4.0,5.0,3.0,3.0,0.5,0.1,50.0,302,9240.0,114,3,0,0,117
177729,3.0,10.0,4.0,5.0,3.0,3.0,0.5,0.1,50.0,303,8760.0,114,3,0,0,117
177729,3.0,10.0,4.0,5.0,3.0,3.0,0.5,0.1,50.0,304,8920.0,112,3,0,0,115
177729,3.0,10.0,4.0,5.0,3.0,3.0,0.5,0.1,50.0,305,8880.0,112,3,0,0,115
177729,3.0,10.0,4.0,5.0,3.0,3.0,0.5,0.1,50.0,306,8800.0,113,4,0,0,117
177729,3.0,10.0,4.0,5.0,3.0,3.0,0.5,0.1,50.0,307,8760.0,115,4,0,0,119
177729,3.0,10.0,4.0,5.0,3.0,3.0,0.5,0.1,50.0,308,8960.0,113,4,0,0,117
177729,3.0,10.0,4.0,5.0,3.0,3.0,0.5,0.1,50.0,309,8800.0,113,4,0,0,117
177729,3.0,10.0,4.0,5.0,3.0,3.0,0.5,0.1,50.0,310,8720.0,116,4,0,0,120
177729,3.0,10.0,4.0,5.0,3.0,3.0,0.5,0.1,50.0,311,9000.0,114,3,0,0,117
177729,3.0,10.0,4.0,5.0,3.0,3.0,0.5,0.1,50.0,312,8920.0,116,4,0,0,120
177729,3.0,10.0,4.0,5.0,3.0,3.0,0.5,0.1,50.0,313,9040.0,116,4,0,0,120
177729,3.0,10.0,4.0,5.0,3.0,3.0,0.5,0.1,50.0,314,8800.0,116,4,0,0,120
177729,3.0,10.0,4.0,5.0,3.0,3.0,0.5,0.1,50.0,315,8720.0,116,4,0,0,120
177729,3.0,10.0,4.0,5.0,3.0,3.0,0.5,0.1,50.0,316,8880.0,116,4,0,0,120
177729,3.0,10.0,4.0,5.0,3.0,3.0,0.5,0.1,50.0,317,8800.0,113,4,0,0,117
177729,3.0,10.0,4.0,5.0,3.0,3.0,0.5,0.1,50.0,318,9200.0,111,4,0,0,115
177729,3.0,10.0,4.0,5.0,3.0,3.0,0.5,0.1,50.0,319,9240.0,108,4,0,0,112
177729,3.0,10.0,4.0,5.0,3.0,3.0,0.5,0.1,50.0,320,9120.0,106,4,0,0,110
177729,3.0,10.0,4.0,5.0,3.0,3.0,0.5,0.1,50.0,321,9080.0,106,3,0,0,109
177729,3.0,10.0,4.0,5.0,3.0,3.0,0.5,0.1,50.0,322,8880.0,103,2,0,0,105
177729,3.0,10.0,4.0,5.0,3.0,3.0,0.5,0.1,50.0,323,8720.0,110,2,0,0,112
177729,3.0,10.0,4.0,5.0,3.0,3.0,0.5,0.1,50.0,324,8440.0,111,2,0,0,113
177729,3.0,10.0,4.0,5.0,3.0,3.0,0.5,0.1,50.0,325,8520.0,115,2,0,0,117
177729,3.0,10.0,4.0,5.0,3.0,3.0,0.5,0.1,50.0,326,8600.0,118,2,0,0,120
177729,3.0,10.0,4.0,5.0,3.0,3.0,0.5,0.1,50.0,327,8880.0,117,2,0,0,119
177729,3.0,10.0,4.0,5.0,3.0,3.0,0.5,0.1,50.0,328,8880.0,118,2,0,0,120
177729,3.0,10.0,4.0,5.0,3.0,3.0,0.5,0.1,50.0,329,8920.0,113,2,0,0,115
177729,3.0,10.0,4.0,5.0,3.0,3.0,0.5,0.1,50.0,330,8800.0,114,2,0,0,116
177729,3.0,10.0,4.0,5.0,3.0,3.0,0.5,0.1,50.0,331,8760.0,116,2,0,0,118
177729,3.0,10.0,4.0,5.0,3.0,3.0,0.5,0.1,50.0,332,8640.0,119,2,0,0,121
177729,3.0,10.0,4.0,5.0,3.0,3.0,0.5,0.1,50.0,333,8920.0,119,2,0,0,121
177729,3.0,10.0,4.0,5.0,3.0,3.0,0.5,0.1,50.0,334,9200.0,121,2,0,0,123
177729,3.0,10.0,4.0,5.0,3.0,3.0,0.5,0.1,50.0,335,9080.0,121,2,0,0,123
177729,3.0,10.0,4.0,5.0,3.0,3.0,0.5,0.1,50.0,336,9080.0,115,2,0,0,117
177729,3.0,10.0,4.0,5.0,3.0,3.0,0.5,0.1,50.0,337,9400.0,113,2,0,0,115
177729,3.0,10.0,4.0,5.0,3.0,3.0,0.5,0.1,50.0,338,9400.0,108,2,0,0,110
177729,3.0,10.0,4.0,5.0,3.0,3.0,0.5,0.1,50.0,339,9200.0,109,2,0,0,111
177729,3.0,10.0,4.0,5.0,3.0,3.0,0.5,0.1,50.0,340,9080.0,102,2,0,0,104
177729,3.0,10.0,4.0,5.0,3.0,3.0,0.5,0.1,50.0,341,9080.0,101,1,0,0,102
177729,3.0,10.0,4.0,5.0,3.0,3.0,0.5,0.1,50.0,342,8880.0,102,1,0,0,103
177729,3.0,10.0,4.0,5.0,3.0,3.0,0.5,0.1,50.0,343,8520.0,101,1,0,0,102
177729,3.0,10.0,4.0,5.0,3.0,3.0,0.5,0.1,50.0,344,8560.0,103,1,0,0,104
177729,3.0,10.0,4.0,5.0,3.0,3.0,0.5,0.1,50.0,345,8480.0,103,1,0,0,104
177729,3.0,10.0,4.0,5.0,3.0,3.0,0.5,0.1,50.0,346,8120.0,110,0,0,0,110
177729,3.0,10.0,4.0,5.0,3.0,3.0,0.5,0.1,50.0,347,8240.0,117,0,0,0,117
177729,3.0,10.0,4.0,5.0,3.0,3.0,0.5,0.1,50.0,348,8600.0,117,0,0,0,117
177729,3.0,10.0,4.0,5.0,3.0,3.0,0.5,0.1,50.0,349,8720.0,119,0,0,0,119
177729,3.0,10.0,4.0,5.0,3.0,3.0,0.5,0.1,50.0,350,9040.0,123,0,0,0,123
177729,3.0,10.0,4.0,5.0,3.0,3.0,0.5,0.1,50.0,351,9080.0,121,0,0,0,121
177729,3.0,10.0,4.0,5.0,3.0,3.0,0.5,0.1,50.0,352,9080.0,122,0,0,0,122
177729,3.0,10.0,4.0,5.0,3.0,3.0,0.5,0.1,50.0,353,8960.0,118,0,0,0,118
177729,3.0,10.0,4.0,5.0,3.0,3.0,0.5,0.1,50.0,354,9120.0,121,0,0,0,121
177729,3.0,10.0,4.0,5.0,3.0,3.0,0.5,0.1,50.0,355,8960.0,124,0,0,0,124
177729,3.0,10.0,4.0,5.0,3.0,3.0,0.5,0.1,50.0,356,9080.0,124,0,0,0,124
177729,3.0,10.0,4.0,5.0,3.0,3.0,0.5,0.1,50.0,357,9040.0,121,0,0,0,121
177729,3.0,10.0,4.0,5.0,3.0,3.0,0.5,0.1,50.0,358,9360.0,117,0,0,0,117
177729,3.0,10.0,4.0,5.0,3.0,3.0,0.5,0.1,50.0,359,9160.0,116,0,0,0,116
177729,3.0,10.0,4.0,5.0,3.0,3.0,0.5,0.1,50.0,360,9120.0,113,0,0,0,113
177729,3.0,10.0,4.0,5.0,3.0,3.0,0.5,0.1,50.0,361,8920.0,111,0,0,0,111
177729,3.0,10.0,4.0,5.0,3.0,3.0,0.5,0.1,50.0,362,9000.0,110,0,0,0,110
177729,3.0,10.0,4.0,5.0,3.0,3.0,0.5,0.1,50.0,363,8680.0,114,0,0,0,114
177729,3.0,10.0,4.0,5.0,3.0,3.0,0.5,0.1,50.0,364,8480.0,115,0,0,0,115
177729,3.0,10.0,4.0,5.0,3.0,3.0,0.5,0.1,50.0,365,8400.0,114,0,0,0,114
177729,3.0,10.0,4.0,5.0,3.0,3.0,0.5,0.1,50.0,366,8440.0,115,0,0,0,115
177729,3.0,10.0,4.0,5.0,3.0,3.0,0.5,0.1,50.0,367,8520.0,114,0,0,0,114
177729,3.0,10.0,4.0,5.0,3.0,3.0,0.5,0.1,50.0,368,8520.0,118,0,0,0,118
177729,3.0,10.0,4.0,5.0,3.0,3.0,0.5,0.1,50.0,369,8600.0,121,0,0,0,121
177729,3.0,10.0,4.0,5.0,3.0,3.0,0.5,0.1,50.0,370,9120.0,120,0,0,0,120
177729,3.0,10.0,4.0,5.0,3.0,3.0,0.5,0.1,50.0,371,9160.0,116,0,0,0,116
177729,3.0,10.0,4.0,5.0,3.0,3.0,0.5,0.1,50.0,372,9040.0,113,0,0,0,113
177729,3.0,10.0,4.0,5.0,3.0,3.0,0.5,0.1,50.0,373,8800.0,119,0,0,0,119
177729,3.0,10.0,4.0,5.0,3.0,3.0,0.5,0.1,50.0,374,8880.0,115,0,0,0,115
177729,3.0,10.0,4.0,5.0,3.0,3.0,0.5,0.1,50.0,375,8720.0,116,0,0,0,116
177729,3.0,10.0,4.0,5.0,3.0,3.0,0.5,0.1,50.0,376,8960.0,120,0,0,0,120
177729,3.0,10.0,4.0,5.0,3.0,3.0,0.5,0.1,50.0,377,9040.0,122,0,0,0,122
177729,3.0,10.0,4.0,5.0,3.0,3.0,0.5,0.1,50.0,378,9200.0,120,0,0,0,120
177729,3.0,10.0,4.0,5.0,3.0,3.0,0.5,0.1,50.0,379,9320.0,120,0,0,0,120
177729,3.0,10.0,4.0,5.0,3.0,3.0,0.5,0.1,50.0,380,9200.0,119,0,0,0,119
177729,3.0,10.0,4.0,5.0,3.0,3.0,0.5,0.1,50.0,381,9080.0,116,0,0,0,116
177729,3.0,10.0,4.0,5.0,3.0,3.0,0.5,0.1,50.0,382,8960.0,111,0,0,0,111
177729,3.0,10.0,4.0,5.0,3.0,3.0,0.5,0.1,50.0,383,8960.0,112,0,0,0,112
177729,3.0,10.0,4.0,5.0,3.0,3.0,0.5,0.1,50.0,384,8920.0,112,0,0,0,112
177729,3.0,10.0,4.0,5.0,3.0,3.0,0.5,0.1,50.0,385,8920.0,106,0,0,0,106
177729,3.0,10.0,4.0,5.0,3.0,3.0,0.5,0.1,50.0,386,8800.0,108,0,0,0,108
177729,3.0,10.0,4.0,5.0,3.0,3.0,0.5,0.1,50.0,387,8760.0,109,0,0,0,109
177729,3.0,10.0,4.0,5.0,3.0,3.0,0.5,0.1,50.0,388,8520.0,108,0,0,0,108
177729,3.0,10.0,4.0,5.0,3.0,3.0,0.5,0.1,50.0,389,8240.0,115,0,0,0,115
177729,3.0,10.0,4.0,5.0,3.0,3.0,0.5,0.1,50.0,390,8480.0,120,0,0,0,120
177729,3.0,10.0,4.0,5.0,3.0,3.0,0.5,0.1,50.0,391,8640.0,123,0,0,0,123
177729,3.0,10.0,4.0,5.0,3.0,3.0,0.5,0.1,50.0,392,8960.0,122,0,0,0,122
177729,3.0,10.0,4.0,5.0,3.0,3.0,0.5,0.1,50.0,393,8920.0,124,0,0,0,124
177729,3.0,10.0,4.0,5.0,3.0,3.0,0.5,0.1,50.0,394,9160.0,120,0,0,0,120
177729,3.0,10.0,4.0,5.0,3.0,3.0,0.5,0.1,50.0,395,9120.0,120,0,0,0,120
177729,3.0,10.0,4.0,5.0,3.0,3.0,0.5,0.1,50.0,396,9200.0,121,0,0,0,121
177729,3.0,10.0,4.0,5.0,3.0,3.0,0.5,0.1,50.0,397,9200.0,114,0,0,0,114
177729,3.0,10.0,4.0,5.0,3.0,3.0,0.5,0.1,50.0,398,9160.0,112,0,0,0,112
177729,3.0,10.0,4.0,5.0,3.0,3.0,0.5,0.1,50.0,399,9280.0,108,0,0,0,108
177729,3.0,10.0,4.0,5.0,3.0,3.0,0.5,0.1,50.0,400,9320.0,106,0,0,0,106
177729,3.0,10.0,4.0,5.0,3.0,3.0,0.5,0.1,50.0,401,9320.0,100,0,0,0,100
177729,3.0,10.0,4.0,5.0,3.0,3.0,0.5,0.1,50.0,402,9280.0,102,0,0,0,102
177729,3.0,10.0,4.0,5.0,3.0,3.0,0.5,0.1,50.0,403,8680.0,102,0,0,0,102
177729,3.0,10.0,4.0,5.0,3.0,3.0,0.5,0.1,50.0,404,8480.0,101,0,0,0,101
177729,3.0,10.0,4.0,5.0,3.0,3.0,0.5,0.1,50.0,405,8440.0,100,0,0,0,100
177729,3.0,10.0,4.0,5.0,3.0,3.0,0.5,0.1,50.0,406,8120.0,106,0,0,0,106
177729,3.0,10.0,4.0,5.0,3.0,3.0,0.5,0.1,50.0,407,8000.0,113,0,0,0,113
177729,3.0,10.0,4.0,5.0,3.0,3.0,0.5,0.1,50.0,408,8200.0,120,0,0,0,120
177729,3.0,10.0,4.0,5.0,3.0,3.0,0.5,0.1,50.0,409,8680.0,121,0,0,0,121
177729,3.0,10.0,4.0,5.0,3.0,3.0,0.5,0.1,50.0,410,8800.0,124,0,0,0,124
177729,3.0,10.0,4.0,5.0,3.0,3.0,0.5,0.1,50.0,411,8800.0,125,0,0,0,125
177729,3.0,10.0,4.0,5.0,3.0,3.0,0.5,0.1,50.0,412,9240.0,126,0,0,0,126
177729,3.0,10.0,4.0,5.0,3.0,3.0,0.5,0.1,50.0,413,9360.0,128,0,0,0,128
177729,3.0,10.0,4.0,5.0,3.0,3.0,0.5,0.1,50.0,414,9320.0,121,0,0,0,121
177729,3.0,10.0,4.0,5.0,3.0,3.0,0.5,0.1,50.0,415,9160.0,118,0,0,0,118
177729,3.0,10.0,4.0,5.0,3.0,3.0,0.5,0.1,50.0,416,9320.0,118,0,0,0,118
177729,3.0,10.0,4.0,5.0,3.0,3.0,0.5,0.1,50.0,417,9560.0,117,0,0,0,117
177729,3.0,10.0,4.0,5.0,3.0,3.0,0.5,0.1,50.0,418,9280.0,112,0,0,0,112
177729,3.0,10.0,4.0,5.0,3.0,3.0,0.5,0.1,50.0,419,9360.0,110,0,0,0,110
177729,3.0,10.0,4.0,5.0,3.0,3.0,0.5,0.1,50.0,420,9320.0,104,0,0,0,104
177729,3.0,10.0,4.0,5.0,3.0,3.0,0.5,0.1,50.0,421,9160.0,97,0,0,0,97
177729,3.0,10.0,4.0,5.0,3.0,3.0,0.5,0.1,50.0,422,9120.0,95,0,0,0,95
177729,3.0,10.0,4.0,5.0,3.0,3.0,0.5,0.1,50.0,423,8920.0,97,0,0,0,97
177729,3.0,10.0,4.0,5.0,3.0,3.0,0.5,0.1,50.0,424,8840.0,92,0,0,0,92
177729,3.0,10.0,4.0,5.0,3.0,3.0,0.5,0.1,50.0,425,8680.0,90,0,0,0,90
177729,3.0,10.0,4.0,5.0,3.0,3.0,0.5,0.1,50.0,426,8360.0,94,0,0,0,94
177729,3.0,10.0,4.0,5.0,3.0,3.0,0.5,0.1,50.0,427,8200.0,99,0,0,0,99
177729,3.0,10.0,4.0,5.0,3.0,3.0,0.5,0.1,50.0,428,8040.0,106,0,0,0,106
177729,3.0,10.0,4.0,5.0,3.0,3.0,0.5,0.1,50.0,429,7720.0,115,0,0,0,115
177729,3.0,10.0,4.0,5.0,3.0,3.0,0.5,0.1,50.0,430,7850.0,123,0,0,0,123
177729,3.0,10.0,4.0,5.0,3.0,3.0,0.5,0.1,50.0,431,8292.5,127,0,0,0,127
177729,3.0,10.0,4.0,5.0,3.0,3.0,0.5,0.1,50.0,432,8960.0,127,0,0,0,127
177729,3.0,10.0,4.0,5.0,3.0,3.0,0.5,0.1,50.0,433,9400.0,126,0,0,0,126
177729,3.0,10.0,4.0,5.0,3.0,3.0,0.5,0.1,50.0,434,9600.0,126,0,0,0,126
177729,3.0,10.0,4.0,5.0,3.0,3.0,0.5,0.1,50.0,435,9600.0,125,0,0,0,125
177729,3.0,10.0,4.0,5.0,3.0,3.0,0.5,0.1,50.0,436,9560.0,122,0,0,0,122
177729,3.0,10.0,4.0,5.0,3.0,3.0,0.5,0.1,50.0,437,9320.0,123,0,0,0,123
177729,3.0,10.0,4.0,5.0,3.0,3.0,0.5,0.1,50.0,438,9240.0,122,0,0,0,122
177729,3.0,10.0,4.0,5.0,3.0,3.0,0.5,0.1,50.0,439,9120.0,117,0,0,0,117
177729,3.0,10.0,4.0,5.0,3.0,3.0,0.5,0.1,50.0,440,9160.0,113,0,0,0,113
177729,3.0,10.0,4.0,5.0,3.0,3.0,0.5,0.1,50.0,441,9560.0,106,0,0,0,106
177729,3.0,10.0,4.0,5.0,3.0,3.0,0.5,0.1,50.0,442,9360.0,105,0,0,0,105
177729,3.0,10.0,4.0,5.0,3.0,3.0,0.5,0.1,50.0,443,9160.0,102,0,0,0,102
177729,3.0,10.0,4.0,5.0,3.0,3.0,0.5,0.1,50.0,444,8960.0,99,0,0,0,99
177729,3.0,10.0,4.0,5.0,3.0,3.0,0.5,0.1,50.0,445,8960.0,95,0,0,0,95
177729,3.0,10.0,4.0,5.0,3.0,3.0,0.5,0.1,50.0,446,8640.0,94,0,0,0,94
177729,3.0,10.0,4.0,5.0,3.0,3.0,0.5,0.1,50.0,447,8680.0,91,0,0,0,91
177729,3.0,10.0,4.0,5.0,3.0,3.0,0.5,0.1,50.0,448,8640.0,93,0,0,0,93
177729,3.0,10.0,4.0,5.0,3.0,3.0,0.5,0.1,50.0,449,8640.0,97,0,0,0,97
177729,3.0,10.0,4.0,5.0,3.0,3.0,0.5,0.1,50.0,450,8320.0,101,0,0,0,101
177729,3.0,10.0,4.0,5.0,3.0,3.0,0.5,0.1,50.0,451,7840.0,108,0,0,0,108
177729,3.0,10.0,4.0,5.0,3.0,3.0,0.5,0.1,50.0,452,8040.0,116,0,0,0,116
177729,3.0,10.0,4.0,5.0,3.0,3.0,0.5,0.1,50.0,453,8480.0,119,0,0,0,119
177729,3.0,10.0,4.0,5.0,3.0,3.0,0.5,0.1,50.0,454,8480.0,127,0,0,0,127
177729,3.0,10.0,4.0,5.0,3.0,3.0,0.5,0.1,50.0,455,9000.0,128,0,0,0,128
177729,3.0,10.0,4.0,5.0,3.0,3.0,0.5,0.1,50.0,456,9200.0,126,0,0,0,126
177729,3.0,10.0,4.0,5.0,3.0,3.0,0.5,0.1,50.0,457,9640.0,124,0,0,0,124
177729,3.0,10.0,4.0,5.0,3.0,3.0,0.5,0.1,50.0,458,9320.0,123,0,0,0,123
177729,3.0,10.0,4.0,5.0,3.0,3.0,0.5,0.1,50.0,459,9480.0,121,0,0,0,121
177729,3.0,10.0,4.0,5.0,3.0,3.0,0.5,0.1,50.0,460,9080.0,119,0,0,0,119
177729,3.0,10.0,4.0,5.0,3.0,3.0,0.5,0.1,50.0,461,9280.0,119,0,0,0,119
177729,3.0,10.0,4.0,5.0,3.0,3.0,0.5,0.1,50.0,462,9000.0,117,0,0,0,117
177729,3.0,10.0,4.0,5.0,3.0,3.0,0.5,0.1,50.0,463,9160.0,111,0,0,0,111
177729,3.0,10.0,4.0,5.0,3.0,3.0,0.5,0.1,50.0,464,9200.0,109,0,0,0,109
177729,3.0,10.0,4.0,5.0,3.0,3.0,0.5,0.1,50.0,465,9320.0,106,0,0,0,106
177729,3.0,10.0,4.0,5.0,3.0,3.0,0.5,0.1,50.0,466,9320.0,95,0,0,0,95
177729,3.0,10.0,4.0,5.0,3.0,3.0,0.5,0.1,50.0,467,9240.0,89,0,0,0,89
177729,3.0,10.0,4.0,5.0,3.0,3.0,0.5,0.1,50.0,468,9040.0,91,0,0,0,91
177729,3.0,10.0,4.0,5.0,3.0,3.0,0.5,0.1,50.0,469,8840.0,91,0,0,0,91
177729,3.0,10.0,4.0,5.0,3.0,3.0,0.5,0.1,50.0,470,8680.0,91,0,0,0,91
177729,3.0,10.0,4.0,5.0,3.0,3.0,0.5,0.1,50.0,471,8400.0,95,0,0,0,95
177729,3.0,10.0,4.0,5.0,3.0,3.0,0.5,0.1,50.0,472,8040.0,101,0,0,0,101
177729,3.0,10.0,4.0,5.0,3.0,3.0,0.5,0.1,50.0,473,7680.0,108,0,0,0,108
177729,3.0,10.0,4.0,5.0,3.0,3.0,0.5,0.1,50.0,474,8120.0,115,0,0,0,115
177729,3.0,10.0,4.0,5.0,3.0,3.0,0.5,0.1,50.0,475,8720.0,121,0,0,0,121
177729,3.0,10.0,4.0,5.0,3.0,3.0,0.5,0.1,50.0,476,9080.0,121,0,0,0,121
177729,3.0,10.0,4.0,5.0,3.0,3.0,0.5,0.1,50.0,477,9280.0,119,0,0,0,119
177729,3.0,10.0,4.0,5.0,3.0,3.0,0.5,0.1,50.0,478,9080.0,120,0,0,0,120
177729,3.0,10.0,4.0,5.0,3.0,3.0,0.5,0.1,50.0,479,9200.0,119,0,0,0,119
177729,3.0,10.0,4.0,5.0,3.0,3.0,0.5,0.1,50.0,480,9000.0,119,0,0,0,119
177729,3.0,10.0,4.0,5.0,3.0,3.0,0.5,0.1,50.0,481,9240.0,120,0,0,0,120
177729,3.0,10.0,4.0,5.0,3.0,3.0,0.5,0.1,50.0,482,8960.0,122,0,0,0,122
177729,3.0,10.0,4.0,5.0,3.0,3.0,0.5,0.1,50.0,483,9320.0,116,0,0,0,116
177729,3.0,10.0,4.0,5.0,3.0,3.0,0.5,0.1,50.0,484,9320.0,108,0,0,0,108
177729,3.0,10.0,4.0,5.0,3.0,3.0,0.5,0.1,50.0,485,9160.0,103,0,0,0,103
177729,3.0,10.0,4.0,5.0,3.0,3.0,0.5,0.1,50.0,486,9000.0,101,0,0,0,101
177729,3.0,10.0,4.0,5.0,3.0,3.0,0.5,0.1,50.0,487,8800.0,101,0,0,0,101
177729,3.0,10.0,4.0,5.0,3.0,3.0,0.5,0.1,50.0,488,8520.0,107,0,0,0,107
177729,3.0,10.0,4.0,5.0,3.0,3.0,0.5,0.1,50.0,489,8160.0,109,0,0,0,109
177729,3.0,10.0,4.0,5.0,3.0,3.0,0.5,0.1,50.0,490,8080.0,117,0,0,0,117
177729,3.0,10.0,4.0,5.0,3.0,3.0,0.5,0.1,50.0,491,8240.0,120,0,0,0,120
177729,3.0,10.0,4.0,5.0,3.0,3.0,0.5,0.1,50.0,492,8720.0,119,0,0,0,119
177729,3.0,10.0,4.0,5.0,3.0,3.0,0.5,0.1,50.0,493,8840.0,123,0,0,0,123
177729,3.0,10.0,4.0,5.0,3.0,3.0,0.5,0.1,50.0,494,9120.0,126,0,0,0,126
177729,3.0,10.0,4.0,5.0,3.0,3.0,0.5,0.1,50.0,495,9360.0,124,0,0,0,124
177729,3.0,10.0,4.0,5.0,3.0,3.0,0.5,0.1,50.0,496,9320.0,123,0,0,0,123
177729,3.0,10.0,4.0,5.0,3.0,3.0,0.5,0.1,50.0,497,9280.0,120,0,0,0,120
177729,3.0,10.0,4.0,5.0,3.0,3.0,0.5,0.1,50.0,498,9200.0,118,0,0,0,118
177729,3.0,10.0,4.0,5.0,3.0,3.0,0.5,0.1,50.0,499,9360.0,118,0,0,0,118