Exp Num,agent:svo_convergence_factor,agent:params:metabolism,agent:params:consumption_factor,agent:params:procreate_cost_factor,agent:params:procreate_req_factor,agent:params:start_energy_factor,agent:params:caught_chance,agent:params:caught_cooldown_factor,agent:params:maximum_age,Epoch,Resource,A,B,C,D,E
135065,3.0,5.0,1.0,1.0,1.0,1.0,0.30000000000000004,0.4,10.0,0,4500.0,25,27,27,44,106
135065,3.0,5.0,1.0,1.0,1.0,1.0,0.30000000000000004,0.4,10.0,1,5160.0,18,15,25,33,76
135065,3.0,5.0,1.0,1.0,1.0,1.0,0.30000000000000004,0.4,10.0,2,6055.0,15,14,24,32,70
135065,3.0,5.0,1.0,1.0,1.0,1.0,0.30000000000000004,0.4,10.0,3,7178.75,14,18,27,31,74
135065,3.0,5.0,1.0,1.0,1.0,1.0,0.30000000000000004,0.4,10.0,4,8593.4375,10,20,31,28,71
135065,3.0,5.0,1.0,1.0,1.0,1.0,0.30000000000000004,0.4,10.0,5,9630.0,8,20,35,24,73
135065,3.0,5.0,1.0,1.0,1.0,1.0,0.30000000000000004,0.4,10.0,6,9615.0,5,22,39,28,76
135065,3.0,5.0,1.0,1.0,1.0,1.0,0.30000000000000004,0.4,10.0,7,9620.0,2,19,46,22,76
135065,3.0,5.0,1.0,1.0,1.0,1.0,0.30000000000000004,0.4,10.0,8,9640.0,3,20,43,23,72
135065,3.0,5.0,1.0,1.0,1.0,1.0,0.30000000000000004,0.4,10.0,9,9640.0,1,21,47,22,74
135065,3.0,5.0,1.0,1.0,1.0,1.0,0.30000000000000004,0.4,10.0,10,9640.0,1,18,49,22,74
135065,3.0,5.0,1.0,1.0,1.0,1.0,0.30000000000000004,0.4,10.0,11,9620.0,1,15,58,24,80
135065,3.0,5.0,1.0,1.0,1.0,1.0,0.30000000000000004,0.4,10.0,12,9640.0,0,13,54,20,70
135065,3.0,5.0,1.0,1.0,1.0,1.0,0.30000000000000004,0.4,10.0,13,9640.0,0,14,59,22,77
135065,3.0,5.0,1.0,1.0,1.0,1.0,0.30000000000000004,0.4,10.0,14,9640.0,0,10,58,22,72
135065,3.0,5.0,1.0,1.0,1.0,1.0,0.30000000000000004,0.4,10.0,15,9620.0,0,12,64,25,80
135065,3.0,5.0,1.0,1.0,1.0,1.0,0.30000000000000004,0.4,10.0,16,9615.0,0,10,63,24,77
135065,3.0,5.0,1.0,1.0,1.0,1.0,0.30000000000000004,0.4,10.0,17,9635.0,0,10,62,22,72
135065,3.0,5.0,1.0,1.0,1.0,1.0,0.30000000000000004,0.4,10.0,18,9645.0,0,9,65,21,74
135065,3.0,5.0,1.0,1.0,1.0,1.0,0.30000000000000004,0.4,10.0,19,9645.0,0,6,70,17,77
135065,3.0,5.0,1.0,1.0,1.0,1.0,0.30000000000000004,0.4,10.0,20,9620.0,0,5,77,19,84
135065,3.0,5.0,1.0,1.0,1.0,1.0,0.30000000000000004,0.4,10.0,21,9635.0,0,7,68,17,77
135065,3.0,5.0,1.0,1.0,1.0,1.0,0.30000000000000004,0.4,10.0,22,9650.0,0,7,69,14,77
135065,3.0,5.0,1.0,1.0,1.0,1.0,0.30000000000000004,0.4,10.0,23,9630.0,0,8,80,12,89
135065,3.0,5.0,1.0,1.0,1.0,1.0,0.30000000000000004,0.4,10.0,24,9610.0,0,8,85,10,94
135065,3.0,5.0,1.0,1.0,1.0,1.0,0.30000000000000004,0.4,10.0,25,9615.0,1,6,82,10,90
135065,3.0,5.0,1.0,1.0,1.0,1.0,0.30000000000000004,0.4,10.0,26,9630.0,1,4,84,9,89
135065,3.0,5.0,1.0,1.0,1.0,1.0,0.30000000000000004,0.4,10.0,27,9615.0,1,5,90,9,96
135065,3.0,5.0,1.0,1.0,1.0,1.0,0.30000000000000004,0.4,10.0,28,9610.0,2,7,87,7,96
135065,3.0,5.0,1.0,1.0,1.0,1.0,0.30000000000000004,0.4,10.0,29,9625.0,3,4,86,4,93
135065,3.0,5.0,1.0,1.0,1.0,1.0,0.30000000000000004,0.4,10.0,30,9625.0,3,4,90,3,97
135065,3.0,5.0,1.0,1.0,1.0,1.0,0.30000000000000004,0.4,10.0,31,9620.0,3,2,93,4,98
135065,3.0,5.0,1.0,1.0,1.0,1.0,0.30000000000000004,0.4,10.0,32,9625.0,4,3,86,4,93
135065,3.0,5.0,1.0,1.0,1.0,1.0,0.30000000000000004,0.4,10.0,33,9625.0,3,5,89,4,97
135065,3.0,5.0,1.0,1.0,1.0,1.0,0.30000000000000004,0.4,10.0,34,9630.0,1,5,87,4,93
135065,3.0,5.0,1.0,1.0,1.0,1.0,0.30000000000000004,0.4,10.0,35,9630.0,1,8,86,4,95
135065,3.0,5.0,1.0,1.0,1.0,1.0,0.30000000000000004,0.4,10.0,36,9630.0,0,7,88,3,95
135065,3.0,5.0,1.0,1.0,1.0,1.0,0.30000000000000004,0.4,10.0,37,9635.0,0,4,89,4,93
135065,3.0,5.0,1.0,1.0,1.0,1.0,0.30000000000000004,0.4,10.0,38,9640.0,0,2,89,4,91
135065,3.0,5.0,1.0,1.0,1.0,1.0,0.30000000000000004,0.4,10.0,39,9615.0,0,1,102,3,103
135065,3.0,5.0,1.0,1.0,1.0,1.0,0.30000000000000004,0.4,10.0,40,9610.0,0,0,101,2,101
135065,3.0,5.0,1.0,1.0,1.0,1.0,0.30000000000000004,0.4,10.0,41,9615.0,0,1,100,1,101
135065,3.0,5.0,1.0,1.0,1.0,1.0,0.30000000000000004,0.4,10.0,42,9625.0,0,1,97,1,98
135065,3.0,5.0,1.0,1.0,1.0,1.0,0.30000000000000004,0.4,10.0,43,9605.0,0,1,106,1,107
135065,3.0,5.0,1.0,1.0,1.0,1.0,0.30000000000000004,0.4,10.0,44,9620.0,0,1,97,0,98
135065,3.0,5.0,1.0,1.0,1.0,1.0,0.30000000000000004,0.4,10.0,45,9620.0,0,1,100,0,101
135065,3.0,5.0,1.0,1.0,1.0,1.0,0.30000000000000004,0.4,10.0,46,9635.0,0,0,95,0,95
135065,3.0,5.0,1.0,1.0,1.0,1.0,0.30000000000000004,0.4,10.0,47,9630.0,0,0,100,0,100
135065,3.0,5.0,1.0,1.0,1.0,1.0,0.30000000000000004,0.4,10.0,48,9630.0,0,0,96,0,96
135065,3.0,5.0,1.0,1.0,1.0,1.0,0.30000000000000004,0.4,10.0,49,9630.0,0,0,100,0,100
135065,3.0,5.0,1.0,1.0,1.0,1.0,0.30000000000000004,0.4,10.0,50,9620.0,0,0,102,0,102
135065,3.0,5.0,1.0,1.0,1.0,1.0,0.30000000000000004,0.4,10.0,51,9625.0,0,0,97,0,97
135065,3.0,5.0,1.0,1.0,1.0,1.0,0.30000000000000004,0.4,10.0,52,9625.0,0,0,100,0,100
135065,3.0,5.0,1.0,1.0,1.0,1.0,0.30000000000000004,0.4,10.0,53,9625.0,0,0,100,0,100
135065,3.0,5.0,1.0,1.0,1.0,1.0,0.30000000000000004,0.4,10.0,54,9625.0,0,0,99,1,99
135065,3.0,5.0,1.0,1.0,1.0,1.0,0.30000000000000004,0.4,10.0,55,9635.0,0,0,94,2,94
135065,3.0,5.0,1.0,1.0,1.0,1.0,0.30000000000000004,0.4,10.0,56,9620.0,0,0,101,3,101
135065,3.0,5.0,1.0,1.0,1.0,1.0,0.30000000000000004,0.4,10.0,57,9620.0,0,0,95,5,95
135065,3.0,5.0,1.0,1.0,1.0,1.0,0.30000000000000004,0.4,10.0,58,9620.0,0,0,97,5,97
135065,3.0,5.0,1.0,1.0,1.0,1.0,0.30000000000000004,0.4,10.0,59,9610.0,0,0,96,9,96
135065,3.0,5.0,1.0,1.0,1.0,1.0,0.30000000000000004,0.4,10.0,60,9610.0,0,0,94,9,94
135065,3.0,5.0,1.0,1.0,1.0,1.0,0.30000000000000004,0.4,10.0,61,9625.0,0,0,89,9,89
135065,3.0,5.0,1.0,1.0,1.0,1.0,0.30000000000000004,0.4,10.0,62,9630.0,0,0,90,9,90
135065,3.0,5.0,1.0,1.0,1.0,1.0,0.30000000000000004,0.4,10.0,63,9625.0,0,0,88,12,88
135065,3.0,5.0,1.0,1.0,1.0,1.0,0.30000000000000004,0.4,10.0,64,9635.0,0,0,86,10,86
135065,3.0,5.0,1.0,1.0,1.0,1.0,0.30000000000000004,0.4,10.0,65,9640.0,0,0,89,7,89
135065,3.0,5.0,1.0,1.0,1.0,1.0,0.30000000000000004,0.4,10.0,66,9640.0,0,0,89,5,89
135065,3.0,5.0,1.0,1.0,1.0,1.0,0.30000000000000004,0.4,10.0,67,9620.0,0,0,98,5,98
135065,3.0,5.0,1.0,1.0,1.0,1.0,0.30000000000000004,0.4,10.0,68,9610.0,0,0,103,1,103
135065,3.0,5.0,1.0,1.0,1.0,1.0,0.30000000000000004,0.4,10.0,69,9615.0,0,0,100,2,100
135065,3.0,5.0,1.0,1.0,1.0,1.0,0.30000000000000004,0.4,10.0,70,9615.0,0,0,99,4,99
135065,3.0,5.0,1.0,1.0,1.0,1.0,0.30000000000000004,0.4,10.0,71,9620.0,0,0,92,7,92
135065,3.0,5.0,1.0,1.0,1.0,1.0,0.30000000000000004,0.4,10.0,72,9630.0,0,0,92,6,92
135065,3.0,5.0,1.0,1.0,1.0,1.0,0.30000000000000004,0.4,10.0,73,9635.0,0,0,92,5,92
135065,3.0,5.0,1.0,1.0,1.0,1.0,0.30000000000000004,0.4,10.0,74,9635.0,0,0,93,4,93
135065,3.0,5.0,1.0,1.0,1.0,1.0,0.30000000000000004,0.4,10.0,75,9645.0,0,0,89,4,89
135065,3.0,5.0,1.0,1.0,1.0,1.0,0.30000000000000004,0.4,10.0,76,9650.0,0,0,89,4,89
135065,3.0,5.0,1.0,1.0,1.0,1.0,0.30000000000000004,0.4,10.0,77,9650.0,0,0,89,4,89
135065,3.0,5.0,1.0,1.0,1.0,1.0,0.30000000000000004,0.4,10.0,78,9635.0,0,0,96,3,96
135065,3.0,5.0,1.0,1.0,1.0,1.0,0.30000000000000004,0.4,10.0,79,9630.0,0,0,97,1,97
135065,3.0,5.0,1.0,1.0,1.0,1.0,0.30000000000000004,0.4,10.0,80,9630.0,0,0,98,1,98
135065,3.0,5.0,1.0,1.0,1.0,1.0,0.30000000000000004,0.4,10.0,81,9615.0,0,0,103,1,103
135065,3.0,5.0,1.0,1.0,1.0,1.0,0.30000000000000004,0.4,10.0,82,9610.0,0,0,101,1,101
135065,3.0,5.0,1.0,1.0,1.0,1.0,0.30000000000000004,0.4,10.0,83,9600.0,0,0,106,1,106
135065,3.0,5.0,1.0,1.0,1.0,1.0,0.30000000000000004,0.4,10.0,84,9630.0,0,0,94,0,94
135065,3.0,5.0,1.0,1.0,1.0,1.0,0.30000000000000004,0.4,10.0,85,9645.0,0,0,95,0,95
135065,3.0,5.0,1.0,1.0,1.0,1.0,0.30000000000000004,0.4,10.0,86,9620.0,0,0,104,0,104
135065,3.0,5.0,1.0,1.0,1.0,1.0,0.30000000000000004,0.4,10.0,87,9610.0,0,0,102,0,102
135065,3.0,5.0,1.0,1.0,1.0,1.0,0.30000000000000004,0.4,10.0,88,9610.0,0,0,103,0,103
135065,3.0,5.0,1.0,1.0,1.0,1.0,0.30000000000000004,0.4,10.0,89,9635.0,0,0,94,0,94
135065,3.0,5.0,1.0,1.0,1.0,1.0,0.30000000000000004,0.4,10.0,90,9630.0,0,0,99,0,99
135065,3.0,5.0,1.0,1.0,1.0,1.0,0.30000000000000004,0.4,10.0,91,9620.0,0,0,101,0,101
135065,3.0,5.0,1.0,1.0,1.0,1.0,0.30000000000000004,0.4,10.0,92,9620.0,0,0,101,0,101
135065,3.0,5.0,1.0,1.0,1.0,1.0,0.30000000000000004,0.4,10.0,93,9630.0,0,0,97,0,97
135065,3.0,5.0,1.0,1.0,1.0,1.0,0.30000000000000004,0.4,10.0,94,9625.0,0,0,101,0,101
135065,3.0,5.0,1.0,1.0,1.0,1.0,0.30000000000000004,0.4,10.0,95,9615.0,0,0,103,0,103
135065,3.0,5.0,1.0,1.0,1.0,1.0,0.30000000000000004,0.4,10.0,96,9615.0,0,0,102,0,102
135065,3.0,5.0,1.0,1.0,1.0,1.0,0.30000000000000004,0.4,10.0,97,9615.0,0,0,101,0,101
135065,3.0,5.0,1.0,1.0,1.0,1.0,0.30000000000000004,0.4,10.0,98,9630.0,0,0,96,0,96
135065,3.0,5.0,1.0,1.0,1.0,1.0,0.30000000000000004,0.4,10.0,99,9635.0,0,0,98,0,98
135065,3.0,5.0,1.0,1.0,1.0,1.0,0.30000000000000004,0.4,10.0,100,9625.0,0,0,101,0,101
135065,3.0,5.0,1.0,1.0,1.0,1.0,0.30000000000000004,0.4,10.0,101,9625.0,0,0,99,0,99
135065,3.0,5.0,1.0,1.0,1.0,1.0,0.30000000000000004,0.4,10.0,102,9625.0,0,0,100,0,100
135065,3.0,5.0,1.0,1.0,1.0,1.0,0.30000000000000004,0.4,10.0,103,9625.0,0,0,100,0,100
135065,3.0,5.0,1.0,1.0,1.0,1.0,0.30000000000000004,0.4,10.0,104,9625.0,0,0,100,0,100
135065,3.0,5.0,1.0,1.0,1.0,1.0,0.30000000000000004,0.4,10.0,105,9635.0,0,0,96,0,96
135065,3.0,5.0,1.0,1.0,1.0,1.0,0.30000000000000004,0.4,10.0,106,9630.0,0,0,98,0,98
135065,3.0,5.0,1.0,1.0,1.0,1.0,0.30000000000000004,0.4,10.0,107,9625.0,0,0,101,0,101
135065,3.0,5.0,1.0,1.0,1.0,1.0,0.30000000000000004,0.4,10.0,108,9620.0,0,0,101,0,101
135065,3.0,5.0,1.0,1.0,1.0,1.0,0.30000000000000004,0.4,10.0,109,9620.0,0,0,100,0,100
135065,3.0,5.0,1.0,1.0,1.0,1.0,0.30000000000000004,0.4,10.0,110,9615.0,0,0,102,0,102
135065,3.0,5.0,1.0,1.0,1.0,1.0,0.30000000000000004,0.4,10.0,111,9615.0,0,0,101,0,101
135065,3.0,5.0,1.0,1.0,1.0,1.0,0.30000000000000004,0.4,10.0,112,9630.0,0,0,97,0,97
135065,3.0,5.0,1.0,1.0,1.0,1.0,0.30000000000000004,0.4,10.0,113,9640.0,0,0,95,0,95
135065,3.0,5.0,1.0,1.0,1.0,1.0,0.30000000000000004,0.4,10.0,114,9630.0,0,0,100,0,100
135065,3.0,5.0,1.0,1.0,1.0,1.0,0.30000000000000004,0.4,10.0,115,9620.0,0,0,102,0,102
135065,3.0,5.0,1.0,1.0,1.0,1.0,0.30000000000000004,0.4,10.0,116,9625.0,0,0,97,0,97
135065,3.0,5.0,1.0,1.0,1.0,1.0,0.30000000000000004,0.4,10.0,117,9630.0,0,0,98,0,98
135065,3.0,5.0,1.0,1.0,1.0,1.0,0.30000000000000004,0.4,10.0,118,9630.0,0,0,99,0,99
135065,3.0,5.0,1.0,1.0,1.0,1.0,0.30000000000000004,0.4,10.0,119,9620.0,0,0,102,0,102
135065,3.0,5.0,1.0,1.0,1.0,1.0,0.30000000000000004,0.4,10.0,120,9615.0,0,0,103,0,103
135065,3.0,5.0,1.0,1.0,1.0,1.0,0.30000000000000004,0.4,10.0,121,9625.0,0,0,98,0,98
135065,3.0,5.0,1.0,1.0,1.0,1.0,0.30000000000000004,0.4,10.0,122,9625.0,0,0,101,0,101
135065,3.0,5.0,1.0,1.0,1.0,1.0,0.30000000000000004,0.4,10.0,123,9620.0,0,0,101,0,101
135065,3.0,5.0,1.0,1.0,1.0,1.0,0.30000000000000004,0.4,10.0,124,9640.0,0,0,93,0,93
135065,3.0,5.0,1.0,1.0,1.0,1.0,0.30000000000000004,0.4,10.0,125,9645.0,0,0,95,0,95
135065,3.0,5.0,1.0,1.0,1.0,1.0,0.30000000000000004,0.4,10.0,126,9635.0,0,0,98,0,98
135065,3.0,5.0,1.0,1.0,1.0,1.0,0.30000000000000004,0.4,10.0,127,9635.0,0,0,97,0,97
135065,3.0,5.0,1.0,1.0,1.0,1.0,0.30000000000000004,0.4,10.0,128,9635.0,0,0,97,0,97
135065,3.0,5.0,1.0,1.0,1.0,1.0,0.30000000000000004,0.4,10.0,129,9635.0,0,0,97,0,97
135065,3.0,5.0,1.0,1.0,1.0,1.0,0.30000000000000004,0.4,10.0,130,9635.0,0,0,97,0,97
135065,3.0,5.0,1.0,1.0,1.0,1.0,0.30000000000000004,0.4,10.0,131,9640.0,0,0,95,0,95
135065,3.0,5.0,1.0,1.0,1.0,1.0,0.30000000000000004,0.4,10.0,132,9635.0,0,0,98,0,98
135065,3.0,5.0,1.0,1.0,1.0,1.0,0.30000000000000004,0.4,10.0,133,9615.0,0,0,105,0,105
135065,3.0,5.0,1.0,1.0,1.0,1.0,0.30000000000000004,0.4,10.0,134,9620.0,0,0,99,0,99
135065,3.0,5.0,1.0,1.0,1.0,1.0,0.30000000000000004,0.4,10.0,135,9630.0,0,0,98,0,98
135065,3.0,5.0,1.0,1.0,1.0,1.0,0.30000000000000004,0.4,10.0,136,9625.0,0,0,101,0,101
135065,3.0,5.0,1.0,1.0,1.0,1.0,0.30000000000000004,0.4,10.0,137,9625.0,0,0,99,0,99
135065,3.0,5.0,1.0,1.0,1.0,1.0,0.30000000000000004,0.4,10.0,138,9615.0,0,0,103,0,103
135065,3.0,5.0,1.0,1.0,1.0,1.0,0.30000000000000004,0.4,10.0,139,9640.0,0,0,91,0,91
135065,3.0,5.0,1.0,1.0,1.0,1.0,0.30000000000000004,0.4,10.0,140,9635.0,0,0,100,0,100
135065,3.0,5.0,1.0,1.0,1.0,1.0,0.30000000000000004,0.4,10.0,141,9625.0,0,0,100,0,100
135065,3.0,5.0,1.0,1.0,1.0,1.0,0.30000000000000004,0.4,10.0,142,9610.0,0,0,104,0,104
135065,3.0,5.0,1.0,1.0,1.0,1.0,0.30000000000000004,0.4,10.0,143,9615.0,0,0,102,0,102
135065,3.0,5.0,1.0,1.0,1.0,1.0,0.30000000000000004,0.4,10.0,144,9620.0,0,0,99,0,99
135065,3.0,5.0,1.0,1.0,1.0,1.0,0.30000000000000004,0.4,10.0,145,9635.0,0,0,96,0,96
135065,3.0,5.0,1.0,1.0,1.0,1.0,0.30000000000000004,0.4,10.0,146,9640.0,0,0,96,0,96
135065,3.0,5.0,1.0,1.0,1.0,1.0,0.30000000000000004,0.4,10.0,147,9635.0,0,0,98,0,98
135065,3.0,5.0,1.0,1.0,1.0,1.0,0.30000000000000004,0.4,10.0,148,9630.0,0,0,99,0,99
135065,3.0,5.0,1.0,1.0,1.0,1.0,0.30000000000000004,0.4,10.0,149,9630.0,0,0,98,0,98
135065,3.0,5.0,1.0,1.0,1.0,1.0,0.30000000000000004,0.4,10.0,150,9620.0,0,0,103,0,103
135065,3.0,5.0,1.0,1.0,1.0,1.0,0.30000000000000004,0.4,10.0,151,9610.0,0,0,103,0,103
135065,3.0,5.0,1.0,1.0,1.0,1.0,0.30000000000000004,0.4,10.0,152,9620.0,0,0,100,0,100
135065,3.0,5.0,1.0,1.0,1.0,1.0,0.30000000000000004,0.4,10.0,153,9635.0,0,0,96,0,96
135065,3.0,5.0,1.0,1.0,1.0,1.0,0.30000000000000004,0.4,10.0,154,9630.0,0,0,98,0,98
135065,3.0,5.0,1.0,1.0,1.0,1.0,0.30000000000000004,0.4,10.0,155,9630.0,0,0,97,0,97
135065,3.0,5.0,1.0,1.0,1.0,1.0,0.30000000000000004,0.4,10.0,156,9625.0,0,0,101,0,101
135065,3.0,5.0,1.0,1.0,1.0,1.0,0.30000000000000004,0.4,10.0,157,9615.0,0,0,103,0,103
135065,3.0,5.0,1.0,1.0,1.0,1.0,0.30000000000000004,0.4,10.0,158,9620.0,0,0,100,0,100
135065,3.0,5.0,1.0,1.0,1.0,1.0,0.30000000000000004,0.4,10.0,159,9630.0,0,0,98,0,98
135065,3.0,5.0,1.0,1.0,1.0,1.0,0.30000000000000004,0.4,10.0,160,9620.0,0,0,103,0,103
135065,3.0,5.0,1.0,1.0,1.0,1.0,0.30000000000000004,0.4,10.0,161,9605.0,0,0,106,0,106
135065,3.0,5.0,1.0,1.0,1.0,1.0,0.30000000000000004,0.4,10.0,162,9625.0,0,0,95,0,95
135065,3.0,5.0,1.0,1.0,1.0,1.0,0.30000000000000004,0.4,10.0,163,9660.0,0,0,88,0,88
135065,3.0,5.0,1.0,1.0,1.0,1.0,0.30000000000000004,0.4,10.0,164,9640.0,0,0,100,0,100
135065,3.0,5.0,1.0,1.0,1.0,1.0,0.30000000000000004,0.4,10.0,165,9640.0,0,0,94,0,94
135065,3.0,5.0,1.0,1.0,1.0,1.0,0.30000000000000004,0.4,10.0,166,9640.0,0,0,95,0,95
135065,3.0,5.0,1.0,1.0,1.0,1.0,0.30000000000000004,0.4,10.0,167,9625.0,0,0,101,0,101
135065,3.0,5.0,1.0,1.0,1.0,1.0,0.30000000000000004,0.4,10.0,168,9620.0,0,0,100,0,100
135065,3.0,5.0,1.0,1.0,1.0,1.0,0.30000000000000004,0.4,10.0,169,9600.0,0,0,108,0,108
135065,3.0,5.0,1.0,1.0,1.0,1.0,0.30000000000000004,0.4,10.0,170,9600.0,0,0,104,0,104
135065,3.0,5.0,1.0,1.0,1.0,1.0,0.30000000000000004,0.4,10.0,171,9625.0,0,0,98,0,98
135065,3.0,5.0,1.0,1.0,1.0,1.0,0.30000000000000004,0.4,10.0,172,9615.0,0,0,105,0,105
135065,3.0,5.0,1.0,1.0,1.0,1.0,0.30000000000000004,0.4,10.0,173,9605.0,0,0,104,0,104
135065,3.0,5.0,1.0,1.0,1.0,1.0,0.30000000000000004,0.4,10.0,174,9620.0,0,0,100,0,100
135065,3.0,5.0,1.0,1.0,1.0,1.0,0.30000000000000004,0.4,10.0,175,9610.0,0,0,106,0,106
135065,3.0,5.0,1.0,1.0,1.0,1.0,0.30000000000000004,0.4,10.0,176,9620.0,0,0,99,0,99
135065,3.0,5.0,1.0,1.0,1.0,1.0,0.30000000000000004,0.4,10.0,177,9635.0,0,0,96,0,96
135065,3.0,5.0,1.0,1.0,1.0,1.0,0.30000000000000004,0.4,10.0,178,9625.0,0,0,102,0,102
135065,3.0,5.0,1.0,1.0,1.0,1.0,0.30000000000000004,0.4,10.0,179,9615.0,0,0,103,0,103
135065,3.0,5.0,1.0,1.0,1.0,1.0,0.30000000000000004,0.4,10.0,180,9605.0,0,0,106,0,106
135065,3.0,5.0,1.0,1.0,1.0,1.0,0.30000000000000004,0.4,10.0,181,9610.0,0,0,103,0,103
135065,3.0,5.0,1.0,1.0,1.0,1.0,0.30000000000000004,0.4,10.0,182,9600.0,0,0,108,0,108
135065,3.0,5.0,1.0,1.0,1.0,1.0,0.30000000000000004,0.4,10.0,183,9625.0,0,0,96,0,96
135065,3.0,5.0,1.0,1.0,1.0,1.0,0.30000000000000004,0.4,10.0,184,9635.0,0,0,98,0,98
135065,3.0,5.0,1.0,1.0,1.0,1.0,0.30000000000000004,0.4,10.0,185,9620.0,0,0,103,0,103
135065,3.0,5.0,1.0,1.0,1.0,1.0,0.30000000000000004,0.4,10.0,186,9610.0,0,0,103,0,103
135065,3.0,5.0,1.0,1.0,1.0,1.0,0.30000000000000004,0.4,10.0,187,9630.0,0,0,96,0,96
135065,3.0,5.0,1.0,1.0,1.0,1.0,0.30000000000000004,0.4,10.0,188,9630.0,0,0,98,0,98
135065,3.0,5.0,1.0,1.0,1.0,1.0,0.30000000000000004,0.4,10.0,189,9620.0,0,0,103,0,103
135065,3.0,5.0,1.0,1.0,1.0,1.0,0.30000000000000004,0.4,10.0,190,9620.0,0,0,100,0,100
135065,3.0,5.0,1.0,1.0,1.0,1.0,0.30000000000000004,0.4,10.0,191,9615.0,0,0,104,0,104
135065,3.0,5.0,1.0,1.0,1.0,1.0,0.30000000000000004,0.4,10.0,192,9620.0,0,0,100,0,100
135065,3.0,5.0,1.0,1.0,1.0,1.0,0.30000000000000004,0.4,10.0,193,9625.0,0,0,98,0,98
135065,3.0,5.0,1.0,1.0,1.0,1.0,0.30000000000000004,0.4,10.0,194,9645.0,0,0,91,0,91
135065,3.0,5.0,1.0,1.0,1.0,1.0,0.30000000000000004,0.4,10.0,195,9635.0,0,0,100,0,100
135065,3.0,5.0,1.0,1.0,1.0,1.0,0.30000000000000004,0.4,10.0,196,9620.0,0,0,100,0,100
135065,3.0,5.0,1.0,1.0,1.0,1.0,0.30000000000000004,0.4,10.0,197,9620.0,0,0,102,0,102
135065,3.0,5.0,1.0,1.0,1.0,1.0,0.30000000000000004,0.4,10.0,198,9610.0,0,0,105,0,105
135065,3.0,5.0,1.0,1.0,1.0,1.0,0.30000000000000004,0.4,10.0,199,9610.0,0,0,103,0,103
135065,3.0,5.0,1.0,1.0,1.0,1.0,0.30000000000000004,0.4,10.0,200,9615.0,0,0,102,0,102
135065,3.0,5.0,1.0,1.0,1.0,1.0,0.30000000000000004,0.4,10.0,201,9610.0,0,0,103,0,103
135065,3.0,5.0,1.0,1.0,1.0,1.0,0.30000000000000004,0.4,10.0,202,9620.0,0,0,100,0,100
135065,3.0,5.0,1.0,1.0,1.0,1.0,0.30000000000000004,0.4,10.0,203,9615.0,0,0,104,0,104
135065,3.0,5.0,1.0,1.0,1.0,1.0,0.30000000000000004,0.4,10.0,204,9610.0,0,0,102,0,102
135065,3.0,5.0,1.0,1.0,1.0,1.0,0.30000000000000004,0.4,10.0,205,9620.0,0,0,99,0,99
135065,3.0,5.0,1.0,1.0,1.0,1.0,0.30000000000000004,0.4,10.0,206,9620.0,0,0,102,0,102
135065,3.0,5.0,1.0,1.0,1.0,1.0,0.30000000000000004,0.4,10.0,207,9600.0,0,0,109,0,109
135065,3.0,5.0,1.0,1.0,1.0,1.0,0.30000000000000004,0.4,10.0,208,9615.0,0,0,98,0,98
135065,3.0,5.0,1.0,1.0,1.0,1.0,0.30000000000000004,0.4,10.0,209,9635.0,0,0,95,0,95
135065,3.0,5.0,1.0,1.0,1.0,1.0,0.30000000000000004,0.4,10.0,210,9640.0,0,0,96,0,96
135065,3.0,5.0,1.0,1.0,1.0,1.0,0.30000000000000004,0.4,10.0,211,9635.0,0,0,98,0,98
135065,3.0,5.0,1.0,1.0,1.0,1.0,0.30000000000000004,0.4,10.0,212,9625.0,0,0,101,0,101
135065,3.0,5.0,1.0,1.0,1.0,1.0,0.30000000000000004,0.4,10.0,213,9630.0,0,0,97,0,97
135065,3.0,5.0,1.0,1.0,1.0,1.0,0.30000000000000004,0.4,10.0,214,9635.0,0,0,97,0,97
135065,3.0,5.0,1.0,1.0,1.0,1.0,0.30000000000000004,0.4,10.0,215,9635.0,0,0,97,0,97
135065,3.0,5.0,1.0,1.0,1.0,1.0,0.30000000000000004,0.4,10.0,216,9650.0,0,0,91,0,91
135065,3.0,5.0,1.0,1.0,1.0,1.0,0.30000000000000004,0.4,10.0,217,9645.0,0,0,96,0,96
135065,3.0,5.0,1.0,1.0,1.0,1.0,0.30000000000000004,0.4,10.0,218,9635.0,0,0,98,0,98
135065,3.0,5.0,1.0,1.0,1.0,1.0,0.30000000000000004,0.4,10.0,219,9630.0,0,0,97,0,97
135065,3.0,5.0,1.0,1.0,1.0,1.0,0.30000000000000004,0.4,10.0,220,9630.0,0,0,99,0,99
135065,3.0,5.0,1.0,1.0,1.0,1.0,0.30000000000000004,0.4,10.0,221,9630.0,0,0,97,0,97
135065,3.0,5.0,1.0,1.0,1.0,1.0,0.30000000000000004,0.4,10.0,222,9650.0,0,0,91,0,91
135065,3.0,5.0,1.0,1.0,1.0,1.0,0.30000000000000004,0.4,10.0,223,9650.0,0,0,94,0,94
135065,3.0,5.0,1.0,1.0,1.0,1.0,0.30000000000000004,0.4,10.0,224,9615.0,0,0,107,0,107
135065,3.0,5.0,1.0,1.0,1.0,1.0,0.30000000000000004,0.4,10.0,225,9635.0,0,0,92,0,92
135065,3.0,5.0,1.0,1.0,1.0,1.0,0.30000000000000004,0.4,10.0,226,9650.0,0,0,92,0,92
135065,3.0,5.0,1.0,1.0,1.0,1.0,0.30000000000000004,0.4,10.0,227,9635.0,0,0,100,0,100
135065,3.0,5.0,1.0,1.0,1.0,1.0,0.30000000000000004,0.4,10.0,228,9610.0,0,0,106,0,106
135065,3.0,5.0,1.0,1.0,1.0,1.0,0.30000000000000004,0.4,10.0,229,9620.0,0,0,97,0,97
135065,3.0,5.0,1.0,1.0,1.0,1.0,0.30000000000000004,0.4,10.0,230,9630.0,0,0,99,0,99
135065,3.0,5.0,1.0,1.0,1.0,1.0,0.30000000000000004,0.4,10.0,231,9630.0,0,0,98,0,98
135065,3.0,5.0,1.0,1.0,1.0,1.0,0.30000000000000004,0.4,10.0,232,9615.0,0,0,105,0,105
135065,3.0,5.0,1.0,1.0,1.0,1.0,0.30000000000000004,0.4,10.0,233,9620.0,0,0,99,0,99
135065,3.0,5.0,1.0,1.0,1.0,1.0,0.30000000000000004,0.4,10.0,234,9630.0,0,0,98,0,98
135065,3.0,5.0,1.0,1.0,1.0,1.0,0.30000000000000004,0.4,10.0,235,9620.0,0,0,103,0,103
135065,3.0,5.0,1.0,1.0,1.0,1.0,0.30000000000000004,0.4,10.0,236,9610.0,0,0,104,0,104
135065,3.0,5.0,1.0,1.0,1.0,1.0,0.30000000000000004,0.4,10.0,237,9630.0,0,0,96,0,96
135065,3.0,5.0,1.0,1.0,1.0,1.0,0.30000000000000004,0.4,10.0,238,9625.0,0,0,102,0,102
135065,3.0,5.0,1.0,1.0,1.0,1.0,0.30000000000000004,0.4,10.0,239,9620.0,0,0,99,0,99
135065,3.0,5.0,1.0,1.0,1.0,1.0,0.30000000000000004,0.4,10.0,240,9620.0,0,0,102,0,102
135065,3.0,5.0,1.0,1.0,1.0,1.0,0.30000000000000004,0.4,10.0,241,9625.0,0,0,99,0,99
135065,3.0,5.0,1.0,1.0,1.0,1.0,0.30000000000000004,0.4,10.0,242,9640.0,0,0,94,0,94
135065,3.0,5.0,1.0,1.0,1.0,1.0,0.30000000000000004,0.4,10.0,243,9645.0,0,0,95,0,95
135065,3.0,5.0,1.0,1.0,1.0,1.0,0.30000000000000004,0.4,10.0,244,9630.0,0,0,100,0,100
135065,3.0,5.0,1.0,1.0,1.0,1.0,0.30000000000000004,0.4,10.0,245,9630.0,0,0,98,0,98
135065,3.0,5.0,1.0,1.0,1.0,1.0,0.30000000000000004,0.4,10.0,246,9625.0,0,0,101,0,101
135065,3.0,5.0,1.0,1.0,1.0,1.0,0.30000000000000004,0.4,10.0,247,9625.0,0,0,99,0,99
135065,3.0,5.0,1.0,1.0,1.0,1.0,0.30000000000000004,0.4,10.0,248,9625.0,0,0,100,0,100
135065,3.0,5.0,1.0,1.0,1.0,1.0,0.30000000000000004,0.4,10.0,249,9625.0,0,0,100,0,100
135065,3.0,5.0,1.0,1.0,1.0,1.0,0.30000000000000004,0.4,10.0,250,9625.0,0,0,100,0,100
135065,3.0,5.0,1.0,1.0,1.0,1.0,0.30000000000000004,0.4,10.0,251,9620.0,0,0,102,0,102
135065,3.0,5.0,1.0,1.0,1.0,1.0,0.30000000000000004,0.4,10.0,252,9625.0,0,0,97,0,97
135065,3.0,5.0,1.0,1.0,1.0,1.0,0.30000000000000004,0.4,10.0,253,9630.0,0,0,98,0,98
135065,3.0,5.0,1.0,1.0,1.0,1.0,0.30000000000000004,0.4,10.0,254,9610.0,0,0,105,0,105
135065,3.0,5.0,1.0,1.0,1.0,1.0,0.30000000000000004,0.4,10.0,255,9615.0,0,0,101,0,101
135065,3.0,5.0,1.0,1.0,1.0,1.0,0.30000000000000004,0.4,10.0,256,9620.0,0,0,100,0,100
135065,3.0,5.0,1.0,1.0,1.0,1.0,0.30000000000000004,0.4,10.0,257,9620.0,0,0,100,0,100
135065,3.0,5.0,1.0,1.0,1.0,1.0,0.30000000000000004,0.4,10.0,258,9635.0,0,0,96,0,96
135065,3.0,5.0,1.0,1.0,1.0,1.0,0.30000000000000004,0.4,10.0,259,9635.0,0,0,98,0,98
135065,3.0,5.0,1.0,1.0,1.0,1.0,0.30000000000000004,0.4,10.0,260,9620.0,0,0,103,0,103
135065,3.0,5.0,1.0,1.0,1.0,1.0,0.30000000000000004,0.4,10.0,261,9600.0,0,0,108,0,108
135065,3.0,5.0,1.0,1.0,1.0,1.0,0.30000000000000004,0.4,10.0,262,9600.0,0,0,106,0,106
135065,3.0,5.0,1.0,1.0,1.0,1.0,0.30000000000000004,0.4,10.0,263,9615.0,0,0,101,0,101
135065,3.0,5.0,1.0,1.0,1.0,1.0,0.30000000000000004,0.4,10.0,264,9620.0,0,0,101,0,101
135065,3.0,5.0,1.0,1.0,1.0,1.0,0.30000000000000004,0.4,10.0,265,9615.0,0,0,103,0,103
135065,3.0,5.0,1.0,1.0,1.0,1.0,0.30000000000000004,0.4,10.0,266,9615.0,0,0,102,0,102
135065,3.0,5.0,1.0,1.0,1.0,1.0,0.30000000000000004,0.4,10.0,267,9630.0,0,0,97,0,97
135065,3.0,5.0,1.0,1.0,1.0,1.0,0.30000000000000004,0.4,10.0,268,9640.0,0,0,95,0,95
135065,3.0,5.0,1.0,1.0,1.0,1.0,0.30000000000000004,0.4,10.0,269,9630.0,0,0,99,0,99
135065,3.0,5.0,1.0,1.0,1.0,1.0,0.30000000000000004,0.4,10.0,270,9630.0,0,0,98,0,98
135065,3.0,5.0,1.0,1.0,1.0,1.0,0.30000000000000004,0.4,10.0,271,9625.0,0,0,101,0,101
135065,3.0,5.0,1.0,1.0,1.0,1.0,0.30000000000000004,0.4,10.0,272,9635.0,0,0,94,0,94
135065,3.0,5.0,1.0,1.0,1.0,1.0,0.30000000000000004,0.4,10.0,273,9650.0,0,0,93,0,93
135065,3.0,5.0,1.0,1.0,1.0,1.0,0.30000000000000004,0.4,10.0,274,9635.0,0,0,99,0,99
135065,3.0,5.0,1.0,1.0,1.0,1.0,0.30000000000000004,0.4,10.0,275,9635.0,0,0,96,0,96
135065,3.0,5.0,1.0,1.0,1.0,1.0,0.30000000000000004,0.4,10.0,276,9630.0,0,0,100,0,100
135065,3.0,5.0,1.0,1.0,1.0,1.0,0.30000000000000004,0.4,10.0,277,9615.0,0,0,104,0,104
135065,3.0,5.0,1.0,1.0,1.0,1.0,0.30000000000000004,0.4,10.0,278,9610.0,0,0,102,0,102
135065,3.0,5.0,1.0,1.0,1.0,1.0,0.30000000000000004,0.4,10.0,279,9610.0,0,0,105,0,105
135065,3.0,5.0,1.0,1.0,1.0,1.0,0.30000000000000004,0.4,10.0,280,9630.0,0,0,95,0,95
135065,3.0,5.0,1.0,1.0,1.0,1.0,0.30000000000000004,0.4,10.0,281,9630.0,0,0,100,0,100
135065,3.0,5.0,1.0,1.0,1.0,1.0,0.30000000000000004,0.4,10.0,282,9625.0,0,0,100,0,100
135065,3.0,5.0,1.0,1.0,1.0,1.0,0.30000000000000004,0.4,10.0,283,9620.0,0,0,102,0,102
135065,3.0,5.0,1.0,1.0,1.0,1.0,0.30000000000000004,0.4,10.0,284,9625.0,0,0,99,0,99
135065,3.0,5.0,1.0,1.0,1.0,1.0,0.30000000000000004,0.4,10.0,285,9630.0,0,0,98,0,98
135065,3.0,5.0,1.0,1.0,1.0,1.0,0.30000000000000004,0.4,10.0,286,9640.0,0,0,95,0,95
135065,3.0,5.0,1.0,1.0,1.0,1.0,0.30000000000000004,0.4,10.0,287,9625.0,0,0,102,0,102
135065,3.0,5.0,1.0,1.0,1.0,1.0,0.30000000000000004,0.4,10.0,288,9630.0,0,0,97,0,97
135065,3.0,5.0,1.0,1.0,1.0,1.0,0.30000000000000004,0.4,10.0,289,9655.0,0,0,89,0,89
135065,3.0,5.0,1.0,1.0,1.0,1.0,0.30000000000000004,0.4,10.0,290,9645.0,0,0,97,0,97
135065,3.0,5.0,1.0,1.0,1.0,1.0,0.30000000000000004,0.4,10.0,291,9620.0,0,0,102,0,102
135065,3.0,5.0,1.0,1.0,1.0,1.0,0.30000000000000004,0.4,10.0,292,9615.0,0,0,103,0,103
135065,3.0,5.0,1.0,1.0,1.0,1.0,0.30000000000000004,0.4,10.0,293,9640.0,0,0,92,0,92
135065,3.0,5.0,1.0,1.0,1.0,1.0,0.30000000000000004,0.4,10.0,294,9625.0,0,0,104,0,104
135065,3.0,5.0,1.0,1.0,1.0,1.0,0.30000000000000004,0.4,10.0,295,9615.0,0,0,102,0,102
135065,3.0,5.0,1.0,1.0,1.0,1.0,0.30000000000000004,0.4,10.0,296,9620.0,0,0,101,0,101
135065,3.0,5.0,1.0,1.0,1.0,1.0,0.30000000000000004,0.4,10.0,297,9625.0,0,0,99,0,99
135065,3.0,5.0,1.0,1.0,1.0,1.0,0.30000000000000004,0.4,10.0,298,9625.0,0,0,99,0,99
135065,3.0,5.0,1.0,1.0,1.0,1.0,0.30000000000000004,0.4,10.0,299,9610.0,0,0,106,0,106
135065,3.0,5.0,1.0,1.0,1.0,1.0,0.30000000000000004,0.4,10.0,300,9595.0,0,0,109,0,109
135065,3.0,5.0,1.0,1.0,1.0,1.0,0.30000000000000004,0.4,10.0,301,9610.0,0,0,100,0,100
135065,3.0,5.0,1.0,1.0,1.0,1.0,0.30000000000000004,0.4,10.0,302,9610.0,0,0,104,0,104
135065,3.0,5.0,1.0,1.0,1.0,1.0,0.30000000000000004,0.4,10.0,303,9625.0,0,0,98,0,98
135065,3.0,5.0,1.0,1.0,1.0,1.0,0.30000000000000004,0.4,10.0,304,9650.0,0,0,91,0,91
135065,3.0,5.0,1.0,1.0,1.0,1.0,0.30000000000000004,0.4,10.0,305,9650.0,0,0,94,0,94
135065,3.0,5.0,1.0,1.0,1.0,1.0,0.30000000000000004,0.4,10.0,306,9635.0,0,0,97,0,97
135065,3.0,5.0,1.0,1.0,1.0,1.0,0.30000000000000004,0.4,10.0,307,9630.0,0,0,98,0,98
135065,3.0,5.0,1.0,1.0,1.0,1.0,0.30000000000000004,0.4,10.0,308,9625.0,0,0,101,0,101
135065,3.0,5.0,1.0,1.0,1.0,1.0,0.30000000000000004,0.4,10.0,309,9620.0,0,0,101,0,101
135065,3.0,5.0,1.0,1.0,1.0,1.0,0.30000000000000004,0.4,10.0,310,9630.0,0,0,97,0,97
135065,3.0,5.0,1.0,1.0,1.0,1.0,0.30000000000000004,0.4,10.0,311,9625.0,0,0,101,0,101
135065,3.0,5.0,1.0,1.0,1.0,1.0,0.30000000000000004,0.4,10.0,312,9630.0,0,0,97,0,97
135065,3.0,5.0,1.0,1.0,1.0,1.0,0.30000000000000004,0.4,10.0,313,9620.0,0,0,103,0,103
135065,3.0,5.0,1.0,1.0,1.0,1.0,0.30000000000000004,0.4,10.0,314,9605.0,0,0,106,0,106
135065,3.0,5.0,1.0,1.0,1.0,1.0,0.30000000000000004,0.4,10.0,315,9595.0,0,0,109,0,109
135065,3.0,5.0,1.0,1.0,1.0,1.0,0.30000000000000004,0.4,10.0,316,9600.0,0,0,105,0,105
135065,3.0,5.0,1.0,1.0,1.0,1.0,0.30000000000000004,0.4,10.0,317,9605.0,0,0,105,0,105
135065,3.0,5.0,1.0,1.0,1.0,1.0,0.30000000000000004,0.4,10.0,318,9625.0,0,0,97,0,97
135065,3.0,5.0,1.0,1.0,1.0,1.0,0.30000000000000004,0.4,10.0,319,9635.0,0,0,97,0,97
135065,3.0,5.0,1.0,1.0,1.0,1.0,0.30000000000000004,0.4,10.0,320,9635.0,0,0,97,0,97
135065,3.0,5.0,1.0,1.0,1.0,1.0,0.30000000000000004,0.4,10.0,321,9600.0,0,0,110,0,110
135065,3.0,5.0,1.0,1.0,1.0,1.0,0.30000000000000004,0.4,10.0,322,9600.0,0,0,105,0,105
135065,3.0,5.0,1.0,1.0,1.0,1.0,0.30000000000000004,0.4,10.0,323,9620.0,0,0,99,0,99
135065,3.0,5.0,1.0,1.0,1.0,1.0,0.30000000000000004,0.4,10.0,324,9615.0,0,0,104,0,104
135065,3.0,5.0,1.0,1.0,1.0,1.0,0.30000000000000004,0.4,10.0,325,9620.0,0,0,100,0,100
135065,3.0,5.0,1.0,1.0,1.0,1.0,0.30000000000000004,0.4,10.0,326,9640.0,0,0,94,0,94
135065,3.0,5.0,1.0,1.0,1.0,1.0,0.30000000000000004,0.4,10.0,327,9645.0,0,0,95,0,95
135065,3.0,5.0,1.0,1.0,1.0,1.0,0.30000000000000004,0.4,10.0,328,9630.0,0,0,100,0,100
135065,3.0,5.0,1.0,1.0,1.0,1.0,0.30000000000000004,0.4,10.0,329,9630.0,0,0,98,0,98
135065,3.0,5.0,1.0,1.0,1.0,1.0,0.30000000000000004,0.4,10.0,330,9630.0,0,0,99,0,99
135065,3.0,5.0,1.0,1.0,1.0,1.0,0.30000000000000004,0.4,10.0,331,9625.0,0,0,100,0,100
135065,3.0,5.0,1.0,1.0,1.0,1.0,0.30000000000000004,0.4,10.0,332,9635.0,0,0,96,0,96
135065,3.0,5.0,1.0,1.0,1.0,1.0,0.30000000000000004,0.4,10.0,333,9635.0,0,0,98,0,98
135065,3.0,5.0,1.0,1.0,1.0,1.0,0.30000000000000004,0.4,10.0,334,9635.0,0,0,97,0,97
135065,3.0,5.0,1.0,1.0,1.0,1.0,0.30000000000000004,0.4,10.0,335,9635.0,0,0,97,0,97
135065,3.0,5.0,1.0,1.0,1.0,1.0,0.30000000000000004,0.4,10.0,336,9635.0,0,0,97,0,97
135065,3.0,5.0,1.0,1.0,1.0,1.0,0.30000000000000004,0.4,10.0,337,9640.0,0,0,95,0,95
135065,3.0,5.0,1.0,1.0,1.0,1.0,0.30000000000000004,0.4,10.0,338,9625.0,0,0,101,0,101
135065,3.0,5.0,1.0,1.0,1.0,1.0,0.30000000000000004,0.4,10.0,339,9620.0,0,0,101,0,101
135065,3.0,5.0,1.0,1.0,1.0,1.0,0.30000000000000004,0.4,10.0,340,9615.0,0,0,103,0,103
135065,3.0,5.0,1.0,1.0,1.0,1.0,0.30000000000000004,0.4,10.0,341,9625.0,0,0,98,0,98
135065,3.0,5.0,1.0,1.0,1.0,1.0,0.30000000000000004,0.4,10.0,342,9630.0,0,0,97,0,97
135065,3.0,5.0,1.0,1.0,1.0,1.0,0.30000000000000004,0.4,10.0,343,9635.0,0,0,97,0,97
135065,3.0,5.0,1.0,1.0,1.0,1.0,0.30000000000000004,0.4,10.0,344,9620.0,0,0,103,0,103
135065,3.0,5.0,1.0,1.0,1.0,1.0,0.30000000000000004,0.4,10.0,345,9610.0,0,0,103,0,103
135065,3.0,5.0,1.0,1.0,1.0,1.0,0.30000000000000004,0.4,10.0,346,9620.0,0,0,100,0,100
135065,3.0,5.0,1.0,1.0,1.0,1.0,0.30000000000000004,0.4,10.0,347,9625.0,0,0,100,0,100
135065,3.0,5.0,1.0,1.0,1.0,1.0,0.30000000000000004,0.4,10.0,348,9610.0,0,0,106,0,106
135065,3.0,5.0,1.0,1.0,1.0,1.0,0.30000000000000004,0.4,10.0,349,9630.0,0,0,93,0,93
135065,3.0,5.0,1.0,1.0,1.0,1.0,0.30000000000000004,0.4,10.0,350,9625.0,0,0,103,0,103
135065,3.0,5.0,1.0,1.0,1.0,1.0,0.30000000000000004,0.4,10.0,351,9630.0,0,0,96,0,96
135065,3.0,5.0,1.0,1.0,1.0,1.0,0.30000000000000004,0.4,10.0,352,9615.0,0,0,106,0,106
135065,3.0,5.0,1.0,1.0,1.0,1.0,0.30000000000000004,0.4,10.0,353,9610.0,0,0,103,0,103
135065,3.0,5.0,1.0,1.0,1.0,1.0,0.30000000000000004,0.4,10.0,354,9620.0,0,0,99,0,99
135065,3.0,5.0,1.0,1.0,1.0,1.0,0.30000000000000004,0.4,10.0,355,9615.0,0,0,104,0,104
135065,3.0,5.0,1.0,1.0,1.0,1.0,0.30000000000000004,0.4,10.0,356,9625.0,0,0,98,0,98
135065,3.0,5.0,1.0,1.0,1.0,1.0,0.30000000000000004,0.4,10.0,357,9640.0,0,0,95,0,95
135065,3.0,5.0,1.0,1.0,1.0,1.0,0.30000000000000004,0.4,10.0,358,9640.0,0,0,96,0,96
135065,3.0,5.0,1.0,1.0,1.0,1.0,0.30000000000000004,0.4,10.0,359,9625.0,0,0,102,0,102
135065,3.0,5.0,1.0,1.0,1.0,1.0,0.30000000000000004,0.4,10.0,360,9625.0,0,0,97,0,97
135065,3.0,5.0,1.0,1.0,1.0,1.0,0.30000000000000004,0.4,10.0,361,9630.0,0,0,99,0,99
135065,3.0,5.0,1.0,1.0,1.0,1.0,0.30000000000000004,0.4,10.0,362,9615.0,0,0,103,0,103
135065,3.0,5.0,1.0,1.0,1.0,1.0,0.30000000000000004,0.4,10.0,363,9615.0,0,0,101,0,101
135065,3.0,5.0,1.0,1.0,1.0,1.0,0.30000000000000004,0.4,10.0,364,9630.0,0,0,97,0,97
135065,3.0,5.0,1.0,1.0,1.0,1.0,0.30000000000000004,0.4,10.0,365,9645.0,0,0,93,0,93
135065,3.0,5.0,1.0,1.0,1.0,1.0,0.30000000000000004,0.4,10.0,366,9635.0,0,0,99,0,99
135065,3.0,5.0,1.0,1.0,1.0,1.0,0.30000000000000004,0.4,10.0,367,9630.0,0,0,98,0,98
135065,3.0,5.0,1.0,1.0,1.0,1.0,0.30000000000000004,0.4,10.0,368,9630.0,0,0,99,0,99
135065,3.0,5.0,1.0,1.0,1.0,1.0,0.30000000000000004,0.4,10.0,369,9625.0,0,0,100,0,100
135065,3.0,5.0,1.0,1.0,1.0,1.0,0.30000000000000004,0.4,10.0,370,9630.0,0,0,98,0,98
135065,3.0,5.0,1.0,1.0,1.0,1.0,0.30000000000000004,0.4,10.0,371,9625.0,0,0,99,0,99
135065,3.0,5.0,1.0,1.0,1.0,1.0,0.30000000000000004,0.4,10.0,372,9620.0,0,0,102,0,102
135065,3.0,5.0,1.0,1.0,1.0,1.0,0.30000000000000004,0.4,10.0,373,9610.0,0,0,103,0,103
135065,3.0,5.0,1.0,1.0,1.0,1.0,0.30000000000000004,0.4,10.0,374,9630.0,0,0,96,0,96
135065,3.0,5.0,1.0,1.0,1.0,1.0,0.30000000000000004,0.4,10.0,375,9650.0,0,0,92,0,92
135065,3.0,5.0,1.0,1.0,1.0,1.0,0.30000000000000004,0.4,10.0,376,9645.0,0,0,94,0,94
135065,3.0,5.0,1.0,1.0,1.0,1.0,0.30000000000000004,0.4,10.0,377,9645.0,0,0,95,0,95
135065,3.0,5.0,1.0,1.0,1.0,1.0,0.30000000000000004,0.4,10.0,378,9630.0,0,0,99,0,99
135065,3.0,5.0,1.0,1.0,1.0,1.0,0.30000000000000004,0.4,10.0,379,9620.0,0,0,102,0,102
135065,3.0,5.0,1.0,1.0,1.0,1.0,0.30000000000000004,0.4,10.0,380,9635.0,0,0,95,0,95
135065,3.0,5.0,1.0,1.0,1.0,1.0,0.30000000000000004,0.4,10.0,381,9635.0,0,0,98,0,98
135065,3.0,5.0,1.0,1.0,1.0,1.0,0.30000000000000004,0.4,10.0,382,9635.0,0,0,97,0,97
135065,3.0,5.0,1.0,1.0,1.0,1.0,0.30000000000000004,0.4,10.0,383,9625.0,0,0,101,0,101
135065,3.0,5.0,1.0,1.0,1.0,1.0,0.30000000000000004,0.4,10.0,384,9645.0,0,0,90,0,90
135065,3.0,5.0,1.0,1.0,1.0,1.0,0.30000000000000004,0.4,10.0,385,9650.0,0,0,93,0,93
135065,3.0,5.0,1.0,1.0,1.0,1.0,0.30000000000000004,0.4,10.0,386,9640.0,0,0,96,0,96
135065,3.0,5.0,1.0,1.0,1.0,1.0,0.30000000000000004,0.4,10.0,387,9635.0,0,0,98,0,98
135065,3.0,5.0,1.0,1.0,1.0,1.0,0.30000000000000004,0.4,10.0,388,9620.0,0,0,101,0,101
135065,3.0,5.0,1.0,1.0,1.0,1.0,0.30000000000000004,0.4,10.0,389,9620.0,0,0,100,0,100
135065,3.0,5.0,1.0,1.0,1.0,1.0,0.30000000000000004,0.4,10.0,390,9645.0,0,0,92,0,92
135065,3.0,5.0,1.0,1.0,1.0,1.0,0.30000000000000004,0.4,10.0,391,9635.0,0,0,100,0,100
135065,3.0,5.0,1.0,1.0,1.0,1.0,0.30000000000000004,0.4,10.0,392,9620.0,0,0,102,0,102
135065,3.0,5.0,1.0,1.0,1.0,1.0,0.30000000000000004,0.4,10.0,393,9630.0,0,0,95,0,95
135065,3.0,5.0,1.0,1.0,1.0,1.0,0.30000000000000004,0.4,10.0,394,9625.0,0,0,102,0,102
135065,3.0,5.0,1.0,1.0,1.0,1.0,0.30000000000000004,0.4,10.0,395,9620.0,0,0,101,0,101
135065,3.0,5.0,1.0,1.0,1.0,1.0,0.30000000000000004,0.4,10.0,396,9625.0,0,0,98,0,98
135065,3.0,5.0,1.0,1.0,1.0,1.0,0.30000000000000004,0.4,10.0,397,9630.0,0,0,99,0,99
135065,3.0,5.0,1.0,1.0,1.0,1.0,0.30000000000000004,0.4,10.0,398,9625.0,0,0,100,0,100
135065,3.0,5.0,1.0,1.0,1.0,1.0,0.30000000000000004,0.4,10.0,399,9610.0,0,0,104,0,104
135065,3.0,5.0,1.0,1.0,1.0,1.0,0.30000000000000004,0.4,10.0,400,9605.0,0,0,106,0,106
135065,3.0,5.0,1.0,1.0,1.0,1.0,0.30000000000000004,0.4,10.0,401,9615.0,0,0,99,0,99
135065,3.0,5.0,1.0,1.0,1.0,1.0,0.30000000000000004,0.4,10.0,402,9635.0,0,0,95,0,95
135065,3.0,5.0,1.0,1.0,1.0,1.0,0.30000000000000004,0.4,10.0,403,9635.0,0,0,98,0,98
135065,3.0,5.0,1.0,1.0,1.0,1.0,0.30000000000000004,0.4,10.0,404,9635.0,0,0,97,0,97
135065,3.0,5.0,1.0,1.0,1.0,1.0,0.30000000000000004,0.4,10.0,405,9635.0,0,0,97,0,97
135065,3.0,5.0,1.0,1.0,1.0,1.0,0.30000000000000004,0.4,10.0,406,9645.0,0,0,92,0,92
135065,3.0,5.0,1.0,1.0,1.0,1.0,0.30000000000000004,0.4,10.0,407,9655.0,0,0,92,0,92
135065,3.0,5.0,1.0,1.0,1.0,1.0,0.30000000000000004,0.4,10.0,408,9650.0,0,0,92,0,92
135065,3.0,5.0,1.0,1.0,1.0,1.0,0.30000000000000004,0.4,10.0,409,9630.0,0,0,102,0,102
135065,3.0,5.0,1.0,1.0,1.0,1.0,0.30000000000000004,0.4,10.0,410,9635.0,0,0,95,0,95
135065,3.0,5.0,1.0,1.0,1.0,1.0,0.30000000000000004,0.4,10.0,411,9635.0,0,0,98,0,98
135065,3.0,5.0,1.0,1.0,1.0,1.0,0.30000000000000004,0.4,10.0,412,9630.0,0,0,99,0,99
135065,3.0,5.0,1.0,1.0,1.0,1.0,0.30000000000000004,0.4,10.0,413,9610.0,0,0,106,0,106
135065,3.0,5.0,1.0,1.0,1.0,1.0,0.30000000000000004,0.4,10.0,414,9620.0,0,0,99,0,99
135065,3.0,5.0,1.0,1.0,1.0,1.0,0.30000000000000004,0.4,10.0,415,9645.0,0,0,91,0,91
135065,3.0,5.0,1.0,1.0,1.0,1.0,0.30000000000000004,0.4,10.0,416,9640.0,0,0,98,0,98
135065,3.0,5.0,1.0,1.0,1.0,1.0,0.30000000000000004,0.4,10.0,417,9635.0,0,0,95,0,95
135065,3.0,5.0,1.0,1.0,1.0,1.0,0.30000000000000004,0.4,10.0,418,9635.0,0,0,97,0,97
135065,3.0,5.0,1.0,1.0,1.0,1.0,0.30000000000000004,0.4,10.0,419,9630.0,0,0,98,0,98
135065,3.0,5.0,1.0,1.0,1.0,1.0,0.30000000000000004,0.4,10.0,420,9630.0,0,0,99,0,99
135065,3.0,5.0,1.0,1.0,1.0,1.0,0.30000000000000004,0.4,10.0,421,9620.0,0,0,102,0,102
135065,3.0,5.0,1.0,1.0,1.0,1.0,0.30000000000000004,0.4,10.0,422,9630.0,0,0,97,0,97
135065,3.0,5.0,1.0,1.0,1.0,1.0,0.30000000000000004,0.4,10.0,423,9640.0,0,0,95,0,95
135065,3.0,5.0,1.0,1.0,1.0,1.0,0.30000000000000004,0.4,10.0,424,9640.0,0,0,96,0,96
135065,3.0,5.0,1.0,1.0,1.0,1.0,0.30000000000000004,0.4,10.0,425,9630.0,0,0,98,0,98
135065,3.0,5.0,1.0,1.0,1.0,1.0,0.30000000000000004,0.4,10.0,426,9620.0,0,0,103,0,103
135065,3.0,5.0,1.0,1.0,1.0,1.0,0.30000000000000004,0.4,10.0,427,9615.0,0,0,102,0,102
135065,3.0,5.0,1.0,1.0,1.0,1.0,0.30000000000000004,0.4,10.0,428,9620.0,0,0,101,0,101
135065,3.0,5.0,1.0,1.0,1.0,1.0,0.30000000000000004,0.4,10.0,429,9610.0,0,0,104,0,104
135065,3.0,5.0,1.0,1.0,1.0,1.0,0.30000000000000004,0.4,10.0,430,9615.0,0,0,102,0,102
135065,3.0,5.0,1.0,1.0,1.0,1.0,0.30000000000000004,0.4,10.0,431,9615.0,0,0,101,0,101
135065,3.0,5.0,1.0,1.0,1.0,1.0,0.30000000000000004,0.4,10.0,432,9615.0,0,0,103,0,103
135065,3.0,5.0,1.0,1.0,1.0,1.0,0.30000000000000004,0.4,10.0,433,9605.0,0,0,105,0,105
135065,3.0,5.0,1.0,1.0,1.0,1.0,0.30000000000000004,0.4,10.0,434,9605.0,0,0,105,0,105
135065,3.0,5.0,1.0,1.0,1.0,1.0,0.30000000000000004,0.4,10.0,435,9610.0,0,0,103,0,103
135065,3.0,5.0,1.0,1.0,1.0,1.0,0.30000000000000004,0.4,10.0,436,9630.0,0,0,96,0,96
135065,3.0,5.0,1.0,1.0,1.0,1.0,0.30000000000000004,0.4,10.0,437,9630.0,0,0,100,0,100
135065,3.0,5.0,1.0,1.0,1.0,1.0,0.30000000000000004,0.4,10.0,438,9610.0,0,0,106,0,106
135065,3.0,5.0,1.0,1.0,1.0,1.0,0.30000000000000004,0.4,10.0,439,9600.0,0,0,107,0,107
135065,3.0,5.0,1.0,1.0,1.0,1.0,0.30000000000000004,0.4,10.0,440,9600.0,0,0,105,0,105
135065,3.0,5.0,1.0,1.0,1.0,1.0,0.30000000000000004,0.4,10.0,441,9620.0,0,0,98,0,98
135065,3.0,5.0,1.0,1.0,1.0,1.0,0.30000000000000004,0.4,10.0,442,9635.0,0,0,97,0,97
135065,3.0,5.0,1.0,1.0,1.0,1.0,0.30000000000000004,0.4,10.0,443,9640.0,0,0,94,0,94
135065,3.0,5.0,1.0,1.0,1.0,1.0,0.30000000000000004,0.4,10.0,444,9630.0,0,0,99,0,99
135065,3.0,5.0,1.0,1.0,1.0,1.0,0.30000000000000004,0.4,10.0,445,9620.0,0,0,101,0,101
135065,3.0,5.0,1.0,1.0,1.0,1.0,0.30000000000000004,0.4,10.0,446,9620.0,0,0,100,0,100
135065,3.0,5.0,1.0,1.0,1.0,1.0,0.30000000000000004,0.4,10.0,447,9625.0,0,0,100,0,100
135065,3.0,5.0,1.0,1.0,1.0,1.0,0.30000000000000004,0.4,10.0,448,9625.0,0,0,100,0,100
135065,3.0,5.0,1.0,1.0,1.0,1.0,0.30000000000000004,0.4,10.0,449,9625.0,0,0,100,0,100
135065,3.0,5.0,1.0,1.0,1.0,1.0,0.30000000000000004,0.4,10.0,450,9630.0,0,0,96,0,96
135065,3.0,5.0,1.0,1.0,1.0,1.0,0.30000000000000004,0.4,10.0,451,9630.0,0,0,100,0,100
135065,3.0,5.0,1.0,1.0,1.0,1.0,0.30000000000000004,0.4,10.0,452,9620.0,0,0,102,0,102
135065,3.0,5.0,1.0,1.0,1.0,1.0,0.30000000000000004,0.4,10.0,453,9625.0,0,0,97,0,97
135065,3.0,5.0,1.0,1.0,1.0,1.0,0.30000000000000004,0.4,10.0,454,9610.0,0,0,107,0,107
135065,3.0,5.0,1.0,1.0,1.0,1.0,0.30000000000000004,0.4,10.0,455,9640.0,0,0,90,0,90
135065,3.0,5.0,1.0,1.0,1.0,1.0,0.30000000000000004,0.4,10.0,456,9630.0,0,0,103,0,103
135065,3.0,5.0,1.0,1.0,1.0,1.0,0.30000000000000004,0.4,10.0,457,9620.0,0,0,100,0,100
135065,3.0,5.0,1.0,1.0,1.0,1.0,0.30000000000000004,0.4,10.0,458,9625.0,0,0,98,0,98
135065,3.0,5.0,1.0,1.0,1.0,1.0,0.30000000000000004,0.4,10.0,459,9630.0,0,0,99,0,99
135065,3.0,5.0,1.0,1.0,1.0,1.0,0.30000000000000004,0.4,10.0,460,9625.0,0,0,100,0,100
135065,3.0,5.0,1.0,1.0,1.0,1.0,0.30000000000000004,0.4,10.0,461,9625.0,0,0,98,0,98
135065,3.0,5.0,1.0,1.0,1.0,1.0,0.30000000000000004,0.4,10.0,462,9625.0,0,0,101,0,101
135065,3.0,5.0,1.0,1.0,1.0,1.0,0.30000000000000004,0.4,10.0,463,9625.0,0,0,98,0,98
135065,3.0,5.0,1.0,1.0,1.0,1.0,0.30000000000000004,0.4,10.0,464,9615.0,0,0,105,0,105
135065,3.0,5.0,1.0,1.0,1.0,1.0,0.30000000000000004,0.4,10.0,465,9615.0,0,0,101,0,101
135065,3.0,5.0,1.0,1.0,1.0,1.0,0.30000000000000004,0.4,10.0,466,9610.0,0,0,104,0,104
135065,3.0,5.0,1.0,1.0,1.0,1.0,0.30000000000000004,0.4,10.0,467,9600.0,0,0,106,0,106
135065,3.0,5.0,1.0,1.0,1.0,1.0,0.30000000000000004,0.4,10.0,468,9600.0,0,0,107,0,107
135065,3.0,5.0,1.0,1.0,1.0,1.0,0.30000000000000004,0.4,10.0,469,9615.0,0,0,100,0,100
135065,3.0,5.0,1.0,1.0,1.0,1.0,0.30000000000000004,0.4,10.0,470,9620.0,0,0,100,0,100
135065,3.0,5.0,1.0,1.0,1.0,1.0,0.30000000000000004,0.4,10.0,471,9605.0,0,0,106,0,106
135065,3.0,5.0,1.0,1.0,1.0,1.0,0.30000000000000004,0.4,10.0,472,9625.0,0,0,97,0,97
135065,3.0,5.0,1.0,1.0,1.0,1.0,0.30000000000000004,0.4,10.0,473,9630.0,0,0,98,0,98
135065,3.0,5.0,1.0,1.0,1.0,1.0,0.30000000000000004,0.4,10.0,474,9640.0,0,0,95,0,95
135065,3.0,5.0,1.0,1.0,1.0,1.0,0.30000000000000004,0.4,10.0,475,9630.0,0,0,100,0,100
135065,3.0,5.0,1.0,1.0,1.0,1.0,0.30000000000000004,0.4,10.0,476,9610.0,0,0,106,0,106
135065,3.0,5.0,1.0,1.0,1.0,1.0,0.30000000000000004,0.4,10.0,477,9620.0,0,0,99,0,99
135065,3.0,5.0,1.0,1.0,1.0,1.0,0.30000000000000004,0.4,10.0,478,9625.0,0,0,100,0,100
135065,3.0,5.0,1.0,1.0,1.0,1.0,0.30000000000000004,0.4,10.0,479,9600.0,0,0,108,0,108
135065,3.0,5.0,1.0,1.0,1.0,1.0,0.30000000000000004,0.4,10.0,480,9600.0,0,0,104,0,104
135065,3.0,5.0,1.0,1.0,1.0,1.0,0.30000000000000004,0.4,10.0,481,9600.0,0,0,108,0,108
135065,3.0,5.0,1.0,1.0,1.0,1.0,0.30000000000000004,0.4,10.0,482,9615.0,0,0,98,0,98
135065,3.0,5.0,1.0,1.0,1.0,1.0,0.30000000000000004,0.4,10.0,483,9625.0,0,0,101,0,101
135065,3.0,5.0,1.0,1.0,1.0,1.0,0.30000000000000004,0.4,10.0,484,9630.0,0,0,97,0,97
135065,3.0,5.0,1.0,1.0,1.0,1.0,0.30000000000000004,0.4,10.0,485,9625.0,0,0,101,0,101
135065,3.0,5.0,1.0,1.0,1.0,1.0,0.30000000000000004,0.4,10.0,486,9610.0,0,0,105,0,105
135065,3.0,5.0,1.0,1.0,1.0,1.0,0.30000000000000004,0.4,10.0,487,9620.0,0,0,99,0,99
135065,3.0,5.0,1.0,1.0,1.0,1.0,0.30000000000000004,0.4,10.0,488,9630.0,0,0,98,0,98
135065,3.0,5.0,1.0,1.0,1.0,1.0,0.30000000000000004,0.4,10.0,489,9630.0,0,0,99,0,99
135065,3.0,5.0,1.0,1.0,1.0,1.0,0.30000000000000004,0.4,10.0,490,9635.0,0,0,96,0,96
135065,3.0,5.0,1.0,1.0,1.0,1.0,0.30000000000000004,0.4,10.0,491,9630.0,0,0,100,0,100
135065,3.0,5.0,1.0,1.0,1.0,1.0,0.30000000000000004,0.4,10.0,492,9635.0,0,0,96,0,96
135065,3.0,5.0,1.0,1.0,1.0,1.0,0.30000000000000004,0.4,10.0,493,9625.0,0,0,102,0,102
135065,3.0,5.0,1.0,1.0,1.0,1.0,0.30000000000000004,0.4,10.0,494,9630.0,0,0,97,0,97
135065,3.0,5.0,1.0,1.0,1.0,1.0,0.30000000000000004,0.4,10.0,495,9625.0,0,0,100,0,100
135065,3.0,5.0,1.0,1.0,1.0,1.0,0.30000000000000004,0.4,10.0,496,9620.0,0,0,102,0,102
135065,3.0,5.0,1.0,1.0,1.0,1.0,0.30000000000000004,0.4,10.0,497,9625.0,0,0,97,0,97
135065,3.0,5.0,1.0,1.0,1.0,1.0,0.30000000000000004,0.4,10.0,498,9625.0,0,0,100,0,100
135065,3.0,5.0,1.0,1.0,1.0,1.0,0.30000000000000004,0.4,10.0,499,9620.0,0,0,102,0,102