Exp Num,agent:svo_convergence_factor,agent:params:metabolism,agent:params:consumption_factor,agent:params:procreate_cost_factor,agent:params:procreate_req_factor,agent:params:start_energy_factor,agent:params:caught_chance,agent:params:caught_cooldown_factor,agent:params:maximum_age,Epoch,Resource,A,B,C,D,E
144922,3.0,5.0,2.0,7.0,3.0,2.0,0.2,0.5,30.0,0,4000.0,19,33,10,26,74
144922,3.0,5.0,2.0,7.0,3.0,2.0,0.2,0.5,30.0,1,4000.0,19,33,10,26,74
144922,3.0,5.0,2.0,7.0,3.0,2.0,0.2,0.5,30.0,2,4000.0,19,33,10,26,74
144922,3.0,5.0,2.0,7.0,3.0,2.0,0.2,0.5,30.0,3,4000.0,19,33,10,26,74
144922,3.0,5.0,2.0,7.0,3.0,2.0,0.2,0.5,30.0,4,4000.0,19,33,10,26,74
144922,3.0,5.0,2.0,7.0,3.0,2.0,0.2,0.5,30.0,5,4000.0,19,33,10,26,74
144922,3.0,5.0,2.0,7.0,3.0,2.0,0.2,0.5,30.0,6,4000.0,19,33,10,26,74
144922,3.0,5.0,2.0,7.0,3.0,2.0,0.2,0.5,30.0,7,4000.0,19,33,10,26,74
144922,3.0,5.0,2.0,7.0,3.0,2.0,0.2,0.5,30.0,8,4000.0,19,33,10,26,74
144922,3.0,5.0,2.0,7.0,3.0,2.0,0.2,0.5,30.0,9,4000.0,19,33,10,26,74
144922,3.0,5.0,2.0,7.0,3.0,2.0,0.2,0.5,30.0,10,4000.0,19,33,10,26,74
144922,3.0,5.0,2.0,7.0,3.0,2.0,0.2,0.5,30.0,11,4000.0,19,33,10,26,74
144922,3.0,5.0,2.0,7.0,3.0,2.0,0.2,0.5,30.0,12,4000.0,19,33,10,26,74
144922,3.0,5.0,2.0,7.0,3.0,2.0,0.2,0.5,30.0,13,4000.0,19,33,10,26,74
144922,3.0,5.0,2.0,7.0,3.0,2.0,0.2,0.5,30.0,14,4000.0,19,33,10,26,74
144922,3.0,5.0,2.0,7.0,3.0,2.0,0.2,0.5,30.0,15,4000.0,19,33,10,26,74
144922,3.0,5.0,2.0,7.0,3.0,2.0,0.2,0.5,30.0,16,4000.0,19,33,10,26,74
144922,3.0,5.0,2.0,7.0,3.0,2.0,0.2,0.5,30.0,17,4000.0,19,33,10,26,74
144922,3.0,5.0,2.0,7.0,3.0,2.0,0.2,0.5,30.0,18,4000.0,27,51,21,34,116
144922,3.0,5.0,2.0,7.0,3.0,2.0,0.2,0.5,30.0,19,3500.0,27,51,21,34,116
144922,3.0,5.0,2.0,7.0,3.0,2.0,0.2,0.5,30.0,20,2935.0,27,51,21,34,116
144922,3.0,5.0,2.0,7.0,3.0,2.0,0.2,0.5,30.0,21,2638.75,27,51,21,34,116
144922,3.0,5.0,2.0,7.0,3.0,2.0,0.2,0.5,30.0,22,2568.4375,27,51,21,34,116
144922,3.0,5.0,2.0,7.0,3.0,2.0,0.2,0.5,30.0,23,2520.546875,27,51,21,34,116
144922,3.0,5.0,2.0,7.0,3.0,2.0,0.2,0.5,30.0,24,2640.68359375,27,51,21,34,116
144922,3.0,5.0,2.0,7.0,3.0,2.0,0.2,0.5,30.0,25,2910.8544921875,32,54,21,34,124
144922,3.0,5.0,2.0,7.0,3.0,2.0,0.2,0.5,30.0,26,3228.568115234375,32,54,21,34,124
144922,3.0,5.0,2.0,7.0,3.0,2.0,0.2,0.5,30.0,27,3655.7101440429688,32,56,22,34,127
144922,3.0,5.0,2.0,7.0,3.0,2.0,0.2,0.5,30.0,28,4159.637680053711,32,56,22,34,127
144922,3.0,5.0,2.0,7.0,3.0,2.0,0.2,0.5,30.0,29,4649.547100067139,33,56,22,34,128
144922,3.0,5.0,2.0,7.0,3.0,2.0,0.2,0.5,30.0,30,5361.933875083923,21,37,14,18,82
144922,3.0,5.0,2.0,7.0,3.0,2.0,0.2,0.5,30.0,31,6332.417343854904,16,27,13,13,61
144922,3.0,5.0,2.0,7.0,3.0,2.0,0.2,0.5,30.0,32,7545.52167981863,17,24,12,10,58
144922,3.0,5.0,2.0,7.0,3.0,2.0,0.2,0.5,30.0,33,9071.902099773288,16,27,12,8,60
144922,3.0,5.0,2.0,7.0,3.0,2.0,0.2,0.5,30.0,34,9600.0,17,28,12,8,62
144922,3.0,5.0,2.0,7.0,3.0,2.0,0.2,0.5,30.0,35,9580.0,17,28,12,8,62
144922,3.0,5.0,2.0,7.0,3.0,2.0,0.2,0.5,30.0,36,9590.0,16,29,13,8,63
144922,3.0,5.0,2.0,7.0,3.0,2.0,0.2,0.5,30.0,37,9590.0,17,27,13,8,62
144922,3.0,5.0,2.0,7.0,3.0,2.0,0.2,0.5,30.0,38,9540.0,17,26,12,8,61
144922,3.0,5.0,2.0,7.0,3.0,2.0,0.2,0.5,30.0,39,9490.0,18,27,13,8,64
144922,3.0,5.0,2.0,7.0,3.0,2.0,0.2,0.5,30.0,40,9410.0,21,27,15,8,70
144922,3.0,5.0,2.0,7.0,3.0,2.0,0.2,0.5,30.0,41,9320.0,21,27,17,8,72
144922,3.0,5.0,2.0,7.0,3.0,2.0,0.2,0.5,30.0,42,9300.0,20,26,17,8,70
144922,3.0,5.0,2.0,7.0,3.0,2.0,0.2,0.5,30.0,43,9260.0,20,28,17,8,72
144922,3.0,5.0,2.0,7.0,3.0,2.0,0.2,0.5,30.0,44,9220.0,21,29,17,10,75
144922,3.0,5.0,2.0,7.0,3.0,2.0,0.2,0.5,30.0,45,9150.0,22,30,18,10,78
144922,3.0,5.0,2.0,7.0,3.0,2.0,0.2,0.5,30.0,46,9120.0,25,31,18,11,82
144922,3.0,5.0,2.0,7.0,3.0,2.0,0.2,0.5,30.0,47,9070.0,27,34,21,11,91
144922,3.0,5.0,2.0,7.0,3.0,2.0,0.2,0.5,30.0,48,8980.0,29,37,22,11,97
144922,3.0,5.0,2.0,7.0,3.0,2.0,0.2,0.5,30.0,49,9080.0,27,32,18,8,84
144922,3.0,5.0,2.0,7.0,3.0,2.0,0.2,0.5,30.0,50,9190.0,25,31,15,6,77
144922,3.0,5.0,2.0,7.0,3.0,2.0,0.2,0.5,30.0,51,9240.0,24,28,15,6,72
144922,3.0,5.0,2.0,7.0,3.0,2.0,0.2,0.5,30.0,52,9240.0,24,30,14,5,75
144922,3.0,5.0,2.0,7.0,3.0,2.0,0.2,0.5,30.0,53,9210.0,26,32,15,5,79
144922,3.0,5.0,2.0,7.0,3.0,2.0,0.2,0.5,30.0,54,9160.0,29,35,19,5,89
144922,3.0,5.0,2.0,7.0,3.0,2.0,0.2,0.5,30.0,55,9060.0,31,39,21,5,97
144922,3.0,5.0,2.0,7.0,3.0,2.0,0.2,0.5,30.0,56,9000.0,29,40,22,5,97
144922,3.0,5.0,2.0,7.0,3.0,2.0,0.2,0.5,30.0,57,9020.0,28,39,23,5,96
144922,3.0,5.0,2.0,7.0,3.0,2.0,0.2,0.5,30.0,58,9000.0,27,40,26,6,99
144922,3.0,5.0,2.0,7.0,3.0,2.0,0.2,0.5,30.0,59,8960.0,30,39,28,6,104
144922,3.0,5.0,2.0,7.0,3.0,2.0,0.2,0.5,30.0,60,8910.0,32,41,28,7,108
144922,3.0,5.0,2.0,7.0,3.0,2.0,0.2,0.5,30.0,61,8860.0,35,47,30,8,119
144922,3.0,5.0,2.0,7.0,3.0,2.0,0.2,0.5,30.0,62,8740.0,38,52,31,8,128
144922,3.0,5.0,2.0,7.0,3.0,2.0,0.2,0.5,30.0,63,8650.0,37,55,32,8,132
144922,3.0,5.0,2.0,7.0,3.0,2.0,0.2,0.5,30.0,64,8630.0,37,55,33,8,133
144922,3.0,5.0,2.0,7.0,3.0,2.0,0.2,0.5,30.0,65,8620.0,37,54,35,9,134
144922,3.0,5.0,2.0,7.0,3.0,2.0,0.2,0.5,30.0,66,8590.0,37,54,38,10,140
144922,3.0,5.0,2.0,7.0,3.0,2.0,0.2,0.5,30.0,67,8520.0,39,56,42,10,148
144922,3.0,5.0,2.0,7.0,3.0,2.0,0.2,0.5,30.0,68,8420.0,41,63,47,12,163
144922,3.0,5.0,2.0,7.0,3.0,2.0,0.2,0.5,30.0,69,8280.0,48,65,51,11,176
144922,3.0,5.0,2.0,7.0,3.0,2.0,0.2,0.5,30.0,70,8160.0,47,67,53,11,178
144922,3.0,5.0,2.0,7.0,3.0,2.0,0.2,0.5,30.0,71,8150.0,47,68,53,11,180
144922,3.0,5.0,2.0,7.0,3.0,2.0,0.2,0.5,30.0,72,8110.0,48,68,57,11,185
144922,3.0,5.0,2.0,7.0,3.0,2.0,0.2,0.5,30.0,73,8070.0,48,71,60,11,193
144922,3.0,5.0,2.0,7.0,3.0,2.0,0.2,0.5,30.0,74,7980.0,49,75,63,15,201
144922,3.0,5.0,2.0,7.0,3.0,2.0,0.2,0.5,30.0,75,7865.0,51,84,67,16,216
144922,3.0,5.0,2.0,7.0,3.0,2.0,0.2,0.5,30.0,76,7531.25,60,94,68,17,235
144922,3.0,5.0,2.0,7.0,3.0,2.0,0.2,0.5,30.0,77,6944.0625,58,96,72,16,239
144922,3.0,5.0,2.0,7.0,3.0,2.0,0.2,0.5,30.0,78,6190.078125,59,97,72,15,241
144922,3.0,5.0,2.0,7.0,3.0,2.0,0.2,0.5,30.0,79,5267.59765625,56,97,73,17,239
144922,3.0,5.0,2.0,7.0,3.0,2.0,0.2,0.5,30.0,80,4584.4970703125,56,97,76,19,246
144922,3.0,5.0,2.0,7.0,3.0,2.0,0.2,0.5,30.0,81,4370.621337890625,58,98,77,19,250
144922,3.0,5.0,2.0,7.0,3.0,2.0,0.2,0.5,30.0,82,4353.276672363281,60,100,80,18,257
144922,3.0,5.0,2.0,7.0,3.0,2.0,0.2,0.5,30.0,83,4411.595840454102,62,103,79,18,260
144922,3.0,5.0,2.0,7.0,3.0,2.0,0.2,0.5,30.0,84,4714.494800567627,62,102,81,18,260
144922,3.0,5.0,2.0,7.0,3.0,2.0,0.2,0.5,30.0,85,5213.118500709534,59,101,80,18,255
144922,3.0,5.0,2.0,7.0,3.0,2.0,0.2,0.5,30.0,86,5906.398125886917,58,97,76,19,246
144922,3.0,5.0,2.0,7.0,3.0,2.0,0.2,0.5,30.0,87,6822.997657358646,57,96,75,19,243
144922,3.0,5.0,2.0,7.0,3.0,2.0,0.2,0.5,30.0,88,7578.747071698308,56,96,74,20,241
144922,3.0,5.0,2.0,7.0,3.0,2.0,0.2,0.5,30.0,89,8363.433839622885,58,95,72,20,240
144922,3.0,5.0,2.0,7.0,3.0,2.0,0.2,0.5,30.0,90,8910.0,56,97,70,19,238
144922,3.0,5.0,2.0,7.0,3.0,2.0,0.2,0.5,30.0,91,8890.0,55,98,69,18,236
144922,3.0,5.0,2.0,7.0,3.0,2.0,0.2,0.5,30.0,92,8850.0,53,99,69,19,235
144922,3.0,5.0,2.0,7.0,3.0,2.0,0.2,0.5,30.0,93,8840.0,51,95,69,19,229
144922,3.0,5.0,2.0,7.0,3.0,2.0,0.2,0.5,30.0,94,8800.0,52,92,66,19,224
144922,3.0,5.0,2.0,7.0,3.0,2.0,0.2,0.5,30.0,95,8760.0,47,89,65,19,214
144922,3.0,5.0,2.0,7.0,3.0,2.0,0.2,0.5,30.0,96,8660.0,49,87,64,19,214
144922,3.0,5.0,2.0,7.0,3.0,2.0,0.2,0.5,30.0,97,8560.0,46,85,65,19,208
144922,3.0,5.0,2.0,7.0,3.0,2.0,0.2,0.5,30.0,98,8440.0,44,82,60,19,198
144922,3.0,5.0,2.0,7.0,3.0,2.0,0.2,0.5,30.0,99,8390.0,45,80,56,17,195
144922,3.0,5.0,2.0,7.0,3.0,2.0,0.2,0.5,30.0,100,8310.0,43,77,53,17,187
144922,3.0,5.0,2.0,7.0,3.0,2.0,0.2,0.5,30.0,101,8240.0,40,76,52,17,184
144922,3.0,5.0,2.0,7.0,3.0,2.0,0.2,0.5,30.0,102,8170.0,37,74,53,19,180
144922,3.0,5.0,2.0,7.0,3.0,2.0,0.2,0.5,30.0,103,8100.0,37,74,55,19,184
144922,3.0,5.0,2.0,7.0,3.0,2.0,0.2,0.5,30.0,104,8030.0,41,76,53,20,187
144922,3.0,5.0,2.0,7.0,3.0,2.0,0.2,0.5,30.0,105,7980.0,41,81,55,19,193
144922,3.0,5.0,2.0,7.0,3.0,2.0,0.2,0.5,30.0,106,7965.0,42,85,55,17,198
144922,3.0,5.0,2.0,7.0,3.0,2.0,0.2,0.5,30.0,107,7906.25,42,81,56,21,195
144922,3.0,5.0,2.0,7.0,3.0,2.0,0.2,0.5,30.0,108,7852.8125,38,80,54,24,189
144922,3.0,5.0,2.0,7.0,3.0,2.0,0.2,0.5,30.0,109,7786.015625,35,77,54,25,184
144922,3.0,5.0,2.0,7.0,3.0,2.0,0.2,0.5,30.0,110,7732.51953125,34,76,57,24,186
144922,3.0,5.0,2.0,7.0,3.0,2.0,0.2,0.5,30.0,111,7685.6494140625,33,80,56,22,184
144922,3.0,5.0,2.0,7.0,3.0,2.0,0.2,0.5,30.0,112,7567.061767578125,34,90,59,22,199
144922,3.0,5.0,2.0,7.0,3.0,2.0,0.2,0.5,30.0,113,7308.827209472656,37,94,61,23,207
144922,3.0,5.0,2.0,7.0,3.0,2.0,0.2,0.5,30.0,114,6886.03401184082,39,97,62,25,213
144922,3.0,5.0,2.0,7.0,3.0,2.0,0.2,0.5,30.0,115,6267.542514801025,40,98,67,28,221
144922,3.0,5.0,2.0,7.0,3.0,2.0,0.2,0.5,30.0,116,5364.428143501282,41,100,71,29,228
144922,3.0,5.0,2.0,7.0,3.0,2.0,0.2,0.5,30.0,117,4585.535179376602,41,103,75,29,236
144922,3.0,5.0,2.0,7.0,3.0,2.0,0.2,0.5,30.0,118,4301.918974220753,40,106,78,29,241
144922,3.0,5.0,2.0,7.0,3.0,2.0,0.2,0.5,30.0,119,4267.398717775941,43,109,78,28,247
144922,3.0,5.0,2.0,7.0,3.0,2.0,0.2,0.5,30.0,120,4294.248397219926,45,111,79,28,252
144922,3.0,5.0,2.0,7.0,3.0,2.0,0.2,0.5,30.0,121,4557.810496524908,44,112,79,28,252
144922,3.0,5.0,2.0,7.0,3.0,2.0,0.2,0.5,30.0,122,4997.263120656135,43,109,79,28,248
144922,3.0,5.0,2.0,7.0,3.0,2.0,0.2,0.5,30.0,123,5576.578900820168,43,107,77,27,244
144922,3.0,5.0,2.0,7.0,3.0,2.0,0.2,0.5,30.0,124,6410.72362602521,42,104,76,26,239
144922,3.0,5.0,2.0,7.0,3.0,2.0,0.2,0.5,30.0,125,7583.404532531513,41,102,74,26,234
144922,3.0,5.0,2.0,7.0,3.0,2.0,0.2,0.5,30.0,126,8429.25566566439,41,103,72,26,233
144922,3.0,5.0,2.0,7.0,3.0,2.0,0.2,0.5,30.0,127,8960.0,42,100,69,25,227
144922,3.0,5.0,2.0,7.0,3.0,2.0,0.2,0.5,30.0,128,8990.0,43,100,68,25,227
144922,3.0,5.0,2.0,7.0,3.0,2.0,0.2,0.5,30.0,129,8970.0,43,98,68,25,226
144922,3.0,5.0,2.0,7.0,3.0,2.0,0.2,0.5,30.0,130,8910.0,39,95,66,25,217
144922,3.0,5.0,2.0,7.0,3.0,2.0,0.2,0.5,30.0,131,8930.0,38,95,64,24,213
144922,3.0,5.0,2.0,7.0,3.0,2.0,0.2,0.5,30.0,132,8950.0,35,93,60,24,202
144922,3.0,5.0,2.0,7.0,3.0,2.0,0.2,0.5,30.0,133,8890.0,33,91,59,23,197
144922,3.0,5.0,2.0,7.0,3.0,2.0,0.2,0.5,30.0,134,8750.0,32,89,55,18,189
144922,3.0,5.0,2.0,7.0,3.0,2.0,0.2,0.5,30.0,135,8640.0,30,86,52,18,181
144922,3.0,5.0,2.0,7.0,3.0,2.0,0.2,0.5,30.0,136,8610.0,28,86,48,16,174
144922,3.0,5.0,2.0,7.0,3.0,2.0,0.2,0.5,30.0,137,8580.0,27,78,46,18,163
144922,3.0,5.0,2.0,7.0,3.0,2.0,0.2,0.5,30.0,138,8430.0,26,74,48,22,161
144922,3.0,5.0,2.0,7.0,3.0,2.0,0.2,0.5,30.0,139,8380.0,24,71,51,19,159
144922,3.0,5.0,2.0,7.0,3.0,2.0,0.2,0.5,30.0,140,8390.0,23,73,50,18,158
144922,3.0,5.0,2.0,7.0,3.0,2.0,0.2,0.5,30.0,141,8330.0,24,75,50,18,158
144922,3.0,5.0,2.0,7.0,3.0,2.0,0.2,0.5,30.0,142,8310.0,27,73,48,16,158
144922,3.0,5.0,2.0,7.0,3.0,2.0,0.2,0.5,30.0,143,8370.0,28,73,47,16,158
144922,3.0,5.0,2.0,7.0,3.0,2.0,0.2,0.5,30.0,144,8330.0,28,72,48,18,158
144922,3.0,5.0,2.0,7.0,3.0,2.0,0.2,0.5,30.0,145,8320.0,27,70,52,19,159
144922,3.0,5.0,2.0,7.0,3.0,2.0,0.2,0.5,30.0,146,8310.0,27,70,51,20,159
144922,3.0,5.0,2.0,7.0,3.0,2.0,0.2,0.5,30.0,147,8280.0,28,71,49,22,158
144922,3.0,5.0,2.0,7.0,3.0,2.0,0.2,0.5,30.0,148,8320.0,27,74,46,19,157
144922,3.0,5.0,2.0,7.0,3.0,2.0,0.2,0.5,30.0,149,8320.0,26,76,44,18,155
144922,3.0,5.0,2.0,7.0,3.0,2.0,0.2,0.5,30.0,150,8310.0,28,82,46,18,166
144922,3.0,5.0,2.0,7.0,3.0,2.0,0.2,0.5,30.0,151,8180.0,29,86,48,20,173
144922,3.0,5.0,2.0,7.0,3.0,2.0,0.2,0.5,30.0,152,8090.0,29,87,52,24,179
144922,3.0,5.0,2.0,7.0,3.0,2.0,0.2,0.5,30.0,153,8010.0,30,89,56,26,186
144922,3.0,5.0,2.0,7.0,3.0,2.0,0.2,0.5,30.0,154,7890.0,29,95,62,27,197
144922,3.0,5.0,2.0,7.0,3.0,2.0,0.2,0.5,30.0,155,7632.5,31,102,63,27,207
144922,3.0,5.0,2.0,7.0,3.0,2.0,0.2,0.5,30.0,156,7200.625,32,105,66,27,214
144922,3.0,5.0,2.0,7.0,3.0,2.0,0.2,0.5,30.0,157,6610.78125,33,115,73,28,232
144922,3.0,5.0,2.0,7.0,3.0,2.0,0.2,0.5,30.0,158,5683.4765625,35,118,78,31,242
144922,3.0,5.0,2.0,7.0,3.0,2.0,0.2,0.5,30.0,159,4924.345703125,34,121,81,36,249
144922,3.0,5.0,2.0,7.0,3.0,2.0,0.2,0.5,30.0,160,4695.43212890625,36,121,82,37,252
144922,3.0,5.0,2.0,7.0,3.0,2.0,0.2,0.5,30.0,161,4689.2901611328125,36,123,82,38,254
144922,3.0,5.0,2.0,7.0,3.0,2.0,0.2,0.5,30.0,162,4871.612701416016,36,127,82,37,256
144922,3.0,5.0,2.0,7.0,3.0,2.0,0.2,0.5,30.0,163,5149.5158767700195,36,125,76,37,247
144922,3.0,5.0,2.0,7.0,3.0,2.0,0.2,0.5,30.0,164,5486.894845962524,37,122,77,37,246
144922,3.0,5.0,2.0,7.0,3.0,2.0,0.2,0.5,30.0,165,6098.6185574531555,36,120,76,37,242
144922,3.0,5.0,2.0,7.0,3.0,2.0,0.2,0.5,30.0,166,6893.273196816444,36,121,75,37,242
144922,3.0,5.0,2.0,7.0,3.0,2.0,0.2,0.5,30.0,167,7816.5914960205555,38,115,73,36,235
144922,3.0,5.0,2.0,7.0,3.0,2.0,0.2,0.5,30.0,168,8590.739370025694,36,116,70,36,231
144922,3.0,5.0,2.0,7.0,3.0,2.0,0.2,0.5,30.0,169,8830.0,36,117,69,33,230
144922,3.0,5.0,2.0,7.0,3.0,2.0,0.2,0.5,30.0,170,8840.0,36,116,70,32,230
144922,3.0,5.0,2.0,7.0,3.0,2.0,0.2,0.5,30.0,171,8790.0,39,115,66,31,227
144922,3.0,5.0,2.0,7.0,3.0,2.0,0.2,0.5,30.0,172,8810.0,37,112,67,30,223
144922,3.0,5.0,2.0,7.0,3.0,2.0,0.2,0.5,30.0,173,8810.0,36,108,67,28,218
144922,3.0,5.0,2.0,7.0,3.0,2.0,0.2,0.5,30.0,174,8810.0,35,102,65,28,208
144922,3.0,5.0,2.0,7.0,3.0,2.0,0.2,0.5,30.0,175,8760.0,35,96,60,27,198
144922,3.0,5.0,2.0,7.0,3.0,2.0,0.2,0.5,30.0,176,8720.0,31,97,57,26,191
144922,3.0,5.0,2.0,7.0,3.0,2.0,0.2,0.5,30.0,177,8670.0,29,90,57,23,181
144922,3.0,5.0,2.0,7.0,3.0,2.0,0.2,0.5,30.0,178,8560.0,28,83,54,21,170
144922,3.0,5.0,2.0,7.0,3.0,2.0,0.2,0.5,30.0,179,8470.0,28,78,53,21,165
144922,3.0,5.0,2.0,7.0,3.0,2.0,0.2,0.5,30.0,180,8390.0,29,76,53,20,165
144922,3.0,5.0,2.0,7.0,3.0,2.0,0.2,0.5,30.0,181,8310.0,28,76,54,22,166
144922,3.0,5.0,2.0,7.0,3.0,2.0,0.2,0.5,30.0,182,8280.0,29,74,53,21,163
144922,3.0,5.0,2.0,7.0,3.0,2.0,0.2,0.5,30.0,183,8200.0,30,80,56,20,174
144922,3.0,5.0,2.0,7.0,3.0,2.0,0.2,0.5,30.0,184,8150.0,29,83,61,17,180
144922,3.0,5.0,2.0,7.0,3.0,2.0,0.2,0.5,30.0,185,8110.0,28,86,60,15,182
144922,3.0,5.0,2.0,7.0,3.0,2.0,0.2,0.5,30.0,186,8140.0,29,83,59,14,179
144922,3.0,5.0,2.0,7.0,3.0,2.0,0.2,0.5,30.0,187,8150.0,29,83,58,16,178
144922,3.0,5.0,2.0,7.0,3.0,2.0,0.2,0.5,30.0,188,8160.0,30,86,50,18,174
144922,3.0,5.0,2.0,7.0,3.0,2.0,0.2,0.5,30.0,189,8120.0,32,87,52,19,179
144922,3.0,5.0,2.0,7.0,3.0,2.0,0.2,0.5,30.0,190,8140.0,34,85,54,20,181
144922,3.0,5.0,2.0,7.0,3.0,2.0,0.2,0.5,30.0,191,8020.0,36,92,56,19,191
144922,3.0,5.0,2.0,7.0,3.0,2.0,0.2,0.5,30.0,192,7980.0,32,94,61,19,196
144922,3.0,5.0,2.0,7.0,3.0,2.0,0.2,0.5,30.0,193,7895.0,32,95,63,17,198
144922,3.0,5.0,2.0,7.0,3.0,2.0,0.2,0.5,30.0,194,7718.75,34,97,69,19,209
144922,3.0,5.0,2.0,7.0,3.0,2.0,0.2,0.5,30.0,195,7408.4375,35,100,72,20,216
144922,3.0,5.0,2.0,7.0,3.0,2.0,0.2,0.5,30.0,196,6920.546875,40,105,73,20,227
144922,3.0,5.0,2.0,7.0,3.0,2.0,0.2,0.5,30.0,197,6190.68359375,42,114,79,21,245
144922,3.0,5.0,2.0,7.0,3.0,2.0,0.2,0.5,30.0,198,5218.3544921875,43,120,85,22,260
144922,3.0,5.0,2.0,7.0,3.0,2.0,0.2,0.5,30.0,199,4822.943115234375,45,127,85,22,270
144922,3.0,5.0,2.0,7.0,3.0,2.0,0.2,0.5,30.0,200,4728.678894042969,43,125,85,22,266
144922,3.0,5.0,2.0,7.0,3.0,2.0,0.2,0.5,30.0,201,4820.848617553711,45,124,85,21,267
144922,3.0,5.0,2.0,7.0,3.0,2.0,0.2,0.5,30.0,202,5056.060771942139,44,123,87,21,267
144922,3.0,5.0,2.0,7.0,3.0,2.0,0.2,0.5,30.0,203,5520.075964927673,44,124,86,21,267
144922,3.0,5.0,2.0,7.0,3.0,2.0,0.2,0.5,30.0,204,6140.094956159592,42,125,83,21,263
144922,3.0,5.0,2.0,7.0,3.0,2.0,0.2,0.5,30.0,205,7025.11869519949,41,123,81,20,258
144922,3.0,5.0,2.0,7.0,3.0,2.0,0.2,0.5,30.0,206,7891.398368999362,40,124,79,20,256
144922,3.0,5.0,2.0,7.0,3.0,2.0,0.2,0.5,30.0,207,8654.247961249202,38,121,80,21,251
144922,3.0,5.0,2.0,7.0,3.0,2.0,0.2,0.5,30.0,208,8780.0,38,118,78,20,246
144922,3.0,5.0,2.0,7.0,3.0,2.0,0.2,0.5,30.0,209,8830.0,39,117,78,17,246
144922,3.0,5.0,2.0,7.0,3.0,2.0,0.2,0.5,30.0,210,8770.0,39,120,78,17,249
144922,3.0,5.0,2.0,7.0,3.0,2.0,0.2,0.5,30.0,211,8760.0,37,123,80,17,252
144922,3.0,5.0,2.0,7.0,3.0,2.0,0.2,0.5,30.0,212,8740.0,37,120,78,15,247
144922,3.0,5.0,2.0,7.0,3.0,2.0,0.2,0.5,30.0,213,8700.0,36,114,79,15,238
144922,3.0,5.0,2.0,7.0,3.0,2.0,0.2,0.5,30.0,214,8740.0,33,104,75,16,220
144922,3.0,5.0,2.0,7.0,3.0,2.0,0.2,0.5,30.0,215,8630.0,32,99,72,16,210
144922,3.0,5.0,2.0,7.0,3.0,2.0,0.2,0.5,30.0,216,8590.0,32,91,68,15,198
144922,3.0,5.0,2.0,7.0,3.0,2.0,0.2,0.5,30.0,217,8510.0,31,92,62,15,190
144922,3.0,5.0,2.0,7.0,3.0,2.0,0.2,0.5,30.0,218,8400.0,30,90,64,14,189
144922,3.0,5.0,2.0,7.0,3.0,2.0,0.2,0.5,30.0,219,8300.0,30,89,65,14,189
144922,3.0,5.0,2.0,7.0,3.0,2.0,0.2,0.5,30.0,220,8160.0,29,89,67,14,190
144922,3.0,5.0,2.0,7.0,3.0,2.0,0.2,0.5,30.0,221,8070.0,30,87,67,13,190
144922,3.0,5.0,2.0,7.0,3.0,2.0,0.2,0.5,30.0,222,8070.0,29,83,69,12,188
144922,3.0,5.0,2.0,7.0,3.0,2.0,0.2,0.5,30.0,223,8090.0,30,83,66,11,186
144922,3.0,5.0,2.0,7.0,3.0,2.0,0.2,0.5,30.0,224,8090.0,30,86,67,11,190
144922,3.0,5.0,2.0,7.0,3.0,2.0,0.2,0.5,30.0,225,8110.0,29,90,66,12,191
144922,3.0,5.0,2.0,7.0,3.0,2.0,0.2,0.5,30.0,226,8080.0,28,94,64,13,194
144922,3.0,5.0,2.0,7.0,3.0,2.0,0.2,0.5,30.0,227,8010.0,29,96,66,11,198
144922,3.0,5.0,2.0,7.0,3.0,2.0,0.2,0.5,30.0,228,7970.0,31,97,66,12,201
144922,3.0,5.0,2.0,7.0,3.0,2.0,0.2,0.5,30.0,229,7932.5,29,98,67,11,200
144922,3.0,5.0,2.0,7.0,3.0,2.0,0.2,0.5,30.0,230,7905.625,28,100,63,11,196
144922,3.0,5.0,2.0,7.0,3.0,2.0,0.2,0.5,30.0,231,7832.03125,29,106,68,11,208
144922,3.0,5.0,2.0,7.0,3.0,2.0,0.2,0.5,30.0,232,7620.0390625,30,114,72,12,221
144922,3.0,5.0,2.0,7.0,3.0,2.0,0.2,0.5,30.0,233,7215.048828125,30,125,75,15,235
144922,3.0,5.0,2.0,7.0,3.0,2.0,0.2,0.5,30.0,234,6538.81103515625,31,130,81,16,247
144922,3.0,5.0,2.0,7.0,3.0,2.0,0.2,0.5,30.0,235,5583.5137939453125,32,134,81,19,252
144922,3.0,5.0,2.0,7.0,3.0,2.0,0.2,0.5,30.0,236,4799.392242431641,33,138,85,20,261
144922,3.0,5.0,2.0,7.0,3.0,2.0,0.2,0.5,30.0,237,4409.240303039551,36,139,85,21,265
144922,3.0,5.0,2.0,7.0,3.0,2.0,0.2,0.5,30.0,238,4221.5503787994385,37,138,85,20,265
144922,3.0,5.0,2.0,7.0,3.0,2.0,0.2,0.5,30.0,239,4076.937973499298,38,141,84,20,268
144922,3.0,5.0,2.0,7.0,3.0,2.0,0.2,0.5,30.0,240,4086.1724668741226,37,144,85,20,271
144922,3.0,5.0,2.0,7.0,3.0,2.0,0.2,0.5,30.0,241,4157.715583592653,37,142,85,20,269
144922,3.0,5.0,2.0,7.0,3.0,2.0,0.2,0.5,30.0,242,4367.144479490817,38,139,84,20,266
144922,3.0,5.0,2.0,7.0,3.0,2.0,0.2,0.5,30.0,243,4828.930599363521,37,137,80,20,259
144922,3.0,5.0,2.0,7.0,3.0,2.0,0.2,0.5,30.0,244,5386.163249204401,38,136,77,19,256
144922,3.0,5.0,2.0,7.0,3.0,2.0,0.2,0.5,30.0,245,6182.704061505501,39,136,75,19,255
144922,3.0,5.0,2.0,7.0,3.0,2.0,0.2,0.5,30.0,246,7238.380076881876,38,135,73,19,251
144922,3.0,5.0,2.0,7.0,3.0,2.0,0.2,0.5,30.0,247,8167.975096102346,38,134,69,18,246
144922,3.0,5.0,2.0,7.0,3.0,2.0,0.2,0.5,30.0,248,9110.0,37,131,66,18,239
144922,3.0,5.0,2.0,7.0,3.0,2.0,0.2,0.5,30.0,249,9130.0,37,127,64,18,233
144922,3.0,5.0,2.0,7.0,3.0,2.0,0.2,0.5,30.0,250,9110.0,37,119,61,17,222
144922,3.0,5.0,2.0,7.0,3.0,2.0,0.2,0.5,30.0,251,9100.0,36,118,56,16,215
144922,3.0,5.0,2.0,7.0,3.0,2.0,0.2,0.5,30.0,252,9020.0,34,114,53,16,205
144922,3.0,5.0,2.0,7.0,3.0,2.0,0.2,0.5,30.0,253,8980.0,32,113,52,16,200
144922,3.0,5.0,2.0,7.0,3.0,2.0,0.2,0.5,30.0,254,8850.0,31,111,48,16,193
144922,3.0,5.0,2.0,7.0,3.0,2.0,0.2,0.5,30.0,255,8840.0,29,104,45,16,180
144922,3.0,5.0,2.0,7.0,3.0,2.0,0.2,0.5,30.0,256,8770.0,26,94,41,15,163
144922,3.0,5.0,2.0,7.0,3.0,2.0,0.2,0.5,30.0,257,8810.0,26,83,40,13,149
144922,3.0,5.0,2.0,7.0,3.0,2.0,0.2,0.5,30.0,258,8730.0,28,80,38,11,146
144922,3.0,5.0,2.0,7.0,3.0,2.0,0.2,0.5,30.0,259,8640.0,25,81,38,11,144
144922,3.0,5.0,2.0,7.0,3.0,2.0,0.2,0.5,30.0,260,8600.0,26,82,36,10,144
144922,3.0,5.0,2.0,7.0,3.0,2.0,0.2,0.5,30.0,261,8550.0,23,85,35,10,143
144922,3.0,5.0,2.0,7.0,3.0,2.0,0.2,0.5,30.0,262,8570.0,22,80,37,11,140
144922,3.0,5.0,2.0,7.0,3.0,2.0,0.2,0.5,30.0,263,8590.0,21,74,37,12,133
144922,3.0,5.0,2.0,7.0,3.0,2.0,0.2,0.5,30.0,264,8660.0,20,71,37,12,129
144922,3.0,5.0,2.0,7.0,3.0,2.0,0.2,0.5,30.0,265,8660.0,22,75,35,12,133
144922,3.0,5.0,2.0,7.0,3.0,2.0,0.2,0.5,30.0,266,8660.0,22,75,31,10,129
144922,3.0,5.0,2.0,7.0,3.0,2.0,0.2,0.5,30.0,267,8660.0,24,75,31,10,131
144922,3.0,5.0,2.0,7.0,3.0,2.0,0.2,0.5,30.0,268,8630.0,25,79,31,10,136
144922,3.0,5.0,2.0,7.0,3.0,2.0,0.2,0.5,30.0,269,8590.0,26,80,30,11,137
144922,3.0,5.0,2.0,7.0,3.0,2.0,0.2,0.5,30.0,270,8530.0,25,81,32,12,139
144922,3.0,5.0,2.0,7.0,3.0,2.0,0.2,0.5,30.0,271,8500.0,26,87,34,12,149
144922,3.0,5.0,2.0,7.0,3.0,2.0,0.2,0.5,30.0,272,8420.0,27,93,36,12,158
144922,3.0,5.0,2.0,7.0,3.0,2.0,0.2,0.5,30.0,273,8330.0,30,98,36,12,166
144922,3.0,5.0,2.0,7.0,3.0,2.0,0.2,0.5,30.0,274,8230.0,31,102,39,13,174
144922,3.0,5.0,2.0,7.0,3.0,2.0,0.2,0.5,30.0,275,8140.0,33,108,42,14,185
144922,3.0,5.0,2.0,7.0,3.0,2.0,0.2,0.5,30.0,276,8050.0,35,110,43,15,190
144922,3.0,5.0,2.0,7.0,3.0,2.0,0.2,0.5,30.0,277,7990.0,33,108,47,15,190
144922,3.0,5.0,2.0,7.0,3.0,2.0,0.2,0.5,30.0,278,7957.5,32,116,53,17,203
144922,3.0,5.0,2.0,7.0,3.0,2.0,0.2,0.5,30.0,279,7756.875,34,124,56,17,216
144922,3.0,5.0,2.0,7.0,3.0,2.0,0.2,0.5,30.0,280,7386.09375,37,133,60,17,232
144922,3.0,5.0,2.0,7.0,3.0,2.0,0.2,0.5,30.0,281,6782.6171875,36,135,64,19,238
144922,3.0,5.0,2.0,7.0,3.0,2.0,0.2,0.5,30.0,282,5958.271484375,40,140,66,20,250
144922,3.0,5.0,2.0,7.0,3.0,2.0,0.2,0.5,30.0,283,5057.83935546875,43,139,69,21,255
144922,3.0,5.0,2.0,7.0,3.0,2.0,0.2,0.5,30.0,284,4752.2991943359375,43,139,71,20,257
144922,3.0,5.0,2.0,7.0,3.0,2.0,0.2,0.5,30.0,285,4570.373992919922,43,141,72,19,260
144922,3.0,5.0,2.0,7.0,3.0,2.0,0.2,0.5,30.0,286,4662.967491149902,43,140,70,18,257
144922,3.0,5.0,2.0,7.0,3.0,2.0,0.2,0.5,30.0,287,4818.709363937378,45,142,69,18,260
144922,3.0,5.0,2.0,7.0,3.0,2.0,0.2,0.5,30.0,288,5203.386704921722,46,139,69,17,258
144922,3.0,5.0,2.0,7.0,3.0,2.0,0.2,0.5,30.0,289,5754.233381152153,45,139,68,17,256
144922,3.0,5.0,2.0,7.0,3.0,2.0,0.2,0.5,30.0,290,6562.791726440191,42,137,66,17,249
144922,3.0,5.0,2.0,7.0,3.0,2.0,0.2,0.5,30.0,291,7443.489658050239,43,137,65,17,249
144922,3.0,5.0,2.0,7.0,3.0,2.0,0.2,0.5,30.0,292,8314.362072562799,42,131,65,16,242
144922,3.0,5.0,2.0,7.0,3.0,2.0,0.2,0.5,30.0,293,8970.0,43,129,63,16,239
144922,3.0,5.0,2.0,7.0,3.0,2.0,0.2,0.5,30.0,294,8970.0,43,134,61,17,242
144922,3.0,5.0,2.0,7.0,3.0,2.0,0.2,0.5,30.0,295,8930.0,46,134,60,15,244
144922,3.0,5.0,2.0,7.0,3.0,2.0,0.2,0.5,30.0,296,8940.0,46,133,61,14,244
144922,3.0,5.0,2.0,7.0,3.0,2.0,0.2,0.5,30.0,297,8850.0,43,127,62,15,236
144922,3.0,5.0,2.0,7.0,3.0,2.0,0.2,0.5,30.0,298,8880.0,42,124,57,13,227
144922,3.0,5.0,2.0,7.0,3.0,2.0,0.2,0.5,30.0,299,8840.0,39,113,54,12,210
144922,3.0,5.0,2.0,7.0,3.0,2.0,0.2,0.5,30.0,300,8790.0,35,109,54,11,202
144922,3.0,5.0,2.0,7.0,3.0,2.0,0.2,0.5,30.0,301,8700.0,34,108,53,11,199
144922,3.0,5.0,2.0,7.0,3.0,2.0,0.2,0.5,30.0,302,8550.0,36,111,51,9,201
144922,3.0,5.0,2.0,7.0,3.0,2.0,0.2,0.5,30.0,303,8390.0,36,114,51,10,204
144922,3.0,5.0,2.0,7.0,3.0,2.0,0.2,0.5,30.0,304,8280.0,35,105,50,11,193
144922,3.0,5.0,2.0,7.0,3.0,2.0,0.2,0.5,30.0,305,8200.0,34,102,50,11,189
144922,3.0,5.0,2.0,7.0,3.0,2.0,0.2,0.5,30.0,306,8140.0,33,101,52,10,189
144922,3.0,5.0,2.0,7.0,3.0,2.0,0.2,0.5,30.0,307,8100.0,33,99,55,10,191
144922,3.0,5.0,2.0,7.0,3.0,2.0,0.2,0.5,30.0,308,8090.0,34,101,52,9,191
144922,3.0,5.0,2.0,7.0,3.0,2.0,0.2,0.5,30.0,309,8120.0,38,105,47,7,194
144922,3.0,5.0,2.0,7.0,3.0,2.0,0.2,0.5,30.0,310,8050.0,41,113,51,7,209
144922,3.0,5.0,2.0,7.0,3.0,2.0,0.2,0.5,30.0,311,7960.0,40,108,52,8,204
144922,3.0,5.0,2.0,7.0,3.0,2.0,0.2,0.5,30.0,312,7970.0,39,102,53,8,198
144922,3.0,5.0,2.0,7.0,3.0,2.0,0.2,0.5,30.0,313,8002.5,37,100,53,8,194
144922,3.0,5.0,2.0,7.0,3.0,2.0,0.2,0.5,30.0,314,8040.0,35,102,54,9,195
144922,3.0,5.0,2.0,7.0,3.0,2.0,0.2,0.5,30.0,315,8020.0,35,109,53,7,200
144922,3.0,5.0,2.0,7.0,3.0,2.0,0.2,0.5,30.0,316,7970.0,37,115,55,8,211
144922,3.0,5.0,2.0,7.0,3.0,2.0,0.2,0.5,30.0,317,7772.5,43,127,59,8,233
144922,3.0,5.0,2.0,7.0,3.0,2.0,0.2,0.5,30.0,318,7345.625,44,135,63,8,246
144922,3.0,5.0,2.0,7.0,3.0,2.0,0.2,0.5,30.0,319,6702.03125,42,138,67,8,252
144922,3.0,5.0,2.0,7.0,3.0,2.0,0.2,0.5,30.0,320,5817.5390625,43,137,71,8,256
144922,3.0,5.0,2.0,7.0,3.0,2.0,0.2,0.5,30.0,321,4941.923828125,44,140,74,9,264
144922,3.0,5.0,2.0,7.0,3.0,2.0,0.2,0.5,30.0,322,4507.40478515625,45,142,74,9,267
144922,3.0,5.0,2.0,7.0,3.0,2.0,0.2,0.5,30.0,323,4514.2559814453125,49,143,74,9,272
144922,3.0,5.0,2.0,7.0,3.0,2.0,0.2,0.5,30.0,324,4552.819976806641,50,145,73,9,274
144922,3.0,5.0,2.0,7.0,3.0,2.0,0.2,0.5,30.0,325,4741.024971008301,52,148,72,9,278
144922,3.0,5.0,2.0,7.0,3.0,2.0,0.2,0.5,30.0,326,5116.281213760376,52,147,72,8,277
144922,3.0,5.0,2.0,7.0,3.0,2.0,0.2,0.5,30.0,327,5705.35151720047,50,144,72,8,271
144922,3.0,5.0,2.0,7.0,3.0,2.0,0.2,0.5,30.0,328,6481.6893965005875,51,137,70,7,263
144922,3.0,5.0,2.0,7.0,3.0,2.0,0.2,0.5,30.0,329,7502.111745625734,50,135,70,7,260
144922,3.0,5.0,2.0,7.0,3.0,2.0,0.2,0.5,30.0,330,8397.639682032168,49,135,68,7,257
144922,3.0,5.0,2.0,7.0,3.0,2.0,0.2,0.5,30.0,331,9010.0,49,136,65,8,255
144922,3.0,5.0,2.0,7.0,3.0,2.0,0.2,0.5,30.0,332,9000.0,48,137,64,8,254
144922,3.0,5.0,2.0,7.0,3.0,2.0,0.2,0.5,30.0,333,8960.0,46,136,64,8,251
144922,3.0,5.0,2.0,7.0,3.0,2.0,0.2,0.5,30.0,334,8950.0,44,132,61,8,242
144922,3.0,5.0,2.0,7.0,3.0,2.0,0.2,0.5,30.0,335,8880.0,45,136,60,7,246
144922,3.0,5.0,2.0,7.0,3.0,2.0,0.2,0.5,30.0,336,8910.0,46,128,56,6,235
144922,3.0,5.0,2.0,7.0,3.0,2.0,0.2,0.5,30.0,337,8830.0,44,124,50,5,224
144922,3.0,5.0,2.0,7.0,3.0,2.0,0.2,0.5,30.0,338,8790.0,44,117,45,7,211
144922,3.0,5.0,2.0,7.0,3.0,2.0,0.2,0.5,30.0,339,8650.0,43,116,42,7,206
144922,3.0,5.0,2.0,7.0,3.0,2.0,0.2,0.5,30.0,340,8550.0,42,112,40,8,199
144922,3.0,5.0,2.0,7.0,3.0,2.0,0.2,0.5,30.0,341,8500.0,38,109,38,8,190
144922,3.0,5.0,2.0,7.0,3.0,2.0,0.2,0.5,30.0,342,8500.0,34,106,33,9,178
144922,3.0,5.0,2.0,7.0,3.0,2.0,0.2,0.5,30.0,343,8400.0,31,107,31,9,174
144922,3.0,5.0,2.0,7.0,3.0,2.0,0.2,0.5,30.0,344,8360.0,30,107,29,8,172
144922,3.0,5.0,2.0,7.0,3.0,2.0,0.2,0.5,30.0,345,8260.0,31,107,31,9,174
144922,3.0,5.0,2.0,7.0,3.0,2.0,0.2,0.5,30.0,346,8230.0,32,110,33,9,180
144922,3.0,5.0,2.0,7.0,3.0,2.0,0.2,0.5,30.0,347,8180.0,33,114,31,9,182
144922,3.0,5.0,2.0,7.0,3.0,2.0,0.2,0.5,30.0,348,8140.0,34,119,29,9,186
144922,3.0,5.0,2.0,7.0,3.0,2.0,0.2,0.5,30.0,349,8200.0,27,122,27,10,180
144922,3.0,5.0,2.0,7.0,3.0,2.0,0.2,0.5,30.0,350,8230.0,27,121,27,9,178
144922,3.0,5.0,2.0,7.0,3.0,2.0,0.2,0.5,30.0,351,8210.0,28,122,27,9,181
144922,3.0,5.0,2.0,7.0,3.0,2.0,0.2,0.5,30.0,352,8170.0,28,122,25,10,178
144922,3.0,5.0,2.0,7.0,3.0,2.0,0.2,0.5,30.0,353,8140.0,28,132,28,10,191
144922,3.0,5.0,2.0,7.0,3.0,2.0,0.2,0.5,30.0,354,8020.0,31,133,30,11,197
144922,3.0,5.0,2.0,7.0,3.0,2.0,0.2,0.5,30.0,355,7960.0,30,142,31,11,206
144922,3.0,5.0,2.0,7.0,3.0,2.0,0.2,0.5,30.0,356,7790.0,30,152,32,11,217
144922,3.0,5.0,2.0,7.0,3.0,2.0,0.2,0.5,30.0,357,7507.5,30,159,33,11,225
144922,3.0,5.0,2.0,7.0,3.0,2.0,0.2,0.5,30.0,358,7054.375,30,164,36,12,235
144922,3.0,5.0,2.0,7.0,3.0,2.0,0.2,0.5,30.0,359,6367.96875,30,171,37,13,243
144922,3.0,5.0,2.0,7.0,3.0,2.0,0.2,0.5,30.0,360,5419.9609375,32,180,43,14,260
144922,3.0,5.0,2.0,7.0,3.0,2.0,0.2,0.5,30.0,361,4744.951171875,33,182,46,16,266
144922,3.0,5.0,2.0,7.0,3.0,2.0,0.2,0.5,30.0,362,4431.18896484375,35,187,47,15,274
144922,3.0,5.0,2.0,7.0,3.0,2.0,0.2,0.5,30.0,363,4408.9862060546875,34,189,46,15,274
144922,3.0,5.0,2.0,7.0,3.0,2.0,0.2,0.5,30.0,364,4541.232757568359,35,192,45,15,277
144922,3.0,5.0,2.0,7.0,3.0,2.0,0.2,0.5,30.0,365,4886.540946960449,34,190,45,15,274
144922,3.0,5.0,2.0,7.0,3.0,2.0,0.2,0.5,30.0,366,5408.1761837005615,34,183,44,15,266
144922,3.0,5.0,2.0,7.0,3.0,2.0,0.2,0.5,30.0,367,6090.220229625702,33,181,44,15,263
144922,3.0,5.0,2.0,7.0,3.0,2.0,0.2,0.5,30.0,368,6962.775287032127,31,181,44,15,260
144922,3.0,5.0,2.0,7.0,3.0,2.0,0.2,0.5,30.0,369,7903.469108790159,31,178,44,15,257
144922,3.0,5.0,2.0,7.0,3.0,2.0,0.2,0.5,30.0,370,8899.336385987699,31,174,44,13,253
144922,3.0,5.0,2.0,7.0,3.0,2.0,0.2,0.5,30.0,371,9000.0,30,172,42,13,248
144922,3.0,5.0,2.0,7.0,3.0,2.0,0.2,0.5,30.0,372,8990.0,31,170,42,12,247
144922,3.0,5.0,2.0,7.0,3.0,2.0,0.2,0.5,30.0,373,8930.0,30,170,43,12,247
144922,3.0,5.0,2.0,7.0,3.0,2.0,0.2,0.5,30.0,374,8880.0,29,170,42,10,245
144922,3.0,5.0,2.0,7.0,3.0,2.0,0.2,0.5,30.0,375,8880.0,29,162,40,11,234
144922,3.0,5.0,2.0,7.0,3.0,2.0,0.2,0.5,30.0,376,8870.0,27,156,38,10,223
144922,3.0,5.0,2.0,7.0,3.0,2.0,0.2,0.5,30.0,377,8820.0,25,145,36,10,208
144922,3.0,5.0,2.0,7.0,3.0,2.0,0.2,0.5,30.0,378,8770.0,23,137,35,9,197
144922,3.0,5.0,2.0,7.0,3.0,2.0,0.2,0.5,30.0,379,8650.0,23,132,34,9,191
144922,3.0,5.0,2.0,7.0,3.0,2.0,0.2,0.5,30.0,380,8580.0,22,127,32,8,183
144922,3.0,5.0,2.0,7.0,3.0,2.0,0.2,0.5,30.0,381,8510.0,21,124,32,8,179
144922,3.0,5.0,2.0,7.0,3.0,2.0,0.2,0.5,30.0,382,8450.0,19,120,33,9,174
144922,3.0,5.0,2.0,7.0,3.0,2.0,0.2,0.5,30.0,383,8350.0,21,118,31,9,171
144922,3.0,5.0,2.0,7.0,3.0,2.0,0.2,0.5,30.0,384,8300.0,20,121,32,7,174
144922,3.0,5.0,2.0,7.0,3.0,2.0,0.2,0.5,30.0,385,8250.0,21,127,30,8,179
144922,3.0,5.0,2.0,7.0,3.0,2.0,0.2,0.5,30.0,386,8180.0,20,132,32,9,185
144922,3.0,5.0,2.0,7.0,3.0,2.0,0.2,0.5,30.0,387,8130.0,18,133,32,9,184
144922,3.0,5.0,2.0,7.0,3.0,2.0,0.2,0.5,30.0,388,8160.0,16,132,34,9,183
144922,3.0,5.0,2.0,7.0,3.0,2.0,0.2,0.5,30.0,389,8190.0,15,132,34,10,181
144922,3.0,5.0,2.0,7.0,3.0,2.0,0.2,0.5,30.0,390,8180.0,16,134,32,10,182
144922,3.0,5.0,2.0,7.0,3.0,2.0,0.2,0.5,30.0,391,8180.0,17,131,31,9,179
144922,3.0,5.0,2.0,7.0,3.0,2.0,0.2,0.5,30.0,392,8200.0,17,135,30,10,182
144922,3.0,5.0,2.0,7.0,3.0,2.0,0.2,0.5,30.0,393,8130.0,19,145,31,10,195
144922,3.0,5.0,2.0,7.0,3.0,2.0,0.2,0.5,30.0,394,7990.0,22,149,32,8,203
144922,3.0,5.0,2.0,7.0,3.0,2.0,0.2,0.5,30.0,395,7897.5,22,150,38,8,210
144922,3.0,5.0,2.0,7.0,3.0,2.0,0.2,0.5,30.0,396,7701.875,23,158,40,8,221
144922,3.0,5.0,2.0,7.0,3.0,2.0,0.2,0.5,30.0,397,7377.34375,24,165,43,9,232
144922,3.0,5.0,2.0,7.0,3.0,2.0,0.2,0.5,30.0,398,6831.6796875,26,170,43,9,239
144922,3.0,5.0,2.0,7.0,3.0,2.0,0.2,0.5,30.0,399,6079.599609375,26,181,45,9,253
144922,3.0,5.0,2.0,7.0,3.0,2.0,0.2,0.5,30.0,400,5129.49951171875,28,195,50,9,274
144922,3.0,5.0,2.0,7.0,3.0,2.0,0.2,0.5,30.0,401,4601.8743896484375,28,201,53,10,283
144922,3.0,5.0,2.0,7.0,3.0,2.0,0.2,0.5,30.0,402,4292.342987060547,27,199,56,10,283
144922,3.0,5.0,2.0,7.0,3.0,2.0,0.2,0.5,30.0,403,4165.428733825684,25,197,55,10,278
144922,3.0,5.0,2.0,7.0,3.0,2.0,0.2,0.5,30.0,404,4156.7859172821045,26,198,55,10,280
144922,3.0,5.0,2.0,7.0,3.0,2.0,0.2,0.5,30.0,405,4175.982396602631,26,198,53,10,278
144922,3.0,5.0,2.0,7.0,3.0,2.0,0.2,0.5,30.0,406,4349.977995753288,28,195,53,9,277
144922,3.0,5.0,2.0,7.0,3.0,2.0,0.2,0.5,30.0,407,4747.47249469161,28,193,50,9,272
144922,3.0,5.0,2.0,7.0,3.0,2.0,0.2,0.5,30.0,408,5314.340618364513,29,186,49,9,265
144922,3.0,5.0,2.0,7.0,3.0,2.0,0.2,0.5,30.0,409,6092.925772955641,29,182,49,8,261
144922,3.0,5.0,2.0,7.0,3.0,2.0,0.2,0.5,30.0,410,7096.157216194551,27,177,49,8,254
144922,3.0,5.0,2.0,7.0,3.0,2.0,0.2,0.5,30.0,411,8090.196520243189,27,176,48,8,252
144922,3.0,5.0,2.0,7.0,3.0,2.0,0.2,0.5,30.0,412,9230.0,26,172,47,8,246
144922,3.0,5.0,2.0,7.0,3.0,2.0,0.2,0.5,30.0,413,9260.0,28,167,46,8,242
144922,3.0,5.0,2.0,7.0,3.0,2.0,0.2,0.5,30.0,414,9230.0,28,162,45,7,236
144922,3.0,5.0,2.0,7.0,3.0,2.0,0.2,0.5,30.0,415,9230.0,26,153,42,7,222
144922,3.0,5.0,2.0,7.0,3.0,2.0,0.2,0.5,30.0,416,9220.0,25,135,40,6,201
144922,3.0,5.0,2.0,7.0,3.0,2.0,0.2,0.5,30.0,417,9160.0,23,129,41,6,194
144922,3.0,5.0,2.0,7.0,3.0,2.0,0.2,0.5,30.0,418,9170.0,23,121,39,2,184
144922,3.0,5.0,2.0,7.0,3.0,2.0,0.2,0.5,30.0,419,9110.0,22,114,35,2,172
144922,3.0,5.0,2.0,7.0,3.0,2.0,0.2,0.5,30.0,420,9050.0,21,106,32,2,160
144922,3.0,5.0,2.0,7.0,3.0,2.0,0.2,0.5,30.0,421,9000.0,20,106,30,1,157
144922,3.0,5.0,2.0,7.0,3.0,2.0,0.2,0.5,30.0,422,9030.0,20,96,25,1,142
144922,3.0,5.0,2.0,7.0,3.0,2.0,0.2,0.5,30.0,423,8900.0,19,90,25,1,135
144922,3.0,5.0,2.0,7.0,3.0,2.0,0.2,0.5,30.0,424,8860.0,19,86,26,0,132
144922,3.0,5.0,2.0,7.0,3.0,2.0,0.2,0.5,30.0,425,8810.0,19,85,25,0,130
144922,3.0,5.0,2.0,7.0,3.0,2.0,0.2,0.5,30.0,426,8840.0,16,82,23,0,122
144922,3.0,5.0,2.0,7.0,3.0,2.0,0.2,0.5,30.0,427,8830.0,16,82,22,0,121
144922,3.0,5.0,2.0,7.0,3.0,2.0,0.2,0.5,30.0,428,8850.0,16,84,22,0,123
144922,3.0,5.0,2.0,7.0,3.0,2.0,0.2,0.5,30.0,429,8830.0,19,82,23,0,126
144922,3.0,5.0,2.0,7.0,3.0,2.0,0.2,0.5,30.0,430,8830.0,19,81,21,0,122
144922,3.0,5.0,2.0,7.0,3.0,2.0,0.2,0.5,30.0,431,8840.0,20,79,19,0,119
144922,3.0,5.0,2.0,7.0,3.0,2.0,0.2,0.5,30.0,432,8880.0,19,80,20,0,120
144922,3.0,5.0,2.0,7.0,3.0,2.0,0.2,0.5,30.0,433,8830.0,20,83,20,1,124
144922,3.0,5.0,2.0,7.0,3.0,2.0,0.2,0.5,30.0,434,8770.0,20,85,19,1,125
144922,3.0,5.0,2.0,7.0,3.0,2.0,0.2,0.5,30.0,435,8760.0,20,89,20,1,130
144922,3.0,5.0,2.0,7.0,3.0,2.0,0.2,0.5,30.0,436,8710.0,22,95,21,1,139
144922,3.0,5.0,2.0,7.0,3.0,2.0,0.2,0.5,30.0,437,8610.0,27,99,22,1,149
144922,3.0,5.0,2.0,7.0,3.0,2.0,0.2,0.5,30.0,438,8510.0,28,99,23,1,151
144922,3.0,5.0,2.0,7.0,3.0,2.0,0.2,0.5,30.0,439,8520.0,26,106,26,1,159
144922,3.0,5.0,2.0,7.0,3.0,2.0,0.2,0.5,30.0,440,8420.0,25,112,28,2,166
144922,3.0,5.0,2.0,7.0,3.0,2.0,0.2,0.5,30.0,441,8320.0,26,117,28,2,172
144922,3.0,5.0,2.0,7.0,3.0,2.0,0.2,0.5,30.0,442,8270.0,26,124,30,2,181
144922,3.0,5.0,2.0,7.0,3.0,2.0,0.2,0.5,30.0,443,8180.0,29,134,31,2,195
144922,3.0,5.0,2.0,7.0,3.0,2.0,0.2,0.5,30.0,444,8050.0,32,143,31,2,207
144922,3.0,5.0,2.0,7.0,3.0,2.0,0.2,0.5,30.0,445,7940.0,32,146,31,2,210
144922,3.0,5.0,2.0,7.0,3.0,2.0,0.2,0.5,30.0,446,7865.0,32,154,34,2,221
144922,3.0,5.0,2.0,7.0,3.0,2.0,0.2,0.5,30.0,447,7641.25,31,161,37,2,230
144922,3.0,5.0,2.0,7.0,3.0,2.0,0.2,0.5,30.0,448,7251.5625,32,168,35,3,236
144922,3.0,5.0,2.0,7.0,3.0,2.0,0.2,0.5,30.0,449,6734.453125,32,174,37,3,244
144922,3.0,5.0,2.0,7.0,3.0,2.0,0.2,0.5,30.0,450,5998.06640625,33,187,35,3,256
144922,3.0,5.0,2.0,7.0,3.0,2.0,0.2,0.5,30.0,451,4997.5830078125,38,194,36,4,269
144922,3.0,5.0,2.0,7.0,3.0,2.0,0.2,0.5,30.0,452,4466.978759765625,39,193,37,4,270
144922,3.0,5.0,2.0,7.0,3.0,2.0,0.2,0.5,30.0,453,4213.723449707031,39,197,38,4,275
144922,3.0,5.0,2.0,7.0,3.0,2.0,0.2,0.5,30.0,454,4007.154312133789,38,198,37,4,274
144922,3.0,5.0,2.0,7.0,3.0,2.0,0.2,0.5,30.0,455,3918.9428901672363,37,195,37,4,270
144922,3.0,5.0,2.0,7.0,3.0,2.0,0.2,0.5,30.0,456,3908.6786127090454,37,192,37,4,267
144922,3.0,5.0,2.0,7.0,3.0,2.0,0.2,0.5,30.0,457,4245.848265886307,39,190,36,4,266
144922,3.0,5.0,2.0,7.0,3.0,2.0,0.2,0.5,30.0,458,4627.310332357883,39,188,36,4,264
144922,3.0,5.0,2.0,7.0,3.0,2.0,0.2,0.5,30.0,459,5134.137915447354,39,186,36,4,262
144922,3.0,5.0,2.0,7.0,3.0,2.0,0.2,0.5,30.0,460,5827.672394309193,35,184,36,4,256
144922,3.0,5.0,2.0,7.0,3.0,2.0,0.2,0.5,30.0,461,6844.590492886491,34,180,35,4,249
144922,3.0,5.0,2.0,7.0,3.0,2.0,0.2,0.5,30.0,462,7845.738116108114,33,179,35,4,247
144922,3.0,5.0,2.0,7.0,3.0,2.0,0.2,0.5,30.0,463,9087.172645135142,32,179,33,4,244
144922,3.0,5.0,2.0,7.0,3.0,2.0,0.2,0.5,30.0,464,9240.0,33,176,33,3,242
144922,3.0,5.0,2.0,7.0,3.0,2.0,0.2,0.5,30.0,465,9200.0,34,171,34,3,239
144922,3.0,5.0,2.0,7.0,3.0,2.0,0.2,0.5,30.0,466,9210.0,34,164,32,3,230
144922,3.0,5.0,2.0,7.0,3.0,2.0,0.2,0.5,30.0,467,9210.0,29,155,31,3,215
144922,3.0,5.0,2.0,7.0,3.0,2.0,0.2,0.5,30.0,468,9230.0,23,140,32,2,195
144922,3.0,5.0,2.0,7.0,3.0,2.0,0.2,0.5,30.0,469,9130.0,20,136,29,2,185
144922,3.0,5.0,2.0,7.0,3.0,2.0,0.2,0.5,30.0,470,9040.0,17,128,27,2,172
144922,3.0,5.0,2.0,7.0,3.0,2.0,0.2,0.5,30.0,471,9010.0,17,119,24,2,160
144922,3.0,5.0,2.0,7.0,3.0,2.0,0.2,0.5,30.0,472,8920.0,16,117,23,2,156
144922,3.0,5.0,2.0,7.0,3.0,2.0,0.2,0.5,30.0,473,8850.0,17,111,22,2,150
144922,3.0,5.0,2.0,7.0,3.0,2.0,0.2,0.5,30.0,474,8770.0,16,112,20,2,148
144922,3.0,5.0,2.0,7.0,3.0,2.0,0.2,0.5,30.0,475,8740.0,14,110,21,2,145
144922,3.0,5.0,2.0,7.0,3.0,2.0,0.2,0.5,30.0,476,8690.0,14,113,21,2,148
144922,3.0,5.0,2.0,7.0,3.0,2.0,0.2,0.5,30.0,477,8620.0,13,109,23,2,145
144922,3.0,5.0,2.0,7.0,3.0,2.0,0.2,0.5,30.0,478,8650.0,14,104,22,2,140
144922,3.0,5.0,2.0,7.0,3.0,2.0,0.2,0.5,30.0,479,8650.0,14,102,24,2,140
144922,3.0,5.0,2.0,7.0,3.0,2.0,0.2,0.5,30.0,480,8710.0,15,99,20,2,134
144922,3.0,5.0,2.0,7.0,3.0,2.0,0.2,0.5,30.0,481,8690.0,15,100,21,1,136
144922,3.0,5.0,2.0,7.0,3.0,2.0,0.2,0.5,30.0,482,8740.0,14,95,20,1,129
144922,3.0,5.0,2.0,7.0,3.0,2.0,0.2,0.5,30.0,483,8730.0,14,99,22,1,135
144922,3.0,5.0,2.0,7.0,3.0,2.0,0.2,0.5,30.0,484,8710.0,13,101,20,1,134
144922,3.0,5.0,2.0,7.0,3.0,2.0,0.2,0.5,30.0,485,8690.0,13,104,20,1,137
144922,3.0,5.0,2.0,7.0,3.0,2.0,0.2,0.5,30.0,486,8640.0,12,110,24,1,146
144922,3.0,5.0,2.0,7.0,3.0,2.0,0.2,0.5,30.0,487,8530.0,14,115,25,1,154
144922,3.0,5.0,2.0,7.0,3.0,2.0,0.2,0.5,30.0,488,8480.0,14,120,25,1,159
144922,3.0,5.0,2.0,7.0,3.0,2.0,0.2,0.5,30.0,489,8410.0,15,125,26,1,166
144922,3.0,5.0,2.0,7.0,3.0,2.0,0.2,0.5,30.0,490,8350.0,14,136,26,1,176
144922,3.0,5.0,2.0,7.0,3.0,2.0,0.2,0.5,30.0,491,8240.0,14,143,28,1,185
144922,3.0,5.0,2.0,7.0,3.0,2.0,0.2,0.5,30.0,492,8160.0,16,150,27,1,193
144922,3.0,5.0,2.0,7.0,3.0,2.0,0.2,0.5,30.0,493,8110.0,16,154,33,1,203
144922,3.0,5.0,2.0,7.0,3.0,2.0,0.2,0.5,30.0,494,7970.0,20,157,36,1,213
144922,3.0,5.0,2.0,7.0,3.0,2.0,0.2,0.5,30.0,495,7842.5,20,165,37,1,222
144922,3.0,5.0,2.0,7.0,3.0,2.0,0.2,0.5,30.0,496,7633.125,21,170,37,1,228
144922,3.0,5.0,2.0,7.0,3.0,2.0,0.2,0.5,30.0,497,7291.40625,20,179,40,1,239
144922,3.0,5.0,2.0,7.0,3.0,2.0,0.2,0.5,30.0,498,6734.2578125,20,187,43,1,250
144922,3.0,5.0,2.0,7.0,3.0,2.0,0.2,0.5,30.0,499,5927.822265625,20,200,43,1,263