Exp Num,agent:svo_convergence_factor,agent:params:metabolism,agent:params:consumption_factor,agent:params:procreate_cost_factor,agent:params:procreate_req_factor,agent:params:start_energy_factor,agent:params:caught_chance,agent:params:caught_cooldown_factor,agent:params:maximum_age,Epoch,Resource,A,B,C,D,E
19235,1.0,5.0,4.0,5.0,1.0,1.0,0.5,0.30000000000000004,10.0,0,3000.0,16,33,9,24,76
19235,1.0,5.0,4.0,5.0,1.0,1.0,0.5,0.30000000000000004,10.0,1,3350.0,19,36,11,26,84
19235,1.0,5.0,4.0,5.0,1.0,1.0,0.5,0.30000000000000004,10.0,2,3827.5,21,41,16,27,96
19235,1.0,5.0,4.0,5.0,1.0,1.0,0.5,0.30000000000000004,10.0,3,4144.375,17,43,18,30,97
19235,1.0,5.0,4.0,5.0,1.0,1.0,0.5,0.30000000000000004,10.0,4,4440.46875,13,35,19,21,84
19235,1.0,5.0,4.0,5.0,1.0,1.0,0.5,0.30000000000000004,10.0,5,4830.5859375,10,34,24,22,85
19235,1.0,5.0,4.0,5.0,1.0,1.0,0.5,0.30000000000000004,10.0,6,5058.232421875,7,40,30,22,94
19235,1.0,5.0,4.0,5.0,1.0,1.0,0.5,0.30000000000000004,10.0,7,5082.79052734375,4,45,38,23,104
19235,1.0,5.0,4.0,5.0,1.0,1.0,0.5,0.30000000000000004,10.0,8,4833.4881591796875,3,60,57,24,136
19235,1.0,5.0,4.0,5.0,1.0,1.0,0.5,0.30000000000000004,10.0,9,5001.860198974609,2,79,76,26,173
19235,1.0,5.0,4.0,5.0,1.0,1.0,0.5,0.30000000000000004,10.0,10,5412.325248718262,2,86,88,23,184
19235,1.0,5.0,4.0,5.0,1.0,1.0,0.5,0.30000000000000004,10.0,11,5985.406560897827,1,88,104,18,196
19235,1.0,5.0,4.0,5.0,1.0,1.0,0.5,0.30000000000000004,10.0,12,6601.758201122284,1,84,121,16,208
19235,1.0,5.0,4.0,5.0,1.0,1.0,0.5,0.30000000000000004,10.0,13,7232.197751402855,0,77,128,14,206
19235,1.0,5.0,4.0,5.0,1.0,1.0,0.5,0.30000000000000004,10.0,14,7960.247189253569,0,77,134,12,212
19235,1.0,5.0,4.0,5.0,1.0,1.0,0.5,0.30000000000000004,10.0,15,8470.30898656696,0,67,146,11,214
19235,1.0,5.0,4.0,5.0,1.0,1.0,0.5,0.30000000000000004,10.0,16,8040.0,0,62,157,10,219
19235,1.0,5.0,4.0,5.0,1.0,1.0,0.5,0.30000000000000004,10.0,17,8140.0,0,69,185,9,254
19235,1.0,5.0,4.0,5.0,1.0,1.0,0.5,0.30000000000000004,10.0,18,8580.0,0,67,222,9,289
19235,1.0,5.0,4.0,5.0,1.0,1.0,0.5,0.30000000000000004,10.0,19,8360.0,0,67,256,7,323
19235,1.0,5.0,4.0,5.0,1.0,1.0,0.5,0.30000000000000004,10.0,20,8400.0,0,56,291,3,347
19235,1.0,5.0,4.0,5.0,1.0,1.0,0.5,0.30000000000000004,10.0,21,8600.0,0,52,312,0,364
19235,1.0,5.0,4.0,5.0,1.0,1.0,0.5,0.30000000000000004,10.0,22,8520.0,0,40,301,0,341
19235,1.0,5.0,4.0,5.0,1.0,1.0,0.5,0.30000000000000004,10.0,23,8560.0,0,37,317,0,354
19235,1.0,5.0,4.0,5.0,1.0,1.0,0.5,0.30000000000000004,10.0,24,8760.0,0,25,310,0,335
19235,1.0,5.0,4.0,5.0,1.0,1.0,0.5,0.30000000000000004,10.0,25,8620.0,0,18,308,0,326
19235,1.0,5.0,4.0,5.0,1.0,1.0,0.5,0.30000000000000004,10.0,26,8640.0,0,12,310,0,322
19235,1.0,5.0,4.0,5.0,1.0,1.0,0.5,0.30000000000000004,10.0,27,8520.0,0,12,303,0,315
19235,1.0,5.0,4.0,5.0,1.0,1.0,0.5,0.30000000000000004,10.0,28,8800.0,0,10,298,0,308
19235,1.0,5.0,4.0,5.0,1.0,1.0,0.5,0.30000000000000004,10.0,29,8620.0,0,8,308,0,316
19235,1.0,5.0,4.0,5.0,1.0,1.0,0.5,0.30000000000000004,10.0,30,8620.0,0,5,307,0,312
19235,1.0,5.0,4.0,5.0,1.0,1.0,0.5,0.30000000000000004,10.0,31,8700.0,0,2,307,0,309
19235,1.0,5.0,4.0,5.0,1.0,1.0,0.5,0.30000000000000004,10.0,32,8940.0,0,1,299,0,300
19235,1.0,5.0,4.0,5.0,1.0,1.0,0.5,0.30000000000000004,10.0,33,8820.0,0,1,289,0,290
19235,1.0,5.0,4.0,5.0,1.0,1.0,0.5,0.30000000000000004,10.0,34,8720.0,0,1,278,0,279
19235,1.0,5.0,4.0,5.0,1.0,1.0,0.5,0.30000000000000004,10.0,35,8640.0,0,1,275,0,276
19235,1.0,5.0,4.0,5.0,1.0,1.0,0.5,0.30000000000000004,10.0,36,8660.0,0,1,274,0,275
19235,1.0,5.0,4.0,5.0,1.0,1.0,0.5,0.30000000000000004,10.0,37,8680.0,0,1,272,0,273
19235,1.0,5.0,4.0,5.0,1.0,1.0,0.5,0.30000000000000004,10.0,38,8880.0,0,1,273,0,274
19235,1.0,5.0,4.0,5.0,1.0,1.0,0.5,0.30000000000000004,10.0,39,8520.0,0,1,280,0,281
19235,1.0,5.0,4.0,5.0,1.0,1.0,0.5,0.30000000000000004,10.0,40,8840.0,0,2,277,0,279
19235,1.0,5.0,4.0,5.0,1.0,1.0,0.5,0.30000000000000004,10.0,41,8900.0,0,2,280,0,282
19235,1.0,5.0,4.0,5.0,1.0,1.0,0.5,0.30000000000000004,10.0,42,8880.0,0,2,273,0,275
19235,1.0,5.0,4.0,5.0,1.0,1.0,0.5,0.30000000000000004,10.0,43,8880.0,0,2,265,0,267
19235,1.0,5.0,4.0,5.0,1.0,1.0,0.5,0.30000000000000004,10.0,44,8980.0,0,2,249,0,251
19235,1.0,5.0,4.0,5.0,1.0,1.0,0.5,0.30000000000000004,10.0,45,8640.0,0,1,241,0,242
19235,1.0,5.0,4.0,5.0,1.0,1.0,0.5,0.30000000000000004,10.0,46,8360.0,0,1,243,0,244
19235,1.0,5.0,4.0,5.0,1.0,1.0,0.5,0.30000000000000004,10.0,47,8420.0,0,0,259,0,259
19235,1.0,5.0,4.0,5.0,1.0,1.0,0.5,0.30000000000000004,10.0,48,8760.0,0,0,269,0,269
19235,1.0,5.0,4.0,5.0,1.0,1.0,0.5,0.30000000000000004,10.0,49,8720.0,0,0,288,0,288
19235,1.0,5.0,4.0,5.0,1.0,1.0,0.5,0.30000000000000004,10.0,50,8700.0,0,0,305,0,305
19235,1.0,5.0,4.0,5.0,1.0,1.0,0.5,0.30000000000000004,10.0,51,8660.0,0,0,320,0,320
19235,1.0,5.0,4.0,5.0,1.0,1.0,0.5,0.30000000000000004,10.0,52,8680.0,0,0,317,0,317
19235,1.0,5.0,4.0,5.0,1.0,1.0,0.5,0.30000000000000004,10.0,53,8800.0,0,0,307,0,307
19235,1.0,5.0,4.0,5.0,1.0,1.0,0.5,0.30000000000000004,10.0,54,8380.0,0,0,299,0,299
19235,1.0,5.0,4.0,5.0,1.0,1.0,0.5,0.30000000000000004,10.0,55,8660.0,0,0,301,0,301
19235,1.0,5.0,4.0,5.0,1.0,1.0,0.5,0.30000000000000004,10.0,56,8820.0,0,0,297,0,297
19235,1.0,5.0,4.0,5.0,1.0,1.0,0.5,0.30000000000000004,10.0,57,8760.0,0,0,293,0,293
19235,1.0,5.0,4.0,5.0,1.0,1.0,0.5,0.30000000000000004,10.0,58,8940.0,0,0,286,0,286
19235,1.0,5.0,4.0,5.0,1.0,1.0,0.5,0.30000000000000004,10.0,59,9180.0,0,0,269,0,269
19235,1.0,5.0,4.0,5.0,1.0,1.0,0.5,0.30000000000000004,10.0,60,9080.0,0,0,257,0,257
19235,1.0,5.0,4.0,5.0,1.0,1.0,0.5,0.30000000000000004,10.0,61,8940.0,0,0,243,0,243
19235,1.0,5.0,4.0,5.0,1.0,1.0,0.5,0.30000000000000004,10.0,62,8480.0,0,0,238,0,238
19235,1.0,5.0,4.0,5.0,1.0,1.0,0.5,0.30000000000000004,10.0,63,8240.0,0,0,242,0,242
19235,1.0,5.0,4.0,5.0,1.0,1.0,0.5,0.30000000000000004,10.0,64,7980.0,0,0,247,0,247
19235,1.0,5.0,4.0,5.0,1.0,1.0,0.5,0.30000000000000004,10.0,65,8515.0,0,0,277,0,277
19235,1.0,5.0,4.0,5.0,1.0,1.0,0.5,0.30000000000000004,10.0,66,8640.0,0,0,307,0,307
19235,1.0,5.0,4.0,5.0,1.0,1.0,0.5,0.30000000000000004,10.0,67,8700.0,0,0,325,0,325
19235,1.0,5.0,4.0,5.0,1.0,1.0,0.5,0.30000000000000004,10.0,68,8620.0,0,0,344,0,344
19235,1.0,5.0,4.0,5.0,1.0,1.0,0.5,0.30000000000000004,10.0,69,8520.0,0,0,347,0,347
19235,1.0,5.0,4.0,5.0,1.0,1.0,0.5,0.30000000000000004,10.0,70,8380.0,0,0,347,0,347
19235,1.0,5.0,4.0,5.0,1.0,1.0,0.5,0.30000000000000004,10.0,71,8700.0,0,0,346,0,346
19235,1.0,5.0,4.0,5.0,1.0,1.0,0.5,0.30000000000000004,10.0,72,8680.0,0,0,340,0,340
19235,1.0,5.0,4.0,5.0,1.0,1.0,0.5,0.30000000000000004,10.0,73,8840.0,0,0,332,0,332
19235,1.0,5.0,4.0,5.0,1.0,1.0,0.5,0.30000000000000004,10.0,74,8700.0,0,0,321,0,321
19235,1.0,5.0,4.0,5.0,1.0,1.0,0.5,0.30000000000000004,10.0,75,8640.0,0,0,317,0,317
19235,1.0,5.0,4.0,5.0,1.0,1.0,0.5,0.30000000000000004,10.0,76,8700.0,0,0,298,0,298
19235,1.0,5.0,4.0,5.0,1.0,1.0,0.5,0.30000000000000004,10.0,77,8640.0,0,0,295,0,295
19235,1.0,5.0,4.0,5.0,1.0,1.0,0.5,0.30000000000000004,10.0,78,8780.0,0,0,290,0,290
19235,1.0,5.0,4.0,5.0,1.0,1.0,0.5,0.30000000000000004,10.0,79,8780.0,0,0,278,0,278
19235,1.0,5.0,4.0,5.0,1.0,1.0,0.5,0.30000000000000004,10.0,80,8920.0,0,0,270,0,270
19235,1.0,5.0,4.0,5.0,1.0,1.0,0.5,0.30000000000000004,10.0,81,8740.0,0,0,265,0,265
19235,1.0,5.0,4.0,5.0,1.0,1.0,0.5,0.30000000000000004,10.0,82,8760.0,0,0,272,0,272
19235,1.0,5.0,4.0,5.0,1.0,1.0,0.5,0.30000000000000004,10.0,83,8920.0,0,0,261,0,261
19235,1.0,5.0,4.0,5.0,1.0,1.0,0.5,0.30000000000000004,10.0,84,8960.0,0,0,254,0,254
19235,1.0,5.0,4.0,5.0,1.0,1.0,0.5,0.30000000000000004,10.0,85,8880.0,0,0,248,0,248
19235,1.0,5.0,4.0,5.0,1.0,1.0,0.5,0.30000000000000004,10.0,86,8640.0,0,0,233,0,233
19235,1.0,5.0,4.0,5.0,1.0,1.0,0.5,0.30000000000000004,10.0,87,7940.0,0,0,239,0,239
19235,1.0,5.0,4.0,5.0,1.0,1.0,0.5,0.30000000000000004,10.0,88,8165.0,0,0,261,0,261
19235,1.0,5.0,4.0,5.0,1.0,1.0,0.5,0.30000000000000004,10.0,89,8820.0,0,0,287,0,287
19235,1.0,5.0,4.0,5.0,1.0,1.0,0.5,0.30000000000000004,10.0,90,8640.0,0,0,311,0,311
19235,1.0,5.0,4.0,5.0,1.0,1.0,0.5,0.30000000000000004,10.0,91,8660.0,0,0,322,0,322
19235,1.0,5.0,4.0,5.0,1.0,1.0,0.5,0.30000000000000004,10.0,92,8800.0,0,0,328,0,328
19235,1.0,5.0,4.0,5.0,1.0,1.0,0.5,0.30000000000000004,10.0,93,8760.0,0,0,321,0,321
19235,1.0,5.0,4.0,5.0,1.0,1.0,0.5,0.30000000000000004,10.0,94,8600.0,0,0,314,0,314
19235,1.0,5.0,4.0,5.0,1.0,1.0,0.5,0.30000000000000004,10.0,95,8660.0,0,0,312,0,312
19235,1.0,5.0,4.0,5.0,1.0,1.0,0.5,0.30000000000000004,10.0,96,8700.0,0,0,306,0,306
19235,1.0,5.0,4.0,5.0,1.0,1.0,0.5,0.30000000000000004,10.0,97,8480.0,0,0,304,0,304
19235,1.0,5.0,4.0,5.0,1.0,1.0,0.5,0.30000000000000004,10.0,98,8720.0,0,0,304,0,304
19235,1.0,5.0,4.0,5.0,1.0,1.0,0.5,0.30000000000000004,10.0,99,8860.0,0,0,306,0,306
19235,1.0,5.0,4.0,5.0,1.0,1.0,0.5,0.30000000000000004,10.0,100,8920.0,0,0,297,0,297
19235,1.0,5.0,4.0,5.0,1.0,1.0,0.5,0.30000000000000004,10.0,101,9020.0,0,0,278,0,278
19235,1.0,5.0,4.0,5.0,1.0,1.0,0.5,0.30000000000000004,10.0,102,9060.0,0,0,265,0,265
19235,1.0,5.0,4.0,5.0,1.0,1.0,0.5,0.30000000000000004,10.0,103,8900.0,0,0,258,0,258
19235,1.0,5.0,4.0,5.0,1.0,1.0,0.5,0.30000000000000004,10.0,104,8880.0,0,0,249,0,249
19235,1.0,5.0,4.0,5.0,1.0,1.0,0.5,0.30000000000000004,10.0,105,8580.0,0,0,240,0,240
19235,1.0,5.0,4.0,5.0,1.0,1.0,0.5,0.30000000000000004,10.0,106,8220.0,0,0,235,0,235
19235,1.0,5.0,4.0,5.0,1.0,1.0,0.5,0.30000000000000004,10.0,107,8000.0,0,0,253,0,253
19235,1.0,5.0,4.0,5.0,1.0,1.0,0.5,0.30000000000000004,10.0,108,8560.0,0,0,282,0,282
19235,1.0,5.0,4.0,5.0,1.0,1.0,0.5,0.30000000000000004,10.0,109,8760.0,0,0,305,0,305
19235,1.0,5.0,4.0,5.0,1.0,1.0,0.5,0.30000000000000004,10.0,110,8460.0,0,0,329,0,329
19235,1.0,5.0,4.0,5.0,1.0,1.0,0.5,0.30000000000000004,10.0,111,8260.0,0,0,356,0,356
19235,1.0,5.0,4.0,5.0,1.0,1.0,0.5,0.30000000000000004,10.0,112,8500.0,0,0,365,0,365
19235,1.0,5.0,4.0,5.0,1.0,1.0,0.5,0.30000000000000004,10.0,113,8460.0,0,0,372,0,372
19235,1.0,5.0,4.0,5.0,1.0,1.0,0.5,0.30000000000000004,10.0,114,8360.0,0,0,379,0,379
19235,1.0,5.0,4.0,5.0,1.0,1.0,0.5,0.30000000000000004,10.0,115,8360.0,0,0,368,0,368
19235,1.0,5.0,4.0,5.0,1.0,1.0,0.5,0.30000000000000004,10.0,116,8480.0,0,0,345,0,345
19235,1.0,5.0,4.0,5.0,1.0,1.0,0.5,0.30000000000000004,10.0,117,8180.0,0,0,363,0,363
19235,1.0,5.0,4.0,5.0,1.0,1.0,0.5,0.30000000000000004,10.0,118,8080.0,0,0,356,0,356
19235,1.0,5.0,4.0,5.0,1.0,1.0,0.5,0.30000000000000004,10.0,119,8260.0,0,0,358,0,358
19235,1.0,5.0,4.0,5.0,1.0,1.0,0.5,0.30000000000000004,10.0,120,8360.0,0,0,362,0,362
19235,1.0,5.0,4.0,5.0,1.0,1.0,0.5,0.30000000000000004,10.0,121,8560.0,0,0,367,0,367
19235,1.0,5.0,4.0,5.0,1.0,1.0,0.5,0.30000000000000004,10.0,122,8400.0,0,0,366,0,366
19235,1.0,5.0,4.0,5.0,1.0,1.0,0.5,0.30000000000000004,10.0,123,8740.0,0,0,353,0,353
19235,1.0,5.0,4.0,5.0,1.0,1.0,0.5,0.30000000000000004,10.0,124,8880.0,0,0,338,0,338
19235,1.0,5.0,4.0,5.0,1.0,1.0,0.5,0.30000000000000004,10.0,125,8940.0,0,0,320,0,320
19235,1.0,5.0,4.0,5.0,1.0,1.0,0.5,0.30000000000000004,10.0,126,8720.0,0,0,303,0,303
19235,1.0,5.0,4.0,5.0,1.0,1.0,0.5,0.30000000000000004,10.0,127,8720.0,0,0,297,0,297
19235,1.0,5.0,4.0,5.0,1.0,1.0,0.5,0.30000000000000004,10.0,128,8840.0,0,0,284,0,284
19235,1.0,5.0,4.0,5.0,1.0,1.0,0.5,0.30000000000000004,10.0,129,8660.0,0,0,274,0,274
19235,1.0,5.0,4.0,5.0,1.0,1.0,0.5,0.30000000000000004,10.0,130,8920.0,0,0,256,0,256
19235,1.0,5.0,4.0,5.0,1.0,1.0,0.5,0.30000000000000004,10.0,131,8900.0,0,0,263,0,263
19235,1.0,5.0,4.0,5.0,1.0,1.0,0.5,0.30000000000000004,10.0,132,8700.0,0,0,264,0,264
19235,1.0,5.0,4.0,5.0,1.0,1.0,0.5,0.30000000000000004,10.0,133,8920.0,0,0,267,0,267
19235,1.0,5.0,4.0,5.0,1.0,1.0,0.5,0.30000000000000004,10.0,134,8820.0,0,0,255,0,255
19235,1.0,5.0,4.0,5.0,1.0,1.0,0.5,0.30000000000000004,10.0,135,8840.0,0,0,252,0,252
19235,1.0,5.0,4.0,5.0,1.0,1.0,0.5,0.30000000000000004,10.0,136,8660.0,0,0,246,0,246
19235,1.0,5.0,4.0,5.0,1.0,1.0,0.5,0.30000000000000004,10.0,137,8380.0,0,0,246,0,246
19235,1.0,5.0,4.0,5.0,1.0,1.0,0.5,0.30000000000000004,10.0,138,8340.0,0,0,259,0,259
19235,1.0,5.0,4.0,5.0,1.0,1.0,0.5,0.30000000000000004,10.0,139,8520.0,0,0,276,0,276
19235,1.0,5.0,4.0,5.0,1.0,1.0,0.5,0.30000000000000004,10.0,140,8820.0,0,0,299,0,299
19235,1.0,5.0,4.0,5.0,1.0,1.0,0.5,0.30000000000000004,10.0,141,8440.0,0,0,315,0,315
19235,1.0,5.0,4.0,5.0,1.0,1.0,0.5,0.30000000000000004,10.0,142,8600.0,0,0,329,0,329
19235,1.0,5.0,4.0,5.0,1.0,1.0,0.5,0.30000000000000004,10.0,143,8860.0,0,0,322,0,322
19235,1.0,5.0,4.0,5.0,1.0,1.0,0.5,0.30000000000000004,10.0,144,8840.0,0,0,314,0,314
19235,1.0,5.0,4.0,5.0,1.0,1.0,0.5,0.30000000000000004,10.0,145,8940.0,0,0,301,0,301
19235,1.0,5.0,4.0,5.0,1.0,1.0,0.5,0.30000000000000004,10.0,146,8740.0,0,0,288,0,288
19235,1.0,5.0,4.0,5.0,1.0,1.0,0.5,0.30000000000000004,10.0,147,8980.0,0,0,277,0,277
19235,1.0,5.0,4.0,5.0,1.0,1.0,0.5,0.30000000000000004,10.0,148,8980.0,0,0,274,0,274
19235,1.0,5.0,4.0,5.0,1.0,1.0,0.5,0.30000000000000004,10.0,149,9020.0,0,0,265,0,265
19235,1.0,5.0,4.0,5.0,1.0,1.0,0.5,0.30000000000000004,10.0,150,9040.0,0,0,241,0,241
19235,1.0,5.0,4.0,5.0,1.0,1.0,0.5,0.30000000000000004,10.0,151,8200.0,0,0,236,0,236
19235,1.0,5.0,4.0,5.0,1.0,1.0,0.5,0.30000000000000004,10.0,152,8240.0,0,0,251,0,251
19235,1.0,5.0,4.0,5.0,1.0,1.0,0.5,0.30000000000000004,10.0,153,8800.0,0,0,274,0,274
19235,1.0,5.0,4.0,5.0,1.0,1.0,0.5,0.30000000000000004,10.0,154,8760.0,0,0,286,0,286
19235,1.0,5.0,4.0,5.0,1.0,1.0,0.5,0.30000000000000004,10.0,155,8840.0,0,0,293,0,293
19235,1.0,5.0,4.0,5.0,1.0,1.0,0.5,0.30000000000000004,10.0,156,8680.0,0,0,302,0,302
19235,1.0,5.0,4.0,5.0,1.0,1.0,0.5,0.30000000000000004,10.0,157,8840.0,0,0,298,0,298
19235,1.0,5.0,4.0,5.0,1.0,1.0,0.5,0.30000000000000004,10.0,158,8940.0,0,0,294,0,294
19235,1.0,5.0,4.0,5.0,1.0,1.0,0.5,0.30000000000000004,10.0,159,8860.0,0,0,276,0,276
19235,1.0,5.0,4.0,5.0,1.0,1.0,0.5,0.30000000000000004,10.0,160,9200.0,0,0,261,0,261
19235,1.0,5.0,4.0,5.0,1.0,1.0,0.5,0.30000000000000004,10.0,161,8800.0,0,0,254,0,254
19235,1.0,5.0,4.0,5.0,1.0,1.0,0.5,0.30000000000000004,10.0,162,8840.0,0,0,253,0,253
19235,1.0,5.0,4.0,5.0,1.0,1.0,0.5,0.30000000000000004,10.0,163,8600.0,0,0,253,0,253
19235,1.0,5.0,4.0,5.0,1.0,1.0,0.5,0.30000000000000004,10.0,164,8600.0,0,0,247,0,247
19235,1.0,5.0,4.0,5.0,1.0,1.0,0.5,0.30000000000000004,10.0,165,8740.0,0,0,256,0,256
19235,1.0,5.0,4.0,5.0,1.0,1.0,0.5,0.30000000000000004,10.0,166,8700.0,0,0,253,0,253
19235,1.0,5.0,4.0,5.0,1.0,1.0,0.5,0.30000000000000004,10.0,167,8620.0,0,0,259,0,259
19235,1.0,5.0,4.0,5.0,1.0,1.0,0.5,0.30000000000000004,10.0,168,8780.0,0,0,273,0,273
19235,1.0,5.0,4.0,5.0,1.0,1.0,0.5,0.30000000000000004,10.0,169,8740.0,0,0,286,0,286
19235,1.0,5.0,4.0,5.0,1.0,1.0,0.5,0.30000000000000004,10.0,170,8740.0,0,0,287,0,287
19235,1.0,5.0,4.0,5.0,1.0,1.0,0.5,0.30000000000000004,10.0,171,8740.0,0,0,302,0,302
19235,1.0,5.0,4.0,5.0,1.0,1.0,0.5,0.30000000000000004,10.0,172,8820.0,0,0,299,0,299
19235,1.0,5.0,4.0,5.0,1.0,1.0,0.5,0.30000000000000004,10.0,173,8840.0,0,0,297,0,297
19235,1.0,5.0,4.0,5.0,1.0,1.0,0.5,0.30000000000000004,10.0,174,9000.0,0,0,284,0,284
19235,1.0,5.0,4.0,5.0,1.0,1.0,0.5,0.30000000000000004,10.0,175,9020.0,0,0,275,0,275
19235,1.0,5.0,4.0,5.0,1.0,1.0,0.5,0.30000000000000004,10.0,176,8820.0,0,0,261,0,261
19235,1.0,5.0,4.0,5.0,1.0,1.0,0.5,0.30000000000000004,10.0,177,8980.0,0,0,263,0,263
19235,1.0,5.0,4.0,5.0,1.0,1.0,0.5,0.30000000000000004,10.0,178,8720.0,0,0,240,0,240
19235,1.0,5.0,4.0,5.0,1.0,1.0,0.5,0.30000000000000004,10.0,179,8440.0,0,0,233,0,233
19235,1.0,5.0,4.0,5.0,1.0,1.0,0.5,0.30000000000000004,10.0,180,8180.0,0,0,247,0,247
19235,1.0,5.0,4.0,5.0,1.0,1.0,0.5,0.30000000000000004,10.0,181,8460.0,0,0,274,0,274
19235,1.0,5.0,4.0,5.0,1.0,1.0,0.5,0.30000000000000004,10.0,182,8660.0,0,0,294,0,294
19235,1.0,5.0,4.0,5.0,1.0,1.0,0.5,0.30000000000000004,10.0,183,8440.0,0,0,309,0,309
19235,1.0,5.0,4.0,5.0,1.0,1.0,0.5,0.30000000000000004,10.0,184,8080.0,0,0,334,0,334
19235,1.0,5.0,4.0,5.0,1.0,1.0,0.5,0.30000000000000004,10.0,185,8360.0,0,0,361,0,361
19235,1.0,5.0,4.0,5.0,1.0,1.0,0.5,0.30000000000000004,10.0,186,8180.0,0,0,386,0,386
19235,1.0,5.0,4.0,5.0,1.0,1.0,0.5,0.30000000000000004,10.0,187,8480.0,0,0,387,0,387
19235,1.0,5.0,4.0,5.0,1.0,1.0,0.5,0.30000000000000004,10.0,188,8300.0,0,0,390,0,390
19235,1.0,5.0,4.0,5.0,1.0,1.0,0.5,0.30000000000000004,10.0,189,8360.0,0,0,389,0,389
19235,1.0,5.0,4.0,5.0,1.0,1.0,0.5,0.30000000000000004,10.0,190,8560.0,0,0,376,0,376
19235,1.0,5.0,4.0,5.0,1.0,1.0,0.5,0.30000000000000004,10.0,191,8400.0,0,0,373,0,373
19235,1.0,5.0,4.0,5.0,1.0,1.0,0.5,0.30000000000000004,10.0,192,8380.0,0,0,367,0,367
19235,1.0,5.0,4.0,5.0,1.0,1.0,0.5,0.30000000000000004,10.0,193,8320.0,0,0,365,0,365
19235,1.0,5.0,4.0,5.0,1.0,1.0,0.5,0.30000000000000004,10.0,194,8540.0,0,0,353,0,353
19235,1.0,5.0,4.0,5.0,1.0,1.0,0.5,0.30000000000000004,10.0,195,8460.0,0,0,348,0,348
19235,1.0,5.0,4.0,5.0,1.0,1.0,0.5,0.30000000000000004,10.0,196,8680.0,0,0,341,0,341
19235,1.0,5.0,4.0,5.0,1.0,1.0,0.5,0.30000000000000004,10.0,197,8720.0,0,0,330,0,330
19235,1.0,5.0,4.0,5.0,1.0,1.0,0.5,0.30000000000000004,10.0,198,8660.0,0,0,323,0,323
19235,1.0,5.0,4.0,5.0,1.0,1.0,0.5,0.30000000000000004,10.0,199,8420.0,0,0,314,0,314
19235,1.0,5.0,4.0,5.0,1.0,1.0,0.5,0.30000000000000004,10.0,200,8420.0,0,0,319,0,319
19235,1.0,5.0,4.0,5.0,1.0,1.0,0.5,0.30000000000000004,10.0,201,8580.0,0,0,325,0,325
19235,1.0,5.0,4.0,5.0,1.0,1.0,0.5,0.30000000000000004,10.0,202,8700.0,0,0,319,0,319
19235,1.0,5.0,4.0,5.0,1.0,1.0,0.5,0.30000000000000004,10.0,203,8720.0,0,0,303,0,303
19235,1.0,5.0,4.0,5.0,1.0,1.0,0.5,0.30000000000000004,10.0,204,8820.0,0,0,285,0,285
19235,1.0,5.0,4.0,5.0,1.0,1.0,0.5,0.30000000000000004,10.0,205,8940.0,0,0,279,0,279
19235,1.0,5.0,4.0,5.0,1.0,1.0,0.5,0.30000000000000004,10.0,206,9000.0,0,0,273,0,273
19235,1.0,5.0,4.0,5.0,1.0,1.0,0.5,0.30000000000000004,10.0,207,8740.0,0,0,269,0,269
19235,1.0,5.0,4.0,5.0,1.0,1.0,0.5,0.30000000000000004,10.0,208,8660.0,0,0,262,0,262
19235,1.0,5.0,4.0,5.0,1.0,1.0,0.5,0.30000000000000004,10.0,209,8840.0,0,0,264,0,264
19235,1.0,5.0,4.0,5.0,1.0,1.0,0.5,0.30000000000000004,10.0,210,8780.0,0,0,267,0,267
19235,1.0,5.0,4.0,5.0,1.0,1.0,0.5,0.30000000000000004,10.0,211,8960.0,0,0,269,0,269
19235,1.0,5.0,4.0,5.0,1.0,1.0,0.5,0.30000000000000004,10.0,212,8880.0,0,0,271,0,271
19235,1.0,5.0,4.0,5.0,1.0,1.0,0.5,0.30000000000000004,10.0,213,9100.0,0,0,254,0,254
19235,1.0,5.0,4.0,5.0,1.0,1.0,0.5,0.30000000000000004,10.0,214,8660.0,0,0,234,0,234
19235,1.0,5.0,4.0,5.0,1.0,1.0,0.5,0.30000000000000004,10.0,215,8100.0,0,0,233,0,233
19235,1.0,5.0,4.0,5.0,1.0,1.0,0.5,0.30000000000000004,10.0,216,7900.0,0,0,254,0,254
19235,1.0,5.0,4.0,5.0,1.0,1.0,0.5,0.30000000000000004,10.0,217,8695.0,0,0,284,0,284
19235,1.0,5.0,4.0,5.0,1.0,1.0,0.5,0.30000000000000004,10.0,218,8360.0,0,0,324,0,324
19235,1.0,5.0,4.0,5.0,1.0,1.0,0.5,0.30000000000000004,10.0,219,8620.0,0,0,344,0,344
19235,1.0,5.0,4.0,5.0,1.0,1.0,0.5,0.30000000000000004,10.0,220,8280.0,0,0,363,0,363
19235,1.0,5.0,4.0,5.0,1.0,1.0,0.5,0.30000000000000004,10.0,221,8260.0,0,0,376,0,376
19235,1.0,5.0,4.0,5.0,1.0,1.0,0.5,0.30000000000000004,10.0,222,8460.0,0,0,377,0,377
19235,1.0,5.0,4.0,5.0,1.0,1.0,0.5,0.30000000000000004,10.0,223,8400.0,0,0,373,0,373
19235,1.0,5.0,4.0,5.0,1.0,1.0,0.5,0.30000000000000004,10.0,224,8480.0,0,0,369,0,369
19235,1.0,5.0,4.0,5.0,1.0,1.0,0.5,0.30000000000000004,10.0,225,8700.0,0,0,366,0,366
19235,1.0,5.0,4.0,5.0,1.0,1.0,0.5,0.30000000000000004,10.0,226,8560.0,0,0,357,0,357
19235,1.0,5.0,4.0,5.0,1.0,1.0,0.5,0.30000000000000004,10.0,227,8480.0,0,0,340,0,340
19235,1.0,5.0,4.0,5.0,1.0,1.0,0.5,0.30000000000000004,10.0,228,8760.0,0,0,326,0,326
19235,1.0,5.0,4.0,5.0,1.0,1.0,0.5,0.30000000000000004,10.0,229,8580.0,0,0,323,0,323
19235,1.0,5.0,4.0,5.0,1.0,1.0,0.5,0.30000000000000004,10.0,230,8780.0,0,0,305,0,305
19235,1.0,5.0,4.0,5.0,1.0,1.0,0.5,0.30000000000000004,10.0,231,8740.0,0,0,294,0,294
19235,1.0,5.0,4.0,5.0,1.0,1.0,0.5,0.30000000000000004,10.0,232,8720.0,0,0,291,0,291
19235,1.0,5.0,4.0,5.0,1.0,1.0,0.5,0.30000000000000004,10.0,233,8940.0,0,0,274,0,274
19235,1.0,5.0,4.0,5.0,1.0,1.0,0.5,0.30000000000000004,10.0,234,8840.0,0,0,267,0,267
19235,1.0,5.0,4.0,5.0,1.0,1.0,0.5,0.30000000000000004,10.0,235,8840.0,0,0,255,0,255
19235,1.0,5.0,4.0,5.0,1.0,1.0,0.5,0.30000000000000004,10.0,236,8800.0,0,0,252,0,252
19235,1.0,5.0,4.0,5.0,1.0,1.0,0.5,0.30000000000000004,10.0,237,8660.0,0,0,249,0,249
19235,1.0,5.0,4.0,5.0,1.0,1.0,0.5,0.30000000000000004,10.0,238,8520.0,0,0,253,0,253
19235,1.0,5.0,4.0,5.0,1.0,1.0,0.5,0.30000000000000004,10.0,239,8480.0,0,0,261,0,261
19235,1.0,5.0,4.0,5.0,1.0,1.0,0.5,0.30000000000000004,10.0,240,9020.0,0,0,273,0,273
19235,1.0,5.0,4.0,5.0,1.0,1.0,0.5,0.30000000000000004,10.0,241,8800.0,0,0,275,0,275
19235,1.0,5.0,4.0,5.0,1.0,1.0,0.5,0.30000000000000004,10.0,242,8620.0,0,0,286,0,286
19235,1.0,5.0,4.0,5.0,1.0,1.0,0.5,0.30000000000000004,10.0,243,8540.0,0,0,299,0,299
19235,1.0,5.0,4.0,5.0,1.0,1.0,0.5,0.30000000000000004,10.0,244,8700.0,0,0,303,0,303
19235,1.0,5.0,4.0,5.0,1.0,1.0,0.5,0.30000000000000004,10.0,245,8720.0,0,0,296,0,296
19235,1.0,5.0,4.0,5.0,1.0,1.0,0.5,0.30000000000000004,10.0,246,8700.0,0,0,303,0,303
19235,1.0,5.0,4.0,5.0,1.0,1.0,0.5,0.30000000000000004,10.0,247,8760.0,0,0,299,0,299
19235,1.0,5.0,4.0,5.0,1.0,1.0,0.5,0.30000000000000004,10.0,248,8740.0,0,0,291,0,291
19235,1.0,5.0,4.0,5.0,1.0,1.0,0.5,0.30000000000000004,10.0,249,8940.0,0,0,278,0,278
19235,1.0,5.0,4.0,5.0,1.0,1.0,0.5,0.30000000000000004,10.0,250,8900.0,0,0,269,0,269
19235,1.0,5.0,4.0,5.0,1.0,1.0,0.5,0.30000000000000004,10.0,251,8700.0,0,0,276,0,276
19235,1.0,5.0,4.0,5.0,1.0,1.0,0.5,0.30000000000000004,10.0,252,8820.0,0,0,265,0,265
19235,1.0,5.0,4.0,5.0,1.0,1.0,0.5,0.30000000000000004,10.0,253,8880.0,0,0,263,0,263
19235,1.0,5.0,4.0,5.0,1.0,1.0,0.5,0.30000000000000004,10.0,254,8840.0,0,0,265,0,265
19235,1.0,5.0,4.0,5.0,1.0,1.0,0.5,0.30000000000000004,10.0,255,8920.0,0,0,264,0,264
19235,1.0,5.0,4.0,5.0,1.0,1.0,0.5,0.30000000000000004,10.0,256,9120.0,0,0,249,0,249
19235,1.0,5.0,4.0,5.0,1.0,1.0,0.5,0.30000000000000004,10.0,257,8640.0,0,0,238,0,238
19235,1.0,5.0,4.0,5.0,1.0,1.0,0.5,0.30000000000000004,10.0,258,8260.0,0,0,236,0,236
19235,1.0,5.0,4.0,5.0,1.0,1.0,0.5,0.30000000000000004,10.0,259,7860.0,0,0,240,0,240
19235,1.0,5.0,4.0,5.0,1.0,1.0,0.5,0.30000000000000004,10.0,260,8345.0,0,0,275,0,275
19235,1.0,5.0,4.0,5.0,1.0,1.0,0.5,0.30000000000000004,10.0,261,8700.0,0,0,307,0,307
19235,1.0,5.0,4.0,5.0,1.0,1.0,0.5,0.30000000000000004,10.0,262,8660.0,0,0,322,0,322
19235,1.0,5.0,4.0,5.0,1.0,1.0,0.5,0.30000000000000004,10.0,263,8440.0,0,0,340,0,340
19235,1.0,5.0,4.0,5.0,1.0,1.0,0.5,0.30000000000000004,10.0,264,8740.0,0,0,338,0,338
19235,1.0,5.0,4.0,5.0,1.0,1.0,0.5,0.30000000000000004,10.0,265,8800.0,0,0,333,0,333
19235,1.0,5.0,4.0,5.0,1.0,1.0,0.5,0.30000000000000004,10.0,266,8720.0,0,0,329,0,329
19235,1.0,5.0,4.0,5.0,1.0,1.0,0.5,0.30000000000000004,10.0,267,8880.0,0,0,315,0,315
19235,1.0,5.0,4.0,5.0,1.0,1.0,0.5,0.30000000000000004,10.0,268,8880.0,0,0,297,0,297
19235,1.0,5.0,4.0,5.0,1.0,1.0,0.5,0.30000000000000004,10.0,269,8960.0,0,0,278,0,278
19235,1.0,5.0,4.0,5.0,1.0,1.0,0.5,0.30000000000000004,10.0,270,8780.0,0,0,268,0,268
19235,1.0,5.0,4.0,5.0,1.0,1.0,0.5,0.30000000000000004,10.0,271,9040.0,0,0,261,0,261
19235,1.0,5.0,4.0,5.0,1.0,1.0,0.5,0.30000000000000004,10.0,272,8880.0,0,0,250,0,250
19235,1.0,5.0,4.0,5.0,1.0,1.0,0.5,0.30000000000000004,10.0,273,8560.0,0,0,235,0,235
19235,1.0,5.0,4.0,5.0,1.0,1.0,0.5,0.30000000000000004,10.0,274,8200.0,0,0,246,0,246
19235,1.0,5.0,4.0,5.0,1.0,1.0,0.5,0.30000000000000004,10.0,275,8580.0,0,0,267,0,267
19235,1.0,5.0,4.0,5.0,1.0,1.0,0.5,0.30000000000000004,10.0,276,8660.0,0,0,285,0,285
19235,1.0,5.0,4.0,5.0,1.0,1.0,0.5,0.30000000000000004,10.0,277,8780.0,0,0,291,0,291
19235,1.0,5.0,4.0,5.0,1.0,1.0,0.5,0.30000000000000004,10.0,278,8720.0,0,0,311,0,311
19235,1.0,5.0,4.0,5.0,1.0,1.0,0.5,0.30000000000000004,10.0,279,8580.0,0,0,318,0,318
19235,1.0,5.0,4.0,5.0,1.0,1.0,0.5,0.30000000000000004,10.0,280,8780.0,0,0,311,0,311
19235,1.0,5.0,4.0,5.0,1.0,1.0,0.5,0.30000000000000004,10.0,281,8660.0,0,0,307,0,307
19235,1.0,5.0,4.0,5.0,1.0,1.0,0.5,0.30000000000000004,10.0,282,8920.0,0,0,296,0,296
19235,1.0,5.0,4.0,5.0,1.0,1.0,0.5,0.30000000000000004,10.0,283,8540.0,0,0,301,0,301
19235,1.0,5.0,4.0,5.0,1.0,1.0,0.5,0.30000000000000004,10.0,284,8540.0,0,0,306,0,306
19235,1.0,5.0,4.0,5.0,1.0,1.0,0.5,0.30000000000000004,10.0,285,8700.0,0,0,311,0,311
19235,1.0,5.0,4.0,5.0,1.0,1.0,0.5,0.30000000000000004,10.0,286,8780.0,0,0,305,0,305
19235,1.0,5.0,4.0,5.0,1.0,1.0,0.5,0.30000000000000004,10.0,287,8740.0,0,0,288,0,288
19235,1.0,5.0,4.0,5.0,1.0,1.0,0.5,0.30000000000000004,10.0,288,8820.0,0,0,285,0,285
19235,1.0,5.0,4.0,5.0,1.0,1.0,0.5,0.30000000000000004,10.0,289,8780.0,0,0,278,0,278
19235,1.0,5.0,4.0,5.0,1.0,1.0,0.5,0.30000000000000004,10.0,290,8840.0,0,0,279,0,279
19235,1.0,5.0,4.0,5.0,1.0,1.0,0.5,0.30000000000000004,10.0,291,8840.0,0,0,269,0,269
19235,1.0,5.0,4.0,5.0,1.0,1.0,0.5,0.30000000000000004,10.0,292,9000.0,0,0,254,0,254
19235,1.0,5.0,4.0,5.0,1.0,1.0,0.5,0.30000000000000004,10.0,293,8660.0,0,0,246,0,246
19235,1.0,5.0,4.0,5.0,1.0,1.0,0.5,0.30000000000000004,10.0,294,8340.0,0,0,243,0,243
19235,1.0,5.0,4.0,5.0,1.0,1.0,0.5,0.30000000000000004,10.0,295,8300.0,0,0,251,0,251
19235,1.0,5.0,4.0,5.0,1.0,1.0,0.5,0.30000000000000004,10.0,296,8820.0,0,0,277,0,277
19235,1.0,5.0,4.0,5.0,1.0,1.0,0.5,0.30000000000000004,10.0,297,8660.0,0,0,292,0,292
19235,1.0,5.0,4.0,5.0,1.0,1.0,0.5,0.30000000000000004,10.0,298,8820.0,0,0,307,0,307
19235,1.0,5.0,4.0,5.0,1.0,1.0,0.5,0.30000000000000004,10.0,299,8780.0,0,0,315,0,315
19235,1.0,5.0,4.0,5.0,1.0,1.0,0.5,0.30000000000000004,10.0,300,8380.0,0,0,337,0,337
19235,1.0,5.0,4.0,5.0,1.0,1.0,0.5,0.30000000000000004,10.0,301,8640.0,0,0,321,0,321
19235,1.0,5.0,4.0,5.0,1.0,1.0,0.5,0.30000000000000004,10.0,302,8600.0,0,0,309,0,309
19235,1.0,5.0,4.0,5.0,1.0,1.0,0.5,0.30000000000000004,10.0,303,8820.0,0,0,310,0,310
19235,1.0,5.0,4.0,5.0,1.0,1.0,0.5,0.30000000000000004,10.0,304,8700.0,0,0,311,0,311
19235,1.0,5.0,4.0,5.0,1.0,1.0,0.5,0.30000000000000004,10.0,305,8820.0,0,0,305,0,305
19235,1.0,5.0,4.0,5.0,1.0,1.0,0.5,0.30000000000000004,10.0,306,8980.0,0,0,292,0,292
19235,1.0,5.0,4.0,5.0,1.0,1.0,0.5,0.30000000000000004,10.0,307,8740.0,0,0,278,0,278
19235,1.0,5.0,4.0,5.0,1.0,1.0,0.5,0.30000000000000004,10.0,308,8720.0,0,0,274,0,274
19235,1.0,5.0,4.0,5.0,1.0,1.0,0.5,0.30000000000000004,10.0,309,8800.0,0,0,271,0,271
19235,1.0,5.0,4.0,5.0,1.0,1.0,0.5,0.30000000000000004,10.0,310,8680.0,0,0,267,0,267
19235,1.0,5.0,4.0,5.0,1.0,1.0,0.5,0.30000000000000004,10.0,311,8940.0,0,0,267,0,267
19235,1.0,5.0,4.0,5.0,1.0,1.0,0.5,0.30000000000000004,10.0,312,8840.0,0,0,260,0,260
19235,1.0,5.0,4.0,5.0,1.0,1.0,0.5,0.30000000000000004,10.0,313,8820.0,0,0,254,0,254
19235,1.0,5.0,4.0,5.0,1.0,1.0,0.5,0.30000000000000004,10.0,314,8760.0,0,0,250,0,250
19235,1.0,5.0,4.0,5.0,1.0,1.0,0.5,0.30000000000000004,10.0,315,8380.0,0,0,246,0,246
19235,1.0,5.0,4.0,5.0,1.0,1.0,0.5,0.30000000000000004,10.0,316,8560.0,0,0,255,0,255
19235,1.0,5.0,4.0,5.0,1.0,1.0,0.5,0.30000000000000004,10.0,317,8740.0,0,0,276,0,276
19235,1.0,5.0,4.0,5.0,1.0,1.0,0.5,0.30000000000000004,10.0,318,8520.0,0,0,295,0,295
19235,1.0,5.0,4.0,5.0,1.0,1.0,0.5,0.30000000000000004,10.0,319,8520.0,0,0,316,0,316
19235,1.0,5.0,4.0,5.0,1.0,1.0,0.5,0.30000000000000004,10.0,320,8500.0,0,0,329,0,329
19235,1.0,5.0,4.0,5.0,1.0,1.0,0.5,0.30000000000000004,10.0,321,8520.0,0,0,342,0,342
19235,1.0,5.0,4.0,5.0,1.0,1.0,0.5,0.30000000000000004,10.0,322,8780.0,0,0,327,0,327
19235,1.0,5.0,4.0,5.0,1.0,1.0,0.5,0.30000000000000004,10.0,323,8800.0,0,0,313,0,313
19235,1.0,5.0,4.0,5.0,1.0,1.0,0.5,0.30000000000000004,10.0,324,8560.0,0,0,296,0,296
19235,1.0,5.0,4.0,5.0,1.0,1.0,0.5,0.30000000000000004,10.0,325,8860.0,0,0,294,0,294
19235,1.0,5.0,4.0,5.0,1.0,1.0,0.5,0.30000000000000004,10.0,326,8840.0,0,0,276,0,276
19235,1.0,5.0,4.0,5.0,1.0,1.0,0.5,0.30000000000000004,10.0,327,8740.0,0,0,277,0,277
19235,1.0,5.0,4.0,5.0,1.0,1.0,0.5,0.30000000000000004,10.0,328,8840.0,0,0,263,0,263
19235,1.0,5.0,4.0,5.0,1.0,1.0,0.5,0.30000000000000004,10.0,329,9040.0,0,0,250,0,250
19235,1.0,5.0,4.0,5.0,1.0,1.0,0.5,0.30000000000000004,10.0,330,8660.0,0,0,246,0,246
19235,1.0,5.0,4.0,5.0,1.0,1.0,0.5,0.30000000000000004,10.0,331,8340.0,0,0,246,0,246
19235,1.0,5.0,4.0,5.0,1.0,1.0,0.5,0.30000000000000004,10.0,332,8360.0,0,0,263,0,263
19235,1.0,5.0,4.0,5.0,1.0,1.0,0.5,0.30000000000000004,10.0,333,8580.0,0,0,285,0,285
19235,1.0,5.0,4.0,5.0,1.0,1.0,0.5,0.30000000000000004,10.0,334,8420.0,0,0,306,0,306
19235,1.0,5.0,4.0,5.0,1.0,1.0,0.5,0.30000000000000004,10.0,335,8420.0,0,0,332,0,332
19235,1.0,5.0,4.0,5.0,1.0,1.0,0.5,0.30000000000000004,10.0,336,8660.0,0,0,349,0,349
19235,1.0,5.0,4.0,5.0,1.0,1.0,0.5,0.30000000000000004,10.0,337,8600.0,0,0,350,0,350
19235,1.0,5.0,4.0,5.0,1.0,1.0,0.5,0.30000000000000004,10.0,338,8680.0,0,0,351,0,351
19235,1.0,5.0,4.0,5.0,1.0,1.0,0.5,0.30000000000000004,10.0,339,8660.0,0,0,341,0,341
19235,1.0,5.0,4.0,5.0,1.0,1.0,0.5,0.30000000000000004,10.0,340,8580.0,0,0,333,0,333
19235,1.0,5.0,4.0,5.0,1.0,1.0,0.5,0.30000000000000004,10.0,341,8620.0,0,0,326,0,326
19235,1.0,5.0,4.0,5.0,1.0,1.0,0.5,0.30000000000000004,10.0,342,8720.0,0,0,318,0,318
19235,1.0,5.0,4.0,5.0,1.0,1.0,0.5,0.30000000000000004,10.0,343,8880.0,0,0,294,0,294
19235,1.0,5.0,4.0,5.0,1.0,1.0,0.5,0.30000000000000004,10.0,344,8720.0,0,0,287,0,287
19235,1.0,5.0,4.0,5.0,1.0,1.0,0.5,0.30000000000000004,10.0,345,8560.0,0,0,288,0,288
19235,1.0,5.0,4.0,5.0,1.0,1.0,0.5,0.30000000000000004,10.0,346,8860.0,0,0,291,0,291
19235,1.0,5.0,4.0,5.0,1.0,1.0,0.5,0.30000000000000004,10.0,347,9120.0,0,0,274,0,274
19235,1.0,5.0,4.0,5.0,1.0,1.0,0.5,0.30000000000000004,10.0,348,9080.0,0,0,265,0,265
19235,1.0,5.0,4.0,5.0,1.0,1.0,0.5,0.30000000000000004,10.0,349,8860.0,0,0,257,0,257
19235,1.0,5.0,4.0,5.0,1.0,1.0,0.5,0.30000000000000004,10.0,350,9040.0,0,0,243,0,243
19235,1.0,5.0,4.0,5.0,1.0,1.0,0.5,0.30000000000000004,10.0,351,8560.0,0,0,243,0,243
19235,1.0,5.0,4.0,5.0,1.0,1.0,0.5,0.30000000000000004,10.0,352,8380.0,0,0,242,0,242
19235,1.0,5.0,4.0,5.0,1.0,1.0,0.5,0.30000000000000004,10.0,353,8220.0,0,0,251,0,251
19235,1.0,5.0,4.0,5.0,1.0,1.0,0.5,0.30000000000000004,10.0,354,8620.0,0,0,268,0,268
19235,1.0,5.0,4.0,5.0,1.0,1.0,0.5,0.30000000000000004,10.0,355,8740.0,0,0,292,0,292
19235,1.0,5.0,4.0,5.0,1.0,1.0,0.5,0.30000000000000004,10.0,356,8660.0,0,0,303,0,303
19235,1.0,5.0,4.0,5.0,1.0,1.0,0.5,0.30000000000000004,10.0,357,8660.0,0,0,319,0,319
19235,1.0,5.0,4.0,5.0,1.0,1.0,0.5,0.30000000000000004,10.0,358,8720.0,0,0,320,0,320
19235,1.0,5.0,4.0,5.0,1.0,1.0,0.5,0.30000000000000004,10.0,359,8780.0,0,0,323,0,323
19235,1.0,5.0,4.0,5.0,1.0,1.0,0.5,0.30000000000000004,10.0,360,8800.0,0,0,314,0,314
19235,1.0,5.0,4.0,5.0,1.0,1.0,0.5,0.30000000000000004,10.0,361,8700.0,0,0,309,0,309
19235,1.0,5.0,4.0,5.0,1.0,1.0,0.5,0.30000000000000004,10.0,362,8780.0,0,0,295,0,295
19235,1.0,5.0,4.0,5.0,1.0,1.0,0.5,0.30000000000000004,10.0,363,8780.0,0,0,289,0,289
19235,1.0,5.0,4.0,5.0,1.0,1.0,0.5,0.30000000000000004,10.0,364,8960.0,0,0,272,0,272
19235,1.0,5.0,4.0,5.0,1.0,1.0,0.5,0.30000000000000004,10.0,365,8760.0,0,0,269,0,269
19235,1.0,5.0,4.0,5.0,1.0,1.0,0.5,0.30000000000000004,10.0,366,9080.0,0,0,267,0,267
19235,1.0,5.0,4.0,5.0,1.0,1.0,0.5,0.30000000000000004,10.0,367,9060.0,0,0,253,0,253
19235,1.0,5.0,4.0,5.0,1.0,1.0,0.5,0.30000000000000004,10.0,368,8700.0,0,0,234,0,234
19235,1.0,5.0,4.0,5.0,1.0,1.0,0.5,0.30000000000000004,10.0,369,8260.0,0,0,236,0,236
19235,1.0,5.0,4.0,5.0,1.0,1.0,0.5,0.30000000000000004,10.0,370,8200.0,0,0,251,0,251
19235,1.0,5.0,4.0,5.0,1.0,1.0,0.5,0.30000000000000004,10.0,371,8580.0,0,0,275,0,275
19235,1.0,5.0,4.0,5.0,1.0,1.0,0.5,0.30000000000000004,10.0,372,8460.0,0,0,303,0,303
19235,1.0,5.0,4.0,5.0,1.0,1.0,0.5,0.30000000000000004,10.0,373,8440.0,0,0,330,0,330
19235,1.0,5.0,4.0,5.0,1.0,1.0,0.5,0.30000000000000004,10.0,374,8540.0,0,0,350,0,350
19235,1.0,5.0,4.0,5.0,1.0,1.0,0.5,0.30000000000000004,10.0,375,8200.0,0,0,367,0,367
19235,1.0,5.0,4.0,5.0,1.0,1.0,0.5,0.30000000000000004,10.0,376,8220.0,0,0,364,0,364
19235,1.0,5.0,4.0,5.0,1.0,1.0,0.5,0.30000000000000004,10.0,377,8460.0,0,0,367,0,367
19235,1.0,5.0,4.0,5.0,1.0,1.0,0.5,0.30000000000000004,10.0,378,8580.0,0,0,371,0,371
19235,1.0,5.0,4.0,5.0,1.0,1.0,0.5,0.30000000000000004,10.0,379,8640.0,0,0,351,0,351
19235,1.0,5.0,4.0,5.0,1.0,1.0,0.5,0.30000000000000004,10.0,380,8780.0,0,0,340,0,340
19235,1.0,5.0,4.0,5.0,1.0,1.0,0.5,0.30000000000000004,10.0,381,8500.0,0,0,338,0,338
19235,1.0,5.0,4.0,5.0,1.0,1.0,0.5,0.30000000000000004,10.0,382,8680.0,0,0,322,0,322
19235,1.0,5.0,4.0,5.0,1.0,1.0,0.5,0.30000000000000004,10.0,383,8660.0,0,0,308,0,308
19235,1.0,5.0,4.0,5.0,1.0,1.0,0.5,0.30000000000000004,10.0,384,8820.0,0,0,302,0,302
19235,1.0,5.0,4.0,5.0,1.0,1.0,0.5,0.30000000000000004,10.0,385,8720.0,0,0,302,0,302
19235,1.0,5.0,4.0,5.0,1.0,1.0,0.5,0.30000000000000004,10.0,386,8900.0,0,0,287,0,287
19235,1.0,5.0,4.0,5.0,1.0,1.0,0.5,0.30000000000000004,10.0,387,8900.0,0,0,278,0,278
19235,1.0,5.0,4.0,5.0,1.0,1.0,0.5,0.30000000000000004,10.0,388,8900.0,0,0,281,0,281
19235,1.0,5.0,4.0,5.0,1.0,1.0,0.5,0.30000000000000004,10.0,389,8500.0,0,0,282,0,282
19235,1.0,5.0,4.0,5.0,1.0,1.0,0.5,0.30000000000000004,10.0,390,8820.0,0,0,275,0,275
19235,1.0,5.0,4.0,5.0,1.0,1.0,0.5,0.30000000000000004,10.0,391,8680.0,0,0,273,0,273
19235,1.0,5.0,4.0,5.0,1.0,1.0,0.5,0.30000000000000004,10.0,392,9120.0,0,0,263,0,263
19235,1.0,5.0,4.0,5.0,1.0,1.0,0.5,0.30000000000000004,10.0,393,9000.0,0,0,244,0,244
19235,1.0,5.0,4.0,5.0,1.0,1.0,0.5,0.30000000000000004,10.0,394,8540.0,0,0,244,0,244
19235,1.0,5.0,4.0,5.0,1.0,1.0,0.5,0.30000000000000004,10.0,395,8220.0,0,0,243,0,243
19235,1.0,5.0,4.0,5.0,1.0,1.0,0.5,0.30000000000000004,10.0,396,8500.0,0,0,264,0,264
19235,1.0,5.0,4.0,5.0,1.0,1.0,0.5,0.30000000000000004,10.0,397,8740.0,0,0,285,0,285
19235,1.0,5.0,4.0,5.0,1.0,1.0,0.5,0.30000000000000004,10.0,398,8500.0,0,0,304,0,304
19235,1.0,5.0,4.0,5.0,1.0,1.0,0.5,0.30000000000000004,10.0,399,8460.0,0,0,329,0,329
19235,1.0,5.0,4.0,5.0,1.0,1.0,0.5,0.30000000000000004,10.0,400,8440.0,0,0,337,0,337
19235,1.0,5.0,4.0,5.0,1.0,1.0,0.5,0.30000000000000004,10.0,401,8200.0,0,0,349,0,349
19235,1.0,5.0,4.0,5.0,1.0,1.0,0.5,0.30000000000000004,10.0,402,8640.0,0,0,350,0,350
19235,1.0,5.0,4.0,5.0,1.0,1.0,0.5,0.30000000000000004,10.0,403,8560.0,0,0,343,0,343
19235,1.0,5.0,4.0,5.0,1.0,1.0,0.5,0.30000000000000004,10.0,404,8380.0,0,0,346,0,346
19235,1.0,5.0,4.0,5.0,1.0,1.0,0.5,0.30000000000000004,10.0,405,8440.0,0,0,343,0,343
19235,1.0,5.0,4.0,5.0,1.0,1.0,0.5,0.30000000000000004,10.0,406,8500.0,0,0,332,0,332
19235,1.0,5.0,4.0,5.0,1.0,1.0,0.5,0.30000000000000004,10.0,407,8620.0,0,0,331,0,331
19235,1.0,5.0,4.0,5.0,1.0,1.0,0.5,0.30000000000000004,10.0,408,8400.0,0,0,326,0,326
19235,1.0,5.0,4.0,5.0,1.0,1.0,0.5,0.30000000000000004,10.0,409,8540.0,0,0,338,0,338
19235,1.0,5.0,4.0,5.0,1.0,1.0,0.5,0.30000000000000004,10.0,410,8180.0,0,0,341,0,341
19235,1.0,5.0,4.0,5.0,1.0,1.0,0.5,0.30000000000000004,10.0,411,8300.0,0,0,345,0,345
19235,1.0,5.0,4.0,5.0,1.0,1.0,0.5,0.30000000000000004,10.0,412,8380.0,0,0,358,0,358
19235,1.0,5.0,4.0,5.0,1.0,1.0,0.5,0.30000000000000004,10.0,413,8580.0,0,0,346,0,346
19235,1.0,5.0,4.0,5.0,1.0,1.0,0.5,0.30000000000000004,10.0,414,8500.0,0,0,348,0,348
19235,1.0,5.0,4.0,5.0,1.0,1.0,0.5,0.30000000000000004,10.0,415,8300.0,0,0,349,0,349
19235,1.0,5.0,4.0,5.0,1.0,1.0,0.5,0.30000000000000004,10.0,416,8260.0,0,0,349,0,349
19235,1.0,5.0,4.0,5.0,1.0,1.0,0.5,0.30000000000000004,10.0,417,8380.0,0,0,348,0,348
19235,1.0,5.0,4.0,5.0,1.0,1.0,0.5,0.30000000000000004,10.0,418,8640.0,0,0,352,0,352
19235,1.0,5.0,4.0,5.0,1.0,1.0,0.5,0.30000000000000004,10.0,419,8400.0,0,0,352,0,352
19235,1.0,5.0,4.0,5.0,1.0,1.0,0.5,0.30000000000000004,10.0,420,8560.0,0,0,351,0,351
19235,1.0,5.0,4.0,5.0,1.0,1.0,0.5,0.30000000000000004,10.0,421,8440.0,0,0,346,0,346
19235,1.0,5.0,4.0,5.0,1.0,1.0,0.5,0.30000000000000004,10.0,422,8600.0,0,0,337,0,337
19235,1.0,5.0,4.0,5.0,1.0,1.0,0.5,0.30000000000000004,10.0,423,8420.0,0,0,341,0,341
19235,1.0,5.0,4.0,5.0,1.0,1.0,0.5,0.30000000000000004,10.0,424,8700.0,0,0,324,0,324
19235,1.0,5.0,4.0,5.0,1.0,1.0,0.5,0.30000000000000004,10.0,425,8760.0,0,0,320,0,320
19235,1.0,5.0,4.0,5.0,1.0,1.0,0.5,0.30000000000000004,10.0,426,8700.0,0,0,310,0,310
19235,1.0,5.0,4.0,5.0,1.0,1.0,0.5,0.30000000000000004,10.0,427,8460.0,0,0,310,0,310
19235,1.0,5.0,4.0,5.0,1.0,1.0,0.5,0.30000000000000004,10.0,428,8920.0,0,0,299,0,299
19235,1.0,5.0,4.0,5.0,1.0,1.0,0.5,0.30000000000000004,10.0,429,8780.0,0,0,295,0,295
19235,1.0,5.0,4.0,5.0,1.0,1.0,0.5,0.30000000000000004,10.0,430,8820.0,0,0,287,0,287
19235,1.0,5.0,4.0,5.0,1.0,1.0,0.5,0.30000000000000004,10.0,431,8800.0,0,0,273,0,273
19235,1.0,5.0,4.0,5.0,1.0,1.0,0.5,0.30000000000000004,10.0,432,8700.0,0,0,273,0,273
19235,1.0,5.0,4.0,5.0,1.0,1.0,0.5,0.30000000000000004,10.0,433,8840.0,0,0,277,0,277
19235,1.0,5.0,4.0,5.0,1.0,1.0,0.5,0.30000000000000004,10.0,434,9000.0,0,0,267,0,267
19235,1.0,5.0,4.0,5.0,1.0,1.0,0.5,0.30000000000000004,10.0,435,8960.0,0,0,250,0,250
19235,1.0,5.0,4.0,5.0,1.0,1.0,0.5,0.30000000000000004,10.0,436,8540.0,0,0,243,0,243
19235,1.0,5.0,4.0,5.0,1.0,1.0,0.5,0.30000000000000004,10.0,437,8540.0,0,0,254,0,254
19235,1.0,5.0,4.0,5.0,1.0,1.0,0.5,0.30000000000000004,10.0,438,8620.0,0,0,265,0,265
19235,1.0,5.0,4.0,5.0,1.0,1.0,0.5,0.30000000000000004,10.0,439,8720.0,0,0,271,0,271
19235,1.0,5.0,4.0,5.0,1.0,1.0,0.5,0.30000000000000004,10.0,440,9040.0,0,0,284,0,284
19235,1.0,5.0,4.0,5.0,1.0,1.0,0.5,0.30000000000000004,10.0,441,8660.0,0,0,293,0,293
19235,1.0,5.0,4.0,5.0,1.0,1.0,0.5,0.30000000000000004,10.0,442,8820.0,0,0,290,0,290
19235,1.0,5.0,4.0,5.0,1.0,1.0,0.5,0.30000000000000004,10.0,443,8720.0,0,0,289,0,289
19235,1.0,5.0,4.0,5.0,1.0,1.0,0.5,0.30000000000000004,10.0,444,8660.0,0,0,286,0,286
19235,1.0,5.0,4.0,5.0,1.0,1.0,0.5,0.30000000000000004,10.0,445,8620.0,0,0,291,0,291
19235,1.0,5.0,4.0,5.0,1.0,1.0,0.5,0.30000000000000004,10.0,446,8860.0,0,0,283,0,283
19235,1.0,5.0,4.0,5.0,1.0,1.0,0.5,0.30000000000000004,10.0,447,8860.0,0,0,276,0,276
19235,1.0,5.0,4.0,5.0,1.0,1.0,0.5,0.30000000000000004,10.0,448,8720.0,0,0,281,0,281
19235,1.0,5.0,4.0,5.0,1.0,1.0,0.5,0.30000000000000004,10.0,449,8640.0,0,0,277,0,277
19235,1.0,5.0,4.0,5.0,1.0,1.0,0.5,0.30000000000000004,10.0,450,8920.0,0,0,271,0,271
19235,1.0,5.0,4.0,5.0,1.0,1.0,0.5,0.30000000000000004,10.0,451,8760.0,0,0,270,0,270
19235,1.0,5.0,4.0,5.0,1.0,1.0,0.5,0.30000000000000004,10.0,452,8900.0,0,0,258,0,258
19235,1.0,5.0,4.0,5.0,1.0,1.0,0.5,0.30000000000000004,10.0,453,8860.0,0,0,261,0,261
19235,1.0,5.0,4.0,5.0,1.0,1.0,0.5,0.30000000000000004,10.0,454,8940.0,0,0,261,0,261
19235,1.0,5.0,4.0,5.0,1.0,1.0,0.5,0.30000000000000004,10.0,455,8740.0,0,0,252,0,252
19235,1.0,5.0,4.0,5.0,1.0,1.0,0.5,0.30000000000000004,10.0,456,8880.0,0,0,254,0,254
19235,1.0,5.0,4.0,5.0,1.0,1.0,0.5,0.30000000000000004,10.0,457,8680.0,0,0,241,0,241
19235,1.0,5.0,4.0,5.0,1.0,1.0,0.5,0.30000000000000004,10.0,458,8140.0,0,0,243,0,243
19235,1.0,5.0,4.0,5.0,1.0,1.0,0.5,0.30000000000000004,10.0,459,8320.0,0,0,257,0,257
19235,1.0,5.0,4.0,5.0,1.0,1.0,0.5,0.30000000000000004,10.0,460,8800.0,0,0,281,0,281
19235,1.0,5.0,4.0,5.0,1.0,1.0,0.5,0.30000000000000004,10.0,461,8600.0,0,0,304,0,304
19235,1.0,5.0,4.0,5.0,1.0,1.0,0.5,0.30000000000000004,10.0,462,8780.0,0,0,319,0,319
19235,1.0,5.0,4.0,5.0,1.0,1.0,0.5,0.30000000000000004,10.0,463,8600.0,0,0,328,0,328
19235,1.0,5.0,4.0,5.0,1.0,1.0,0.5,0.30000000000000004,10.0,464,8720.0,0,0,333,0,333
19235,1.0,5.0,4.0,5.0,1.0,1.0,0.5,0.30000000000000004,10.0,465,8720.0,0,0,327,0,327
19235,1.0,5.0,4.0,5.0,1.0,1.0,0.5,0.30000000000000004,10.0,466,8560.0,0,0,326,0,326
19235,1.0,5.0,4.0,5.0,1.0,1.0,0.5,0.30000000000000004,10.0,467,8720.0,0,0,311,0,311
19235,1.0,5.0,4.0,5.0,1.0,1.0,0.5,0.30000000000000004,10.0,468,8520.0,0,0,311,0,311
19235,1.0,5.0,4.0,5.0,1.0,1.0,0.5,0.30000000000000004,10.0,469,8720.0,0,0,300,0,300
19235,1.0,5.0,4.0,5.0,1.0,1.0,0.5,0.30000000000000004,10.0,470,8680.0,0,0,290,0,290
19235,1.0,5.0,4.0,5.0,1.0,1.0,0.5,0.30000000000000004,10.0,471,8820.0,0,0,292,0,292
19235,1.0,5.0,4.0,5.0,1.0,1.0,0.5,0.30000000000000004,10.0,472,8780.0,0,0,292,0,292
19235,1.0,5.0,4.0,5.0,1.0,1.0,0.5,0.30000000000000004,10.0,473,8800.0,0,0,285,0,285
19235,1.0,5.0,4.0,5.0,1.0,1.0,0.5,0.30000000000000004,10.0,474,8880.0,0,0,273,0,273
19235,1.0,5.0,4.0,5.0,1.0,1.0,0.5,0.30000000000000004,10.0,475,8880.0,0,0,273,0,273
19235,1.0,5.0,4.0,5.0,1.0,1.0,0.5,0.30000000000000004,10.0,476,9000.0,0,0,266,0,266
19235,1.0,5.0,4.0,5.0,1.0,1.0,0.5,0.30000000000000004,10.0,477,8900.0,0,0,256,0,256
19235,1.0,5.0,4.0,5.0,1.0,1.0,0.5,0.30000000000000004,10.0,478,8760.0,0,0,243,0,243
19235,1.0,5.0,4.0,5.0,1.0,1.0,0.5,0.30000000000000004,10.0,479,8640.0,0,0,253,0,253
19235,1.0,5.0,4.0,5.0,1.0,1.0,0.5,0.30000000000000004,10.0,480,8420.0,0,0,251,0,251
19235,1.0,5.0,4.0,5.0,1.0,1.0,0.5,0.30000000000000004,10.0,481,8580.0,0,0,259,0,259
19235,1.0,5.0,4.0,5.0,1.0,1.0,0.5,0.30000000000000004,10.0,482,8720.0,0,0,272,0,272
19235,1.0,5.0,4.0,5.0,1.0,1.0,0.5,0.30000000000000004,10.0,483,8620.0,0,0,285,0,285
19235,1.0,5.0,4.0,5.0,1.0,1.0,0.5,0.30000000000000004,10.0,484,9060.0,0,0,303,0,303
19235,1.0,5.0,4.0,5.0,1.0,1.0,0.5,0.30000000000000004,10.0,485,8620.0,0,0,305,0,305
19235,1.0,5.0,4.0,5.0,1.0,1.0,0.5,0.30000000000000004,10.0,486,8820.0,0,0,301,0,301
19235,1.0,5.0,4.0,5.0,1.0,1.0,0.5,0.30000000000000004,10.0,487,8660.0,0,0,302,0,302
19235,1.0,5.0,4.0,5.0,1.0,1.0,0.5,0.30000000000000004,10.0,488,8980.0,0,0,280,0,280
19235,1.0,5.0,4.0,5.0,1.0,1.0,0.5,0.30000000000000004,10.0,489,8760.0,0,0,279,0,279
19235,1.0,5.0,4.0,5.0,1.0,1.0,0.5,0.30000000000000004,10.0,490,8980.0,0,0,269,0,269
19235,1.0,5.0,4.0,5.0,1.0,1.0,0.5,0.30000000000000004,10.0,491,9040.0,0,0,250,0,250
19235,1.0,5.0,4.0,5.0,1.0,1.0,0.5,0.30000000000000004,10.0,492,8440.0,0,0,241,0,241
19235,1.0,5.0,4.0,5.0,1.0,1.0,0.5,0.30000000000000004,10.0,493,8400.0,0,0,263,0,263
19235,1.0,5.0,4.0,5.0,1.0,1.0,0.5,0.30000000000000004,10.0,494,8900.0,0,0,270,0,270
19235,1.0,5.0,4.0,5.0,1.0,1.0,0.5,0.30000000000000004,10.0,495,8860.0,0,0,278,0,278
19235,1.0,5.0,4.0,5.0,1.0,1.0,0.5,0.30000000000000004,10.0,496,8780.0,0,0,284,0,284
19235,1.0,5.0,4.0,5.0,1.0,1.0,0.5,0.30000000000000004,10.0,497,8880.0,0,0,270,0,270
19235,1.0,5.0,4.0,5.0,1.0,1.0,0.5,0.30000000000000004,10.0,498,8860.0,0,0,273,0,273
19235,1.0,5.0,4.0,5.0,1.0,1.0,0.5,0.30000000000000004,10.0,499,8980.0,0,0,273,0,273