Exp Num,agent:svo_convergence_factor,agent:params:metabolism,agent:params:consumption_factor,agent:params:procreate_cost_factor,agent:params:procreate_req_factor,agent:params:start_energy_factor,agent:params:caught_chance,agent:params:caught_cooldown_factor,agent:params:maximum_age,Epoch,Resource,A,B,C,D,E
144483,3.0,5.0,2.0,7.0,2.0,1.0,0.5,0.2,40.0,0,4000.0,10,37,6,26,74
144483,3.0,5.0,2.0,7.0,2.0,1.0,0.5,0.2,40.0,1,4000.0,10,37,6,26,74
144483,3.0,5.0,2.0,7.0,2.0,1.0,0.5,0.2,40.0,2,4000.0,10,37,6,26,74
144483,3.0,5.0,2.0,7.0,2.0,1.0,0.5,0.2,40.0,3,4000.0,10,37,6,26,74
144483,3.0,5.0,2.0,7.0,2.0,1.0,0.5,0.2,40.0,4,4000.0,10,37,6,26,74
144483,3.0,5.0,2.0,7.0,2.0,1.0,0.5,0.2,40.0,5,4000.0,10,37,6,26,74
144483,3.0,5.0,2.0,7.0,2.0,1.0,0.5,0.2,40.0,6,4000.0,10,37,6,26,74
144483,3.0,5.0,2.0,7.0,2.0,1.0,0.5,0.2,40.0,7,4000.0,10,37,6,26,74
144483,3.0,5.0,2.0,7.0,2.0,1.0,0.5,0.2,40.0,8,4000.0,10,37,6,26,74
144483,3.0,5.0,2.0,7.0,2.0,1.0,0.5,0.2,40.0,9,4000.0,10,37,6,26,74
144483,3.0,5.0,2.0,7.0,2.0,1.0,0.5,0.2,40.0,10,4000.0,10,37,6,26,74
144483,3.0,5.0,2.0,7.0,2.0,1.0,0.5,0.2,40.0,11,4000.0,10,37,6,26,74
144483,3.0,5.0,2.0,7.0,2.0,1.0,0.5,0.2,40.0,12,4000.0,15,51,17,36,114
144483,3.0,5.0,2.0,7.0,2.0,1.0,0.5,0.2,40.0,13,3500.0,18,58,23,43,132
144483,3.0,5.0,2.0,7.0,2.0,1.0,0.5,0.2,40.0,14,3315.0,19,59,26,45,138
144483,3.0,5.0,2.0,7.0,2.0,1.0,0.5,0.2,40.0,15,3393.75,19,60,26,46,139
144483,3.0,5.0,2.0,7.0,2.0,1.0,0.5,0.2,40.0,16,3642.1875,19,61,26,46,140
144483,3.0,5.0,2.0,7.0,2.0,1.0,0.5,0.2,40.0,17,4002.734375,19,61,26,46,140
144483,3.0,5.0,2.0,7.0,2.0,1.0,0.5,0.2,40.0,18,4503.41796875,19,62,26,46,141
144483,3.0,5.0,2.0,7.0,2.0,1.0,0.5,0.2,40.0,19,5069.2724609375,21,68,27,53,151
144483,3.0,5.0,2.0,7.0,2.0,1.0,0.5,0.2,40.0,20,5586.590576171875,21,71,33,53,162
144483,3.0,5.0,2.0,7.0,2.0,1.0,0.5,0.2,40.0,21,5943.238220214844,20,64,29,47,149
144483,3.0,5.0,2.0,7.0,2.0,1.0,0.5,0.2,40.0,22,6289.047775268555,19,62,30,47,147
144483,3.0,5.0,2.0,7.0,2.0,1.0,0.5,0.2,40.0,23,6771.309719085693,17,49,31,38,132
144483,3.0,5.0,2.0,7.0,2.0,1.0,0.5,0.2,40.0,24,7244.137148857117,16,45,29,36,125
144483,3.0,5.0,2.0,7.0,2.0,1.0,0.5,0.2,40.0,25,7725.171436071396,15,43,30,36,123
144483,3.0,5.0,2.0,7.0,2.0,1.0,0.5,0.2,40.0,26,8226.464295089245,16,50,32,39,136
144483,3.0,5.0,2.0,7.0,2.0,1.0,0.5,0.2,40.0,27,8360.0,17,55,35,48,149
144483,3.0,5.0,2.0,7.0,2.0,1.0,0.5,0.2,40.0,28,8050.0,17,61,40,56,161
144483,3.0,5.0,2.0,7.0,2.0,1.0,0.5,0.2,40.0,29,7850.0,18,63,44,62,171
144483,3.0,5.0,2.0,7.0,2.0,1.0,0.5,0.2,40.0,30,7482.5,19,64,50,63,182
144483,3.0,5.0,2.0,7.0,2.0,1.0,0.5,0.2,40.0,31,6903.125,20,64,56,66,191
144483,3.0,5.0,2.0,7.0,2.0,1.0,0.5,0.2,40.0,32,6058.90625,20,68,57,69,198
144483,3.0,5.0,2.0,7.0,2.0,1.0,0.5,0.2,40.0,33,5263.6328125,25,73,65,76,222
144483,3.0,5.0,2.0,7.0,2.0,1.0,0.5,0.2,40.0,34,5429.541015625,26,75,72,78,238
144483,3.0,5.0,2.0,7.0,2.0,1.0,0.5,0.2,40.0,35,5946.92626953125,26,76,75,78,243
144483,3.0,5.0,2.0,7.0,2.0,1.0,0.5,0.2,40.0,36,6723.6578369140625,26,76,77,80,245
144483,3.0,5.0,2.0,7.0,2.0,1.0,0.5,0.2,40.0,37,7734.572296142578,26,77,80,80,249
144483,3.0,5.0,2.0,7.0,2.0,1.0,0.5,0.2,40.0,38,9028.215370178223,26,78,82,80,252
144483,3.0,5.0,2.0,7.0,2.0,1.0,0.5,0.2,40.0,39,9320.0,27,76,82,83,250
144483,3.0,5.0,2.0,7.0,2.0,1.0,0.5,0.2,40.0,40,8960.0,20,67,81,72,227
144483,3.0,5.0,2.0,7.0,2.0,1.0,0.5,0.2,40.0,41,8670.0,19,62,83,67,215
144483,3.0,5.0,2.0,7.0,2.0,1.0,0.5,0.2,40.0,42,8680.0,19,56,84,62,206
144483,3.0,5.0,2.0,7.0,2.0,1.0,0.5,0.2,40.0,43,8410.0,18,53,80,63,198
144483,3.0,5.0,2.0,7.0,2.0,1.0,0.5,0.2,40.0,44,8150.0,17,53,80,65,196
144483,3.0,5.0,2.0,7.0,2.0,1.0,0.5,0.2,40.0,45,7830.0,17,51,82,68,199
144483,3.0,5.0,2.0,7.0,2.0,1.0,0.5,0.2,40.0,46,7427.5,17,50,85,72,205
144483,3.0,5.0,2.0,7.0,2.0,1.0,0.5,0.2,40.0,47,6704.375,17,49,90,80,213
144483,3.0,5.0,2.0,7.0,2.0,1.0,0.5,0.2,40.0,48,5770.46875,17,51,95,89,223
144483,3.0,5.0,2.0,7.0,2.0,1.0,0.5,0.2,40.0,49,5863.0859375,18,53,97,89,228
144483,3.0,5.0,2.0,7.0,2.0,1.0,0.5,0.2,40.0,50,6168.857421875,19,53,99,92,232
144483,3.0,5.0,2.0,7.0,2.0,1.0,0.5,0.2,40.0,51,6471.07177734375,19,53,99,97,234
144483,3.0,5.0,2.0,7.0,2.0,1.0,0.5,0.2,40.0,52,6828.8397216796875,19,53,102,100,240
144483,3.0,5.0,2.0,7.0,2.0,1.0,0.5,0.2,40.0,53,7246.049652099609,19,54,101,104,236
144483,3.0,5.0,2.0,7.0,2.0,1.0,0.5,0.2,40.0,54,7757.562065124512,17,52,100,108,229
144483,3.0,5.0,2.0,7.0,2.0,1.0,0.5,0.2,40.0,55,8316.95258140564,16,44,99,108,222
144483,3.0,5.0,2.0,7.0,2.0,1.0,0.5,0.2,40.0,56,8600.0,13,37,95,108,208
144483,3.0,5.0,2.0,7.0,2.0,1.0,0.5,0.2,40.0,57,8210.0,13,36,98,104,213
144483,3.0,5.0,2.0,7.0,2.0,1.0,0.5,0.2,40.0,58,7960.0,11,31,93,107,205
144483,3.0,5.0,2.0,7.0,2.0,1.0,0.5,0.2,40.0,59,7660.0,9,31,91,113,206
144483,3.0,5.0,2.0,7.0,2.0,1.0,0.5,0.2,40.0,60,7105.0,9,32,89,120,205
144483,3.0,5.0,2.0,7.0,2.0,1.0,0.5,0.2,40.0,61,6241.25,9,30,93,128,206
144483,3.0,5.0,2.0,7.0,2.0,1.0,0.5,0.2,40.0,62,6211.5625,9,30,95,131,208
144483,3.0,5.0,2.0,7.0,2.0,1.0,0.5,0.2,40.0,63,6544.453125,9,28,94,136,206
144483,3.0,5.0,2.0,7.0,2.0,1.0,0.5,0.2,40.0,64,6870.56640625,8,27,96,136,207
144483,3.0,5.0,2.0,7.0,2.0,1.0,0.5,0.2,40.0,65,7398.2080078125,8,26,96,138,206
144483,3.0,5.0,2.0,7.0,2.0,1.0,0.5,0.2,40.0,66,7907.760009765625,6,27,98,142,209
144483,3.0,5.0,2.0,7.0,2.0,1.0,0.5,0.2,40.0,67,8574.700012207031,6,26,97,144,210
144483,3.0,5.0,2.0,7.0,2.0,1.0,0.5,0.2,40.0,68,8490.0,6,25,96,144,209
144483,3.0,5.0,2.0,7.0,2.0,1.0,0.5,0.2,40.0,69,8520.0,6,23,95,138,208
144483,3.0,5.0,2.0,7.0,2.0,1.0,0.5,0.2,40.0,70,8390.0,4,22,89,133,197
144483,3.0,5.0,2.0,7.0,2.0,1.0,0.5,0.2,40.0,71,8180.0,4,18,85,131,191
144483,3.0,5.0,2.0,7.0,2.0,1.0,0.5,0.2,40.0,72,7840.0,4,19,84,133,191
144483,3.0,5.0,2.0,7.0,2.0,1.0,0.5,0.2,40.0,73,7610.0,4,19,83,137,190
144483,3.0,5.0,2.0,7.0,2.0,1.0,0.5,0.2,40.0,74,7192.5,4,18,82,139,185
144483,3.0,5.0,2.0,7.0,2.0,1.0,0.5,0.2,40.0,75,6540.625,3,21,85,140,194
144483,3.0,5.0,2.0,7.0,2.0,1.0,0.5,0.2,40.0,76,6275.78125,3,20,86,139,196
144483,3.0,5.0,2.0,7.0,2.0,1.0,0.5,0.2,40.0,77,6334.7265625,4,17,89,139,200
144483,3.0,5.0,2.0,7.0,2.0,1.0,0.5,0.2,40.0,78,6508.408203125,4,16,91,144,200
144483,3.0,5.0,2.0,7.0,2.0,1.0,0.5,0.2,40.0,79,6795.51025390625,5,16,90,151,202
144483,3.0,5.0,2.0,7.0,2.0,1.0,0.5,0.2,40.0,80,6994.3878173828125,5,17,91,152,206
144483,3.0,5.0,2.0,7.0,2.0,1.0,0.5,0.2,40.0,81,7232.984771728516,5,19,89,159,207
144483,3.0,5.0,2.0,7.0,2.0,1.0,0.5,0.2,40.0,82,7281.2309646606445,5,18,89,163,206
144483,3.0,5.0,2.0,7.0,2.0,1.0,0.5,0.2,40.0,83,7461.538705825806,5,18,87,165,201
144483,3.0,5.0,2.0,7.0,2.0,1.0,0.5,0.2,40.0,84,7486.923382282257,6,18,82,165,198
144483,3.0,5.0,2.0,7.0,2.0,1.0,0.5,0.2,40.0,85,7448.654227852821,5,17,77,169,190
144483,3.0,5.0,2.0,7.0,2.0,1.0,0.5,0.2,40.0,86,7170.817784816027,3,16,82,170,192
144483,3.0,5.0,2.0,7.0,2.0,1.0,0.5,0.2,40.0,87,6893.522231020033,4,16,84,170,197
144483,3.0,5.0,2.0,7.0,2.0,1.0,0.5,0.2,40.0,88,6846.902788775042,4,16,89,169,197
144483,3.0,5.0,2.0,7.0,2.0,1.0,0.5,0.2,40.0,89,6958.628485968802,4,15,89,169,196
144483,3.0,5.0,2.0,7.0,2.0,1.0,0.5,0.2,40.0,90,7128.285607461003,4,12,89,171,192
144483,3.0,5.0,2.0,7.0,2.0,1.0,0.5,0.2,40.0,91,7190.357009326253,6,11,89,178,190
144483,3.0,5.0,2.0,7.0,2.0,1.0,0.5,0.2,40.0,92,7197.946261657817,6,13,87,183,190
144483,3.0,5.0,2.0,7.0,2.0,1.0,0.5,0.2,40.0,93,7127.432827072271,6,14,89,181,191
144483,3.0,5.0,2.0,7.0,2.0,1.0,0.5,0.2,40.0,94,7059.291033840338,6,13,88,184,186
144483,3.0,5.0,2.0,7.0,2.0,1.0,0.5,0.2,40.0,95,7024.113792300423,6,11,88,185,183
144483,3.0,5.0,2.0,7.0,2.0,1.0,0.5,0.2,40.0,96,6950.142240375528,6,10,90,177,183
144483,3.0,5.0,2.0,7.0,2.0,1.0,0.5,0.2,40.0,97,6757.67780046941,6,10,86,173,178
144483,3.0,5.0,2.0,7.0,2.0,1.0,0.5,0.2,40.0,98,6717.097250586761,6,10,86,179,178
144483,3.0,5.0,2.0,7.0,2.0,1.0,0.5,0.2,40.0,99,6716.3715632334515,7,10,86,178,178
144483,3.0,5.0,2.0,7.0,2.0,1.0,0.5,0.2,40.0,100,6835.464454041814,8,10,88,178,178
144483,3.0,5.0,2.0,7.0,2.0,1.0,0.5,0.2,40.0,101,6874.330567552268,9,11,89,181,179
144483,3.0,5.0,2.0,7.0,2.0,1.0,0.5,0.2,40.0,102,7222.913209440336,8,11,90,180,177
144483,3.0,5.0,2.0,7.0,2.0,1.0,0.5,0.2,40.0,103,7268.641511800419,8,9,87,181,170
144483,3.0,5.0,2.0,7.0,2.0,1.0,0.5,0.2,40.0,104,7535.801889750524,7,7,85,181,167
144483,3.0,5.0,2.0,7.0,2.0,1.0,0.5,0.2,40.0,105,7529.7523621881555,7,7,85,185,170
144483,3.0,5.0,2.0,7.0,2.0,1.0,0.5,0.2,40.0,106,7562.190452735194,7,7,86,187,171
144483,3.0,5.0,2.0,7.0,2.0,1.0,0.5,0.2,40.0,107,7362.738065918993,7,6,88,191,170
144483,3.0,5.0,2.0,7.0,2.0,1.0,0.5,0.2,40.0,108,6983.422582398742,6,7,87,192,167
144483,3.0,5.0,2.0,7.0,2.0,1.0,0.5,0.2,40.0,109,6629.278227998428,6,6,86,196,164
144483,3.0,5.0,2.0,7.0,2.0,1.0,0.5,0.2,40.0,110,6746.597784998034,5,6,82,198,157
144483,3.0,5.0,2.0,7.0,2.0,1.0,0.5,0.2,40.0,111,6763.247231247542,5,5,81,197,150
144483,3.0,5.0,2.0,7.0,2.0,1.0,0.5,0.2,40.0,112,6924.059039059428,6,5,81,199,149
144483,3.0,5.0,2.0,7.0,2.0,1.0,0.5,0.2,40.0,113,6935.073798824285,6,5,80,204,148
144483,3.0,5.0,2.0,7.0,2.0,1.0,0.5,0.2,40.0,114,6818.842248530356,6,5,83,204,153
144483,3.0,5.0,2.0,7.0,2.0,1.0,0.5,0.2,40.0,115,6933.552810662946,6,7,84,211,157
144483,3.0,5.0,2.0,7.0,2.0,1.0,0.5,0.2,40.0,116,7076.941013328684,4,8,81,215,153
144483,3.0,5.0,2.0,7.0,2.0,1.0,0.5,0.2,40.0,117,7076.176266660856,3,8,79,217,146
144483,3.0,5.0,2.0,7.0,2.0,1.0,0.5,0.2,40.0,118,7045.2203333260695,3,9,75,215,138
144483,3.0,5.0,2.0,7.0,2.0,1.0,0.5,0.2,40.0,119,6926.525416657587,3,10,73,218,135
144483,3.0,5.0,2.0,7.0,2.0,1.0,0.5,0.2,40.0,120,6808.1567708219845,3,10,71,223,132
144483,3.0,5.0,2.0,7.0,2.0,1.0,0.5,0.2,40.0,121,6640.19596352748,3,9,69,221,128
144483,3.0,5.0,2.0,7.0,2.0,1.0,0.5,0.2,40.0,122,6590.244954409351,4,8,65,224,124
144483,3.0,5.0,2.0,7.0,2.0,1.0,0.5,0.2,40.0,123,6517.806193011689,5,8,66,225,127
144483,3.0,5.0,2.0,7.0,2.0,1.0,0.5,0.2,40.0,124,6647.2577412646115,5,9,67,220,127
144483,3.0,5.0,2.0,7.0,2.0,1.0,0.5,0.2,40.0,125,6659.072176580765,5,9,69,221,126
144483,3.0,5.0,2.0,7.0,2.0,1.0,0.5,0.2,40.0,126,6743.840220725957,5,9,71,223,129
144483,3.0,5.0,2.0,7.0,2.0,1.0,0.5,0.2,40.0,127,6769.800275907446,5,10,66,228,124
144483,3.0,5.0,2.0,7.0,2.0,1.0,0.5,0.2,40.0,128,6762.250344884307,4,10,62,226,118
144483,3.0,5.0,2.0,7.0,2.0,1.0,0.5,0.2,40.0,129,6612.8129311053835,5,10,59,229,117
144483,3.0,5.0,2.0,7.0,2.0,1.0,0.5,0.2,40.0,130,6546.01616388173,5,10,59,231,117
144483,3.0,5.0,2.0,7.0,2.0,1.0,0.5,0.2,40.0,131,6572.520204852162,5,10,61,230,116
144483,3.0,5.0,2.0,7.0,2.0,1.0,0.5,0.2,40.0,132,6675.6502560652025,5,10,61,234,116
144483,3.0,5.0,2.0,7.0,2.0,1.0,0.5,0.2,40.0,133,6824.562820081503,5,10,67,233,122
144483,3.0,5.0,2.0,7.0,2.0,1.0,0.5,0.2,40.0,134,7080.703525101879,5,10,73,223,128
144483,3.0,5.0,2.0,7.0,2.0,1.0,0.5,0.2,40.0,135,7120.879406377349,4,10,73,219,126
144483,3.0,5.0,2.0,7.0,2.0,1.0,0.5,0.2,40.0,136,7131.099257971688,4,11,74,222,129
144483,3.0,5.0,2.0,7.0,2.0,1.0,0.5,0.2,40.0,137,7023.874072464609,4,12,75,224,130
144483,3.0,5.0,2.0,7.0,2.0,1.0,0.5,0.2,40.0,138,6929.84259058076,4,11,76,219,129
144483,3.0,5.0,2.0,7.0,2.0,1.0,0.5,0.2,40.0,139,6622.30323822595,4,8,72,222,123
144483,3.0,5.0,2.0,7.0,2.0,1.0,0.5,0.2,40.0,140,6517.879047782437,4,9,74,217,130
144483,3.0,5.0,2.0,7.0,2.0,1.0,0.5,0.2,40.0,141,6467.348809728046,4,9,72,212,127
144483,3.0,5.0,2.0,7.0,2.0,1.0,0.5,0.2,40.0,142,6464.1860121600575,4,10,75,210,129
144483,3.0,5.0,2.0,7.0,2.0,1.0,0.5,0.2,40.0,143,6500.232515200072,4,10,76,210,130
144483,3.0,5.0,2.0,7.0,2.0,1.0,0.5,0.2,40.0,144,6595.29064400009,4,9,82,206,136
144483,3.0,5.0,2.0,7.0,2.0,1.0,0.5,0.2,40.0,145,6664.113305000112,5,9,85,208,138
144483,3.0,5.0,2.0,7.0,2.0,1.0,0.5,0.2,40.0,146,6730.141631250139,6,9,94,198,149
144483,3.0,5.0,2.0,7.0,2.0,1.0,0.5,0.2,40.0,147,6652.677039062673,7,9,95,197,151
144483,3.0,5.0,2.0,7.0,2.0,1.0,0.5,0.2,40.0,148,6645.846298828343,5,9,96,199,150
144483,3.0,5.0,2.0,7.0,2.0,1.0,0.5,0.2,40.0,149,6737.307873535428,5,10,97,198,150
144483,3.0,5.0,2.0,7.0,2.0,1.0,0.5,0.2,40.0,150,6751.6348419192855,5,9,99,196,150
144483,3.0,5.0,2.0,7.0,2.0,1.0,0.5,0.2,40.0,151,6779.543552399107,5,8,96,188,145
144483,3.0,5.0,2.0,7.0,2.0,1.0,0.5,0.2,40.0,152,6704.429440498883,4,10,98,183,148
144483,3.0,5.0,2.0,7.0,2.0,1.0,0.5,0.2,40.0,153,6330.536800623604,5,9,106,179,157
144483,3.0,5.0,2.0,7.0,2.0,1.0,0.5,0.2,40.0,154,6283.1710007795045,5,9,113,179,162
144483,3.0,5.0,2.0,7.0,2.0,1.0,0.5,0.2,40.0,155,6433.963750974381,5,9,112,179,161
144483,3.0,5.0,2.0,7.0,2.0,1.0,0.5,0.2,40.0,156,6522.454688717976,5,9,113,173,162
144483,3.0,5.0,2.0,7.0,2.0,1.0,0.5,0.2,40.0,157,6623.06836089747,5,9,113,174,162
144483,3.0,5.0,2.0,7.0,2.0,1.0,0.5,0.2,40.0,158,6608.835451121837,5,9,114,176,163
144483,3.0,5.0,2.0,7.0,2.0,1.0,0.5,0.2,40.0,159,6591.0443139022955,6,11,115,178,167
144483,3.0,5.0,2.0,7.0,2.0,1.0,0.5,0.2,40.0,160,6648.80539237787,7,12,118,174,171
144483,3.0,5.0,2.0,7.0,2.0,1.0,0.5,0.2,40.0,161,6721.006740472338,7,12,121,168,175
144483,3.0,5.0,2.0,7.0,2.0,1.0,0.5,0.2,40.0,162,6651.258425590422,7,11,119,171,171
144483,3.0,5.0,2.0,7.0,2.0,1.0,0.5,0.2,40.0,163,6504.073031988028,6,11,118,168,169
144483,3.0,5.0,2.0,7.0,2.0,1.0,0.5,0.2,40.0,164,6320.091289985035,6,11,116,168,165
144483,3.0,5.0,2.0,7.0,2.0,1.0,0.5,0.2,40.0,165,6380.114112481293,6,11,115,169,164
144483,3.0,5.0,2.0,7.0,2.0,1.0,0.5,0.2,40.0,166,6425.142640601616,6,12,119,169,169
144483,3.0,5.0,2.0,7.0,2.0,1.0,0.5,0.2,40.0,167,6511.428300752021,6,12,125,161,175
144483,3.0,5.0,2.0,7.0,2.0,1.0,0.5,0.2,40.0,168,6549.285375940026,6,12,126,160,175
144483,3.0,5.0,2.0,7.0,2.0,1.0,0.5,0.2,40.0,169,6476.606719925032,5,12,135,157,182
144483,3.0,5.0,2.0,7.0,2.0,1.0,0.5,0.2,40.0,170,6425.75839990629,5,13,137,149,185
144483,3.0,5.0,2.0,7.0,2.0,1.0,0.5,0.2,40.0,171,6362.197999882863,4,14,132,149,178
144483,3.0,5.0,2.0,7.0,2.0,1.0,0.5,0.2,40.0,172,6312.747499853578,4,14,128,140,175
144483,3.0,5.0,2.0,7.0,2.0,1.0,0.5,0.2,40.0,173,6130.934374816972,4,15,126,135,175
144483,3.0,5.0,2.0,7.0,2.0,1.0,0.5,0.2,40.0,174,5853.667968521215,4,15,125,133,175
144483,3.0,5.0,2.0,7.0,2.0,1.0,0.5,0.2,40.0,175,5707.0849606515185,4,16,130,135,180
144483,3.0,5.0,2.0,7.0,2.0,1.0,0.5,0.2,40.0,176,5993.856200814398,3,16,132,134,180
144483,3.0,5.0,2.0,7.0,2.0,1.0,0.5,0.2,40.0,177,6222.320251017998,3,16,136,134,184
144483,3.0,5.0,2.0,7.0,2.0,1.0,0.5,0.2,40.0,178,6587.900313772498,2,14,137,135,182
144483,3.0,5.0,2.0,7.0,2.0,1.0,0.5,0.2,40.0,179,6924.875392215621,2,14,136,131,180
144483,3.0,5.0,2.0,7.0,2.0,1.0,0.5,0.2,40.0,180,7286.0942402695255,2,14,134,136,176
144483,3.0,5.0,2.0,7.0,2.0,1.0,0.5,0.2,40.0,181,7667.617800336906,3,13,135,135,174
144483,3.0,5.0,2.0,7.0,2.0,1.0,0.5,0.2,40.0,182,8024.522250421132,3,13,131,136,170
144483,3.0,5.0,2.0,7.0,2.0,1.0,0.5,0.2,40.0,183,8090.0,3,13,136,139,175
144483,3.0,5.0,2.0,7.0,2.0,1.0,0.5,0.2,40.0,184,7910.0,3,13,136,142,175
144483,3.0,5.0,2.0,7.0,2.0,1.0,0.5,0.2,40.0,185,7577.5,3,10,144,139,179
144483,3.0,5.0,2.0,7.0,2.0,1.0,0.5,0.2,40.0,186,7071.875,3,9,148,141,181
144483,3.0,5.0,2.0,7.0,2.0,1.0,0.5,0.2,40.0,187,6299.84375,3,10,156,146,187
144483,3.0,5.0,2.0,7.0,2.0,1.0,0.5,0.2,40.0,188,6084.8046875,3,10,156,145,184
144483,3.0,5.0,2.0,7.0,2.0,1.0,0.5,0.2,40.0,189,6216.005859375,4,11,152,147,182
144483,3.0,5.0,2.0,7.0,2.0,1.0,0.5,0.2,40.0,190,6350.00732421875,5,12,153,152,184
144483,3.0,5.0,2.0,7.0,2.0,1.0,0.5,0.2,40.0,191,6577.5091552734375,5,13,156,156,188
144483,3.0,5.0,2.0,7.0,2.0,1.0,0.5,0.2,40.0,192,6841.886444091797,5,13,160,157,191
144483,3.0,5.0,2.0,7.0,2.0,1.0,0.5,0.2,40.0,193,7122.358055114746,5,13,160,159,190
144483,3.0,5.0,2.0,7.0,2.0,1.0,0.5,0.2,40.0,194,7362.947568893433,5,13,163,160,193
144483,3.0,5.0,2.0,7.0,2.0,1.0,0.5,0.2,40.0,195,7663.684461116791,6,12,163,156,193
144483,3.0,5.0,2.0,7.0,2.0,1.0,0.5,0.2,40.0,196,7949.6055763959885,7,10,158,155,188
144483,3.0,5.0,2.0,7.0,2.0,1.0,0.5,0.2,40.0,197,8197.006970494986,7,12,154,156,186
144483,3.0,5.0,2.0,7.0,2.0,1.0,0.5,0.2,40.0,198,7920.0,7,13,154,158,185
144483,3.0,5.0,2.0,7.0,2.0,1.0,0.5,0.2,40.0,199,7730.0,6,11,153,157,180
144483,3.0,5.0,2.0,7.0,2.0,1.0,0.5,0.2,40.0,200,7292.5,6,11,158,160,185
144483,3.0,5.0,2.0,7.0,2.0,1.0,0.5,0.2,40.0,201,6595.625,6,12,164,161,191
144483,3.0,5.0,2.0,7.0,2.0,1.0,0.5,0.2,40.0,202,6514.53125,6,11,163,154,189
144483,3.0,5.0,2.0,7.0,2.0,1.0,0.5,0.2,40.0,203,6473.1640625,6,11,162,152,188
144483,3.0,5.0,2.0,7.0,2.0,1.0,0.5,0.2,40.0,204,6511.455078125,5,11,163,154,187
144483,3.0,5.0,2.0,7.0,2.0,1.0,0.5,0.2,40.0,205,6619.31884765625,5,11,163,162,187
144483,3.0,5.0,2.0,7.0,2.0,1.0,0.5,0.2,40.0,206,6744.1485595703125,5,12,164,166,188
144483,3.0,5.0,2.0,7.0,2.0,1.0,0.5,0.2,40.0,207,7010.185699462891,5,12,169,172,193
144483,3.0,5.0,2.0,7.0,2.0,1.0,0.5,0.2,40.0,208,7112.732124328613,5,12,171,174,195
144483,3.0,5.0,2.0,7.0,2.0,1.0,0.5,0.2,40.0,209,7190.915155410767,6,12,172,173,197
144483,3.0,5.0,2.0,7.0,2.0,1.0,0.5,0.2,40.0,210,7238.643944263458,6,12,169,173,195
144483,3.0,5.0,2.0,7.0,2.0,1.0,0.5,0.2,40.0,211,7098.304930329323,5,10,167,173,190
144483,3.0,5.0,2.0,7.0,2.0,1.0,0.5,0.2,40.0,212,6962.8811629116535,5,10,167,174,190
144483,3.0,5.0,2.0,7.0,2.0,1.0,0.5,0.2,40.0,213,6873.601453639567,5,10,163,174,186
144483,3.0,5.0,2.0,7.0,2.0,1.0,0.5,0.2,40.0,214,6762.001817049459,5,10,160,175,181
144483,3.0,5.0,2.0,7.0,2.0,1.0,0.5,0.2,40.0,215,6822.502271311823,5,10,164,175,185
144483,3.0,5.0,2.0,7.0,2.0,1.0,0.5,0.2,40.0,216,6938.127839139779,5,8,160,176,178
144483,3.0,5.0,2.0,7.0,2.0,1.0,0.5,0.2,40.0,217,6842.659798924724,6,7,165,177,183
144483,3.0,5.0,2.0,7.0,2.0,1.0,0.5,0.2,40.0,218,6853.324748655905,6,7,164,173,182
144483,3.0,5.0,2.0,7.0,2.0,1.0,0.5,0.2,40.0,219,6876.655935819881,6,8,165,173,183
144483,3.0,5.0,2.0,7.0,2.0,1.0,0.5,0.2,40.0,220,6785.819919774851,5,8,164,173,181
144483,3.0,5.0,2.0,7.0,2.0,1.0,0.5,0.2,40.0,221,6732.274899718563,5,9,166,166,184
144483,3.0,5.0,2.0,7.0,2.0,1.0,0.5,0.2,40.0,222,6665.343624648203,4,9,166,166,183
144483,3.0,5.0,2.0,7.0,2.0,1.0,0.5,0.2,40.0,223,6571.679530810254,5,6,170,164,185
144483,3.0,5.0,2.0,7.0,2.0,1.0,0.5,0.2,40.0,224,6604.599413512817,5,7,176,161,192
144483,3.0,5.0,2.0,7.0,2.0,1.0,0.5,0.2,40.0,225,6725.74926689102,5,8,177,156,194
144483,3.0,5.0,2.0,7.0,2.0,1.0,0.5,0.2,40.0,226,6737.186583613775,5,9,178,153,196
144483,3.0,5.0,2.0,7.0,2.0,1.0,0.5,0.2,40.0,227,6741.483229517218,5,9,182,154,201
144483,3.0,5.0,2.0,7.0,2.0,1.0,0.5,0.2,40.0,228,6836.854036896522,5,8,179,158,197
144483,3.0,5.0,2.0,7.0,2.0,1.0,0.5,0.2,40.0,229,7026.067546120652,5,8,180,152,198
144483,3.0,5.0,2.0,7.0,2.0,1.0,0.5,0.2,40.0,230,7132.584432650816,5,8,184,150,202
144483,3.0,5.0,2.0,7.0,2.0,1.0,0.5,0.2,40.0,231,7165.73054081352,5,9,188,138,207
144483,3.0,5.0,2.0,7.0,2.0,1.0,0.5,0.2,40.0,232,7167.1631760169,4,8,195,130,212
144483,3.0,5.0,2.0,7.0,2.0,1.0,0.5,0.2,40.0,233,6868.953970021124,4,8,202,136,219
144483,3.0,5.0,2.0,7.0,2.0,1.0,0.5,0.2,40.0,234,6716.1924625264055,4,9,201,142,219
144483,3.0,5.0,2.0,7.0,2.0,1.0,0.5,0.2,40.0,235,6685.240578158007,4,9,199,139,217
144483,3.0,5.0,2.0,7.0,2.0,1.0,0.5,0.2,40.0,236,6766.55072269751,3,9,198,132,215
144483,3.0,5.0,2.0,7.0,2.0,1.0,0.5,0.2,40.0,237,6868.188403371887,3,7,193,133,208
144483,3.0,5.0,2.0,7.0,2.0,1.0,0.5,0.2,40.0,238,6965.235504214859,2,7,194,132,208
144483,3.0,5.0,2.0,7.0,2.0,1.0,0.5,0.2,40.0,239,7006.544380268573,2,7,200,130,214
144483,3.0,5.0,2.0,7.0,2.0,1.0,0.5,0.2,40.0,240,6818.180475335717,2,7,204,133,219
144483,3.0,5.0,2.0,7.0,2.0,1.0,0.5,0.2,40.0,241,6702.725594169646,1,5,204,136,215
144483,3.0,5.0,2.0,7.0,2.0,1.0,0.5,0.2,40.0,242,6568.406992712058,0,5,200,135,210
144483,3.0,5.0,2.0,7.0,2.0,1.0,0.5,0.2,40.0,243,6640.508740890073,0,4,196,138,205
144483,3.0,5.0,2.0,7.0,2.0,1.0,0.5,0.2,40.0,244,6540.635926112591,0,4,192,141,201
144483,3.0,5.0,2.0,7.0,2.0,1.0,0.5,0.2,40.0,245,6445.7949076407385,0,4,190,139,199
144483,3.0,5.0,2.0,7.0,2.0,1.0,0.5,0.2,40.0,246,6457.243634550923,0,4,188,149,197
144483,3.0,5.0,2.0,7.0,2.0,1.0,0.5,0.2,40.0,247,6591.554543188654,0,4,189,152,198
144483,3.0,5.0,2.0,7.0,2.0,1.0,0.5,0.2,40.0,248,6659.443178985817,0,4,185,153,194
144483,3.0,5.0,2.0,7.0,2.0,1.0,0.5,0.2,40.0,249,6714.303973732272,0,5,183,156,193
144483,3.0,5.0,2.0,7.0,2.0,1.0,0.5,0.2,40.0,250,6762.87996716534,0,5,182,153,192
144483,3.0,5.0,2.0,7.0,2.0,1.0,0.5,0.2,40.0,251,6653.5999589566745,0,5,181,153,191
144483,3.0,5.0,2.0,7.0,2.0,1.0,0.5,0.2,40.0,252,6586.999948695844,0,5,183,153,193
144483,3.0,5.0,2.0,7.0,2.0,1.0,0.5,0.2,40.0,253,6433.749935869804,0,5,175,153,185
144483,3.0,5.0,2.0,7.0,2.0,1.0,0.5,0.2,40.0,254,6452.187419837255,0,5,171,157,181
144483,3.0,5.0,2.0,7.0,2.0,1.0,0.5,0.2,40.0,255,6375.234274796569,0,5,167,156,177
144483,3.0,5.0,2.0,7.0,2.0,1.0,0.5,0.2,40.0,256,6299.04284349571,0,5,168,156,178
144483,3.0,5.0,2.0,7.0,2.0,1.0,0.5,0.2,40.0,257,6273.803554369638,0,5,167,149,177
144483,3.0,5.0,2.0,7.0,2.0,1.0,0.5,0.2,40.0,258,6252.2544429620475,0,5,173,148,182
144483,3.0,5.0,2.0,7.0,2.0,1.0,0.5,0.2,40.0,259,6315.318053702559,0,4,170,148,178
144483,3.0,5.0,2.0,7.0,2.0,1.0,0.5,0.2,40.0,260,6414.147567128199,0,4,168,148,176
144483,3.0,5.0,2.0,7.0,2.0,1.0,0.5,0.2,40.0,261,6387.684458910248,0,3,165,154,173
144483,3.0,5.0,2.0,7.0,2.0,1.0,0.5,0.2,40.0,262,6344.60557363781,0,3,169,157,177
144483,3.0,5.0,2.0,7.0,2.0,1.0,0.5,0.2,40.0,263,6300.756967047263,0,2,167,161,175
144483,3.0,5.0,2.0,7.0,2.0,1.0,0.5,0.2,40.0,264,6425.946208809079,0,1,166,163,173
144483,3.0,5.0,2.0,7.0,2.0,1.0,0.5,0.2,40.0,265,6422.432761011349,0,1,168,159,175
144483,3.0,5.0,2.0,7.0,2.0,1.0,0.5,0.2,40.0,266,6438.040951264185,0,1,168,159,175
144483,3.0,5.0,2.0,7.0,2.0,1.0,0.5,0.2,40.0,267,6417.551189080232,0,1,165,154,172
144483,3.0,5.0,2.0,7.0,2.0,1.0,0.5,0.2,40.0,268,6351.938986350289,0,1,169,158,175
144483,3.0,5.0,2.0,7.0,2.0,1.0,0.5,0.2,40.0,269,6309.923732937861,0,1,172,159,177
144483,3.0,5.0,2.0,7.0,2.0,1.0,0.5,0.2,40.0,270,6477.404666172326,0,0,170,163,174
144483,3.0,5.0,2.0,7.0,2.0,1.0,0.5,0.2,40.0,271,6686.755832715407,0,0,168,154,172
144483,3.0,5.0,2.0,7.0,2.0,1.0,0.5,0.2,40.0,272,6808.44479089426,0,0,167,148,171
144483,3.0,5.0,2.0,7.0,2.0,1.0,0.5,0.2,40.0,273,6780.555988617825,0,0,165,146,169
144483,3.0,5.0,2.0,7.0,2.0,1.0,0.5,0.2,40.0,274,6665.694985772281,0,0,164,144,168
144483,3.0,5.0,2.0,7.0,2.0,1.0,0.5,0.2,40.0,275,6372.118732215351,0,0,166,146,170
144483,3.0,5.0,2.0,7.0,2.0,1.0,0.5,0.2,40.0,276,6045.148415269188,0,0,163,150,167
144483,3.0,5.0,2.0,7.0,2.0,1.0,0.5,0.2,40.0,277,5986.435519086485,0,0,163,156,167
144483,3.0,5.0,2.0,7.0,2.0,1.0,0.5,0.2,40.0,278,6113.044398858106,0,0,162,161,166
144483,3.0,5.0,2.0,7.0,2.0,1.0,0.5,0.2,40.0,279,6271.305498572633,0,0,161,160,165
144483,3.0,5.0,2.0,7.0,2.0,1.0,0.5,0.2,40.0,280,6339.1318732157915,0,0,162,162,166
144483,3.0,5.0,2.0,7.0,2.0,1.0,0.5,0.2,40.0,281,6353.91484151974,0,0,163,162,167
144483,3.0,5.0,2.0,7.0,2.0,1.0,0.5,0.2,40.0,282,6332.393551899675,0,0,162,162,166
144483,3.0,5.0,2.0,7.0,2.0,1.0,0.5,0.2,40.0,283,6335.491939874593,0,0,158,167,161
144483,3.0,5.0,2.0,7.0,2.0,1.0,0.5,0.2,40.0,284,6309.364924843241,0,0,154,168,157
144483,3.0,5.0,2.0,7.0,2.0,1.0,0.5,0.2,40.0,285,6326.7061560540515,0,0,153,168,155
144483,3.0,5.0,2.0,7.0,2.0,1.0,0.5,0.2,40.0,286,6218.382695067565,0,0,156,173,159
144483,3.0,5.0,2.0,7.0,2.0,1.0,0.5,0.2,40.0,287,6272.978368834456,0,0,158,174,161
144483,3.0,5.0,2.0,7.0,2.0,1.0,0.5,0.2,40.0,288,6311.2229610430695,0,0,152,175,155
144483,3.0,5.0,2.0,7.0,2.0,1.0,0.5,0.2,40.0,289,6319.028701303837,0,0,149,173,152
144483,3.0,5.0,2.0,7.0,2.0,1.0,0.5,0.2,40.0,290,6168.785876629796,0,0,148,170,151
144483,3.0,5.0,2.0,7.0,2.0,1.0,0.5,0.2,40.0,291,6120.982345787244,0,0,144,174,147
144483,3.0,5.0,2.0,7.0,2.0,1.0,0.5,0.2,40.0,292,6081.2279322340555,0,0,145,173,148
144483,3.0,5.0,2.0,7.0,2.0,1.0,0.5,0.2,40.0,293,6101.534915292569,0,0,146,172,149
144483,3.0,5.0,2.0,7.0,2.0,1.0,0.5,0.2,40.0,294,6056.918644115712,0,1,146,167,150
144483,3.0,5.0,2.0,7.0,2.0,1.0,0.5,0.2,40.0,295,6041.148305144639,0,1,143,171,147
144483,3.0,5.0,2.0,7.0,2.0,1.0,0.5,0.2,40.0,296,6091.4353814308,0,1,148,166,152
144483,3.0,5.0,2.0,7.0,2.0,1.0,0.5,0.2,40.0,297,6154.294226788499,0,1,145,169,149
144483,3.0,5.0,2.0,7.0,2.0,1.0,0.5,0.2,40.0,298,6152.867783485624,0,1,144,173,148
144483,3.0,5.0,2.0,7.0,2.0,1.0,0.5,0.2,40.0,299,6141.0847293570305,0,1,139,169,143
144483,3.0,5.0,2.0,7.0,2.0,1.0,0.5,0.2,40.0,300,6116.355911696288,0,1,135,171,139
144483,3.0,5.0,2.0,7.0,2.0,1.0,0.5,0.2,40.0,301,5965.444889620359,0,1,133,173,137
144483,3.0,5.0,2.0,7.0,2.0,1.0,0.5,0.2,40.0,302,5896.80611202545,0,1,133,174,137
144483,3.0,5.0,2.0,7.0,2.0,1.0,0.5,0.2,40.0,303,5941.007640031812,0,1,137,176,141
144483,3.0,5.0,2.0,7.0,2.0,1.0,0.5,0.2,40.0,304,6086.259550039766,0,1,135,181,139
144483,3.0,5.0,2.0,7.0,2.0,1.0,0.5,0.2,40.0,305,6247.824437549707,0,1,136,174,140
144483,3.0,5.0,2.0,7.0,2.0,1.0,0.5,0.2,40.0,306,6339.780546937134,0,1,131,174,135
144483,3.0,5.0,2.0,7.0,2.0,1.0,0.5,0.2,40.0,307,6414.725683671418,0,1,129,173,132
144483,3.0,5.0,2.0,7.0,2.0,1.0,0.5,0.2,40.0,308,6358.407104589272,0,1,130,170,132
144483,3.0,5.0,2.0,7.0,2.0,1.0,0.5,0.2,40.0,309,6228.00888073659,0,1,128,171,130
144483,3.0,5.0,2.0,7.0,2.0,1.0,0.5,0.2,40.0,310,5945.011100920738,0,1,124,178,126
144483,3.0,5.0,2.0,7.0,2.0,1.0,0.5,0.2,40.0,311,5721.263876150922,0,1,119,184,121
144483,3.0,5.0,2.0,7.0,2.0,1.0,0.5,0.2,40.0,312,5711.579845188653,0,1,116,186,118
144483,3.0,5.0,2.0,7.0,2.0,1.0,0.5,0.2,40.0,313,5739.474806485816,0,1,117,187,119
144483,3.0,5.0,2.0,7.0,2.0,1.0,0.5,0.2,40.0,314,5854.343508107269,0,1,116,189,118
144483,3.0,5.0,2.0,7.0,2.0,1.0,0.5,0.2,40.0,315,5897.929385134086,0,1,115,189,117
144483,3.0,5.0,2.0,7.0,2.0,1.0,0.5,0.2,40.0,316,5942.411731417607,0,1,116,189,118
144483,3.0,5.0,2.0,7.0,2.0,1.0,0.5,0.2,40.0,317,5998.014664272009,0,1,114,194,117
144483,3.0,5.0,2.0,7.0,2.0,1.0,0.5,0.2,40.0,318,5987.518330340012,0,1,120,191,123
144483,3.0,5.0,2.0,7.0,2.0,1.0,0.5,0.2,40.0,319,6124.397912925015,0,1,123,195,126
144483,3.0,5.0,2.0,7.0,2.0,1.0,0.5,0.2,40.0,320,6275.497391156268,0,1,120,192,123
144483,3.0,5.0,2.0,7.0,2.0,1.0,0.5,0.2,40.0,321,6344.371738945336,0,1,119,193,122
144483,3.0,5.0,2.0,7.0,2.0,1.0,0.5,0.2,40.0,322,6210.46467368167,0,1,121,189,124
144483,3.0,5.0,2.0,7.0,2.0,1.0,0.5,0.2,40.0,323,6013.080842102088,0,1,125,184,128
144483,3.0,5.0,2.0,7.0,2.0,1.0,0.5,0.2,40.0,324,5936.35105262761,0,1,126,180,129
144483,3.0,5.0,2.0,7.0,2.0,1.0,0.5,0.2,40.0,325,5890.438815784513,0,1,123,184,126
144483,3.0,5.0,2.0,7.0,2.0,1.0,0.5,0.2,40.0,326,5903.048519730642,0,1,125,183,127
144483,3.0,5.0,2.0,7.0,2.0,1.0,0.5,0.2,40.0,327,5828.810649663302,0,1,122,181,124
144483,3.0,5.0,2.0,7.0,2.0,1.0,0.5,0.2,40.0,328,5796.013312079127,0,1,126,179,127
144483,3.0,5.0,2.0,7.0,2.0,1.0,0.5,0.2,40.0,329,5895.016640098909,0,1,130,178,131
144483,3.0,5.0,2.0,7.0,2.0,1.0,0.5,0.2,40.0,330,6048.770800123637,0,1,134,177,135
144483,3.0,5.0,2.0,7.0,2.0,1.0,0.5,0.2,40.0,331,6180.963500154547,0,1,132,179,133
144483,3.0,5.0,2.0,7.0,2.0,1.0,0.5,0.2,40.0,332,6326.204375193183,0,1,129,179,130
144483,3.0,5.0,2.0,7.0,2.0,1.0,0.5,0.2,40.0,333,6387.75546899148,0,1,131,176,132
144483,3.0,5.0,2.0,7.0,2.0,1.0,0.5,0.2,40.0,334,6404.6943362393495,0,1,131,174,132
144483,3.0,5.0,2.0,7.0,2.0,1.0,0.5,0.2,40.0,335,6225.867920299187,0,1,130,172,131
144483,3.0,5.0,2.0,7.0,2.0,1.0,0.5,0.2,40.0,336,5892.334900373984,0,1,135,172,136
144483,3.0,5.0,2.0,7.0,2.0,1.0,0.5,0.2,40.0,337,5845.4186254674805,0,1,140,166,141
144483,3.0,5.0,2.0,7.0,2.0,1.0,0.5,0.2,40.0,338,5746.77328183435,0,0,142,162,142
144483,3.0,5.0,2.0,7.0,2.0,1.0,0.5,0.2,40.0,339,5693.466602292938,0,0,144,163,144
144483,3.0,5.0,2.0,7.0,2.0,1.0,0.5,0.2,40.0,340,5726.833252866172,0,0,143,158,143
144483,3.0,5.0,2.0,7.0,2.0,1.0,0.5,0.2,40.0,341,5898.541566082715,0,0,149,159,149
144483,3.0,5.0,2.0,7.0,2.0,1.0,0.5,0.2,40.0,342,6143.176957603393,0,0,152,155,152
144483,3.0,5.0,2.0,7.0,2.0,1.0,0.5,0.2,40.0,343,6198.971197004241,0,0,155,157,155
144483,3.0,5.0,2.0,7.0,2.0,1.0,0.5,0.2,40.0,344,6338.713996255301,0,0,162,153,162
144483,3.0,5.0,2.0,7.0,2.0,1.0,0.5,0.2,40.0,345,6353.392495319126,0,0,163,149,163
144483,3.0,5.0,2.0,7.0,2.0,1.0,0.5,0.2,40.0,346,6291.740619148908,0,0,163,151,163
144483,3.0,5.0,2.0,7.0,2.0,1.0,0.5,0.2,40.0,347,6064.675773936135,0,0,156,153,156
144483,3.0,5.0,2.0,7.0,2.0,1.0,0.5,0.2,40.0,348,5880.844717420168,0,0,159,153,159
144483,3.0,5.0,2.0,7.0,2.0,1.0,0.5,0.2,40.0,349,5731.05589677521,0,0,158,150,158
144483,3.0,5.0,2.0,7.0,2.0,1.0,0.5,0.2,40.0,350,5833.819870969013,0,0,163,150,163
144483,3.0,5.0,2.0,7.0,2.0,1.0,0.5,0.2,40.0,351,5932.274838711266,0,0,167,141,167
144483,3.0,5.0,2.0,7.0,2.0,1.0,0.5,0.2,40.0,352,6045.343548389083,0,0,169,141,169
144483,3.0,5.0,2.0,7.0,2.0,1.0,0.5,0.2,40.0,353,6176.679435486353,0,0,175,134,175
144483,3.0,5.0,2.0,7.0,2.0,1.0,0.5,0.2,40.0,354,6290.849294357941,0,0,180,130,180
144483,3.0,5.0,2.0,7.0,2.0,1.0,0.5,0.2,40.0,355,6323.561617947426,0,0,180,134,180
144483,3.0,5.0,2.0,7.0,2.0,1.0,0.5,0.2,40.0,356,6284.452022434283,0,0,181,129,181
144483,3.0,5.0,2.0,7.0,2.0,1.0,0.5,0.2,40.0,357,6135.5650280428545,0,0,179,127,179
144483,3.0,5.0,2.0,7.0,2.0,1.0,0.5,0.2,40.0,358,5769.456285053568,0,0,177,127,177
144483,3.0,5.0,2.0,7.0,2.0,1.0,0.5,0.2,40.0,359,5651.820356316959,0,0,178,124,178
144483,3.0,5.0,2.0,7.0,2.0,1.0,0.5,0.2,40.0,360,5674.775445396199,0,0,179,124,179
144483,3.0,5.0,2.0,7.0,2.0,1.0,0.5,0.2,40.0,361,5813.469306745248,0,0,184,123,184
144483,3.0,5.0,2.0,7.0,2.0,1.0,0.5,0.2,40.0,362,6076.83663343156,0,0,182,121,182
144483,3.0,5.0,2.0,7.0,2.0,1.0,0.5,0.2,40.0,363,6276.045791789449,0,0,184,123,184
144483,3.0,5.0,2.0,7.0,2.0,1.0,0.5,0.2,40.0,364,6415.057239736811,0,0,189,122,189
144483,3.0,5.0,2.0,7.0,2.0,1.0,0.5,0.2,40.0,365,6538.8215496710145,0,0,196,121,196
144483,3.0,5.0,2.0,7.0,2.0,1.0,0.5,0.2,40.0,366,6643.526937088768,0,0,193,121,193
144483,3.0,5.0,2.0,7.0,2.0,1.0,0.5,0.2,40.0,367,6764.4086713609595,0,0,191,115,191
144483,3.0,5.0,2.0,7.0,2.0,1.0,0.5,0.2,40.0,368,6775.510839201199,0,0,193,113,193
144483,3.0,5.0,2.0,7.0,2.0,1.0,0.5,0.2,40.0,369,6539.388549001498,0,0,195,111,195
144483,3.0,5.0,2.0,7.0,2.0,1.0,0.5,0.2,40.0,370,6134.235686251873,0,0,195,108,195
144483,3.0,5.0,2.0,7.0,2.0,1.0,0.5,0.2,40.0,371,5747.794607814841,0,0,202,113,202
144483,3.0,5.0,2.0,7.0,2.0,1.0,0.5,0.2,40.0,372,5864.743259768551,0,0,199,117,199
144483,3.0,5.0,2.0,7.0,2.0,1.0,0.5,0.2,40.0,373,6060.929074710689,0,0,197,121,197
144483,3.0,5.0,2.0,7.0,2.0,1.0,0.5,0.2,40.0,374,6246.161343388361,0,0,198,118,198
144483,3.0,5.0,2.0,7.0,2.0,1.0,0.5,0.2,40.0,375,6367.701679235452,0,0,206,118,206
144483,3.0,5.0,2.0,7.0,2.0,1.0,0.5,0.2,40.0,376,6479.6270990443145,0,0,210,120,210
144483,3.0,5.0,2.0,7.0,2.0,1.0,0.5,0.2,40.0,377,6599.533873805393,0,0,206,119,206
144483,3.0,5.0,2.0,7.0,2.0,1.0,0.5,0.2,40.0,378,6709.417342256742,0,0,204,118,204
144483,3.0,5.0,2.0,7.0,2.0,1.0,0.5,0.2,40.0,379,6716.771677820927,0,0,202,119,202
144483,3.0,5.0,2.0,7.0,2.0,1.0,0.5,0.2,40.0,380,6675.964597276159,0,0,193,123,193
144483,3.0,5.0,2.0,7.0,2.0,1.0,0.5,0.2,40.0,381,6394.955746595198,0,0,189,126,189
144483,3.0,5.0,2.0,7.0,2.0,1.0,0.5,0.2,40.0,382,6053.694683243998,0,0,197,130,197
144483,3.0,5.0,2.0,7.0,2.0,1.0,0.5,0.2,40.0,383,6147.118354054997,0,0,196,128,196
144483,3.0,5.0,2.0,7.0,2.0,1.0,0.5,0.2,40.0,384,6243.897942568747,0,0,191,122,191
144483,3.0,5.0,2.0,7.0,2.0,1.0,0.5,0.2,40.0,385,6234.872428210933,0,0,187,124,187
144483,3.0,5.0,2.0,7.0,2.0,1.0,0.5,0.2,40.0,386,6143.590535263666,0,0,186,126,186
144483,3.0,5.0,2.0,7.0,2.0,1.0,0.5,0.2,40.0,387,6079.488169079583,0,0,191,127,191
144483,3.0,5.0,2.0,7.0,2.0,1.0,0.5,0.2,40.0,388,6119.360211349478,0,0,197,129,197
144483,3.0,5.0,2.0,7.0,2.0,1.0,0.5,0.2,40.0,389,6259.200264186848,0,0,199,131,199
144483,3.0,5.0,2.0,7.0,2.0,1.0,0.5,0.2,40.0,390,6354.000330233559,0,0,198,131,198
144483,3.0,5.0,2.0,7.0,2.0,1.0,0.5,0.2,40.0,391,6412.500412791949,0,0,194,130,194
144483,3.0,5.0,2.0,7.0,2.0,1.0,0.5,0.2,40.0,392,6305.6255159899365,0,0,198,128,198
144483,3.0,5.0,2.0,7.0,2.0,1.0,0.5,0.2,40.0,393,6182.031894987421,0,0,195,126,195
144483,3.0,5.0,2.0,7.0,2.0,1.0,0.5,0.2,40.0,394,6137.539868734276,0,0,196,128,196
144483,3.0,5.0,2.0,7.0,2.0,1.0,0.5,0.2,40.0,395,6081.924835917845,0,0,193,125,193
144483,3.0,5.0,2.0,7.0,2.0,1.0,0.5,0.2,40.0,396,6072.406044897306,0,0,193,127,193
144483,3.0,5.0,2.0,7.0,2.0,1.0,0.5,0.2,40.0,397,6130.507556121633,0,0,193,131,193
144483,3.0,5.0,2.0,7.0,2.0,1.0,0.5,0.2,40.0,398,6163.134445152041,0,0,197,127,197
144483,3.0,5.0,2.0,7.0,2.0,1.0,0.5,0.2,40.0,399,6193.918056440051,0,0,197,127,197
144483,3.0,5.0,2.0,7.0,2.0,1.0,0.5,0.2,40.0,400,6172.397570550064,0,0,196,125,196
144483,3.0,5.0,2.0,7.0,2.0,1.0,0.5,0.2,40.0,401,6155.49696318758,0,0,196,123,196
144483,3.0,5.0,2.0,7.0,2.0,1.0,0.5,0.2,40.0,402,6094.371203984475,0,0,194,125,194
144483,3.0,5.0,2.0,7.0,2.0,1.0,0.5,0.2,40.0,403,5977.964004980594,0,0,187,125,187
144483,3.0,5.0,2.0,7.0,2.0,1.0,0.5,0.2,40.0,404,5912.455006225742,0,0,192,121,192
144483,3.0,5.0,2.0,7.0,2.0,1.0,0.5,0.2,40.0,405,5840.568757782177,0,0,194,117,194
144483,3.0,5.0,2.0,7.0,2.0,1.0,0.5,0.2,40.0,406,5970.710947227722,0,0,198,114,198
144483,3.0,5.0,2.0,7.0,2.0,1.0,0.5,0.2,40.0,407,6003.388684034652,0,0,199,112,199
144483,3.0,5.0,2.0,7.0,2.0,1.0,0.5,0.2,40.0,408,5964.2358550433155,0,0,200,112,200
144483,3.0,5.0,2.0,7.0,2.0,1.0,0.5,0.2,40.0,409,5935.294818804145,0,0,195,113,195
144483,3.0,5.0,2.0,7.0,2.0,1.0,0.5,0.2,40.0,410,5939.118523505181,0,0,191,119,191
144483,3.0,5.0,2.0,7.0,2.0,1.0,0.5,0.2,40.0,411,5913.898154381476,0,0,186,123,186
144483,3.0,5.0,2.0,7.0,2.0,1.0,0.5,0.2,40.0,412,5892.372692976845,0,0,186,125,186
144483,3.0,5.0,2.0,7.0,2.0,1.0,0.5,0.2,40.0,413,5845.465866221057,0,0,182,126,182
144483,3.0,5.0,2.0,7.0,2.0,1.0,0.5,0.2,40.0,414,5856.832332776321,0,0,183,129,183
144483,3.0,5.0,2.0,7.0,2.0,1.0,0.5,0.2,40.0,415,5861.040415970401,0,0,181,129,181
144483,3.0,5.0,2.0,7.0,2.0,1.0,0.5,0.2,40.0,416,5986.3005199630015,0,0,182,127,182
144483,3.0,5.0,2.0,7.0,2.0,1.0,0.5,0.2,40.0,417,6042.875649953752,0,0,178,128,178
144483,3.0,5.0,2.0,7.0,2.0,1.0,0.5,0.2,40.0,418,5973.59456244219,0,0,181,129,181
144483,3.0,5.0,2.0,7.0,2.0,1.0,0.5,0.2,40.0,419,5916.993203052738,0,0,183,129,183
144483,3.0,5.0,2.0,7.0,2.0,1.0,0.5,0.2,40.0,420,5906.241503815922,0,0,185,126,185
144483,3.0,5.0,2.0,7.0,2.0,1.0,0.5,0.2,40.0,421,5852.801879769903,0,0,185,125,185
144483,3.0,5.0,2.0,7.0,2.0,1.0,0.5,0.2,40.0,422,5896.002349712379,0,0,183,125,183
144483,3.0,5.0,2.0,7.0,2.0,1.0,0.5,0.2,40.0,423,5890.002937140474,0,0,185,122,185
144483,3.0,5.0,2.0,7.0,2.0,1.0,0.5,0.2,40.0,424,5942.503671425593,0,0,187,122,187
144483,3.0,5.0,2.0,7.0,2.0,1.0,0.5,0.2,40.0,425,5898.129589281991,0,0,182,124,182
144483,3.0,5.0,2.0,7.0,2.0,1.0,0.5,0.2,40.0,426,5802.6619866024885,0,0,180,125,180
144483,3.0,5.0,2.0,7.0,2.0,1.0,0.5,0.2,40.0,427,5833.327483253111,0,0,178,128,178
144483,3.0,5.0,2.0,7.0,2.0,1.0,0.5,0.2,40.0,428,5901.659354066388,0,0,177,130,177
144483,3.0,5.0,2.0,7.0,2.0,1.0,0.5,0.2,40.0,429,5867.074192582985,0,0,166,133,166
144483,3.0,5.0,2.0,7.0,2.0,1.0,0.5,0.2,40.0,430,5763.842740728732,0,0,165,136,165
144483,3.0,5.0,2.0,7.0,2.0,1.0,0.5,0.2,40.0,431,5764.8034259109145,0,0,167,137,167
144483,3.0,5.0,2.0,7.0,2.0,1.0,0.5,0.2,40.0,432,5866.004282388643,0,0,171,137,171
144483,3.0,5.0,2.0,7.0,2.0,1.0,0.5,0.2,40.0,433,5872.505352985804,0,0,174,136,174
144483,3.0,5.0,2.0,7.0,2.0,1.0,0.5,0.2,40.0,434,5870.631691232255,0,0,174,134,174
144483,3.0,5.0,2.0,7.0,2.0,1.0,0.5,0.2,40.0,435,5858.289614040319,0,0,175,131,175
144483,3.0,5.0,2.0,7.0,2.0,1.0,0.5,0.2,40.0,436,5792.862017550398,0,0,173,127,173
144483,3.0,5.0,2.0,7.0,2.0,1.0,0.5,0.2,40.0,437,5731.0775219379975,0,0,172,126,172
144483,3.0,5.0,2.0,7.0,2.0,1.0,0.5,0.2,40.0,438,5733.846902422497,0,0,172,126,172
144483,3.0,5.0,2.0,7.0,2.0,1.0,0.5,0.2,40.0,439,5707.308628028121,0,0,172,124,172
144483,3.0,5.0,2.0,7.0,2.0,1.0,0.5,0.2,40.0,440,5584.1357850351515,0,0,175,125,175
144483,3.0,5.0,2.0,7.0,2.0,1.0,0.5,0.2,40.0,441,5570.16973129394,0,0,171,125,171
144483,3.0,5.0,2.0,7.0,2.0,1.0,0.5,0.2,40.0,442,5592.712164117424,0,0,165,130,165
144483,3.0,5.0,2.0,7.0,2.0,1.0,0.5,0.2,40.0,443,5650.89020514678,0,0,166,130,166
144483,3.0,5.0,2.0,7.0,2.0,1.0,0.5,0.2,40.0,444,5723.612756433476,0,0,161,129,161
144483,3.0,5.0,2.0,7.0,2.0,1.0,0.5,0.2,40.0,445,5724.515945541844,0,0,163,125,163
144483,3.0,5.0,2.0,7.0,2.0,1.0,0.5,0.2,40.0,446,5705.644931927305,0,0,161,124,161
144483,3.0,5.0,2.0,7.0,2.0,1.0,0.5,0.2,40.0,447,5602.056164909131,0,0,160,126,160
144483,3.0,5.0,2.0,7.0,2.0,1.0,0.5,0.2,40.0,448,5492.5702061364145,0,0,161,134,161
144483,3.0,5.0,2.0,7.0,2.0,1.0,0.5,0.2,40.0,449,5575.712757670518,0,0,161,137,161
144483,3.0,5.0,2.0,7.0,2.0,1.0,0.5,0.2,40.0,450,5659.640947088147,0,0,157,137,157
144483,3.0,5.0,2.0,7.0,2.0,1.0,0.5,0.2,40.0,451,5644.551183860184,0,0,151,137,151
144483,3.0,5.0,2.0,7.0,2.0,1.0,0.5,0.2,40.0,452,5515.6889798252305,0,0,149,135,149
144483,3.0,5.0,2.0,7.0,2.0,1.0,0.5,0.2,40.0,453,5434.611224781538,0,0,149,138,149
144483,3.0,5.0,2.0,7.0,2.0,1.0,0.5,0.2,40.0,454,5513.264030976923,0,0,147,146,147
144483,3.0,5.0,2.0,7.0,2.0,1.0,0.5,0.2,40.0,455,5591.580038721154,0,0,148,146,148
144483,3.0,5.0,2.0,7.0,2.0,1.0,0.5,0.2,40.0,456,5599.475048401442,0,0,145,147,145
144483,3.0,5.0,2.0,7.0,2.0,1.0,0.5,0.2,40.0,457,5579.343810501803,0,0,145,150,145
144483,3.0,5.0,2.0,7.0,2.0,1.0,0.5,0.2,40.0,458,5544.179763127254,0,0,143,151,143
144483,3.0,5.0,2.0,7.0,2.0,1.0,0.5,0.2,40.0,459,5630.224703909067,0,0,141,151,141
144483,3.0,5.0,2.0,7.0,2.0,1.0,0.5,0.2,40.0,460,5637.780879886333,0,0,140,150,140
144483,3.0,5.0,2.0,7.0,2.0,1.0,0.5,0.2,40.0,461,5637.226099857917,0,0,140,145,140
144483,3.0,5.0,2.0,7.0,2.0,1.0,0.5,0.2,40.0,462,5516.5326248223955,0,0,137,148,137
144483,3.0,5.0,2.0,7.0,2.0,1.0,0.5,0.2,40.0,463,5485.665781027994,0,0,134,153,134
144483,3.0,5.0,2.0,7.0,2.0,1.0,0.5,0.2,40.0,464,5447.082226284992,0,0,127,155,127
144483,3.0,5.0,2.0,7.0,2.0,1.0,0.5,0.2,40.0,465,5328.85278285624,0,0,132,152,132
144483,3.0,5.0,2.0,7.0,2.0,1.0,0.5,0.2,40.0,466,5351.0659785703,0,0,127,151,127
144483,3.0,5.0,2.0,7.0,2.0,1.0,0.5,0.2,40.0,467,5368.832473212875,0,0,122,154,122
144483,3.0,5.0,2.0,7.0,2.0,1.0,0.5,0.2,40.0,468,5271.040591516094,0,0,123,153,123
144483,3.0,5.0,2.0,7.0,2.0,1.0,0.5,0.2,40.0,469,5238.8007393951175,0,0,124,148,124
144483,3.0,5.0,2.0,7.0,2.0,1.0,0.5,0.2,40.0,470,5228.500924243897,0,0,121,154,121
144483,3.0,5.0,2.0,7.0,2.0,1.0,0.5,0.2,40.0,471,5305.626155304872,0,0,121,161,121
144483,3.0,5.0,2.0,7.0,2.0,1.0,0.5,0.2,40.0,472,5432.03269413109,0,0,120,164,120
144483,3.0,5.0,2.0,7.0,2.0,1.0,0.5,0.2,40.0,473,5500.040867663862,0,0,115,166,115
144483,3.0,5.0,2.0,7.0,2.0,1.0,0.5,0.2,40.0,474,5455.051084579827,0,0,117,167,117
144483,3.0,5.0,2.0,7.0,2.0,1.0,0.5,0.2,40.0,475,5408.813855724784,0,0,115,168,115
144483,3.0,5.0,2.0,7.0,2.0,1.0,0.5,0.2,40.0,476,5391.01731965598,0,0,112,170,112
144483,3.0,5.0,2.0,7.0,2.0,1.0,0.5,0.2,40.0,477,5298.771649569975,0,0,102,173,102
144483,3.0,5.0,2.0,7.0,2.0,1.0,0.5,0.2,40.0,478,5323.464561962469,0,0,104,178,104
144483,3.0,5.0,2.0,7.0,2.0,1.0,0.5,0.2,40.0,479,5374.330702453086,0,0,102,178,102
144483,3.0,5.0,2.0,7.0,2.0,1.0,0.5,0.2,40.0,480,5467.913378066358,0,0,97,176,97
144483,3.0,5.0,2.0,7.0,2.0,1.0,0.5,0.2,40.0,481,5504.891722582947,0,0,95,171,95
144483,3.0,5.0,2.0,7.0,2.0,1.0,0.5,0.2,40.0,482,5411.114653228684,0,0,99,171,99
144483,3.0,5.0,2.0,7.0,2.0,1.0,0.5,0.2,40.0,483,5243.893316535855,0,0,103,173,103
144483,3.0,5.0,2.0,7.0,2.0,1.0,0.5,0.2,40.0,484,5304.866645669818,0,0,104,177,104
144483,3.0,5.0,2.0,7.0,2.0,1.0,0.5,0.2,40.0,485,5371.083307087273,0,0,101,180,101
144483,3.0,5.0,2.0,7.0,2.0,1.0,0.5,0.2,40.0,486,5373.854133859091,0,0,99,181,99
144483,3.0,5.0,2.0,7.0,2.0,1.0,0.5,0.2,40.0,487,5357.317667323864,0,0,101,179,101
144483,3.0,5.0,2.0,7.0,2.0,1.0,0.5,0.2,40.0,488,5276.64708415483,0,0,96,180,96
144483,3.0,5.0,2.0,7.0,2.0,1.0,0.5,0.2,40.0,489,5355.808855193537,0,0,98,181,98
144483,3.0,5.0,2.0,7.0,2.0,1.0,0.5,0.2,40.0,490,5284.761068991921,0,0,93,185,93
144483,3.0,5.0,2.0,7.0,2.0,1.0,0.5,0.2,40.0,491,5275.951336239901,0,0,93,183,93
144483,3.0,5.0,2.0,7.0,2.0,1.0,0.5,0.2,40.0,492,5244.939170299876,0,0,87,184,87
144483,3.0,5.0,2.0,7.0,2.0,1.0,0.5,0.2,40.0,493,5156.1739628748455,0,0,83,190,83
144483,3.0,5.0,2.0,7.0,2.0,1.0,0.5,0.2,40.0,494,5215.217453593557,0,0,77,193,77
144483,3.0,5.0,2.0,7.0,2.0,1.0,0.5,0.2,40.0,495,5229.021816991946,0,0,77,190,77
144483,3.0,5.0,2.0,7.0,2.0,1.0,0.5,0.2,40.0,496,5186.277271239933,0,0,78,188,78
144483,3.0,5.0,2.0,7.0,2.0,1.0,0.5,0.2,40.0,497,5082.846589049916,0,0,81,190,81
144483,3.0,5.0,2.0,7.0,2.0,1.0,0.5,0.2,40.0,498,5153.558236312394,0,0,80,192,80
144483,3.0,5.0,2.0,7.0,2.0,1.0,0.5,0.2,40.0,499,5191.9477953904925,0,0,80,194,80