Exp Num,agent:svo_convergence_factor,agent:params:metabolism,agent:params:consumption_factor,agent:params:procreate_cost_factor,agent:params:procreate_req_factor,agent:params:start_energy_factor,agent:params:caught_chance,agent:params:caught_cooldown_factor,agent:params:maximum_age,Epoch,Resource,A,B,C,D,E
158877,3.0,10.0,1.0,3.0,1.0,3.0,0.1,0.1,30.0,0,4000.0,27,46,26,38,112
158877,3.0,10.0,1.0,3.0,1.0,3.0,0.1,0.1,30.0,1,4120.0,19,29,21,22,77
158877,3.0,10.0,1.0,3.0,1.0,3.0,0.1,0.1,30.0,2,4420.0,16,26,28,20,76
158877,3.0,10.0,1.0,3.0,1.0,3.0,0.1,0.1,30.0,3,4775.0,16,29,35,18,84
158877,3.0,10.0,1.0,3.0,1.0,3.0,0.1,0.1,30.0,4,5208.75,13,31,44,11,90
158877,3.0,10.0,1.0,3.0,1.0,3.0,0.1,0.1,30.0,5,5750.9375,15,26,51,7,94
158877,3.0,10.0,1.0,3.0,1.0,3.0,0.1,0.1,30.0,6,6438.671875,17,28,45,6,93
158877,3.0,10.0,1.0,3.0,1.0,3.0,0.1,0.1,30.0,7,7288.33984375,17,26,49,6,96
158877,3.0,10.0,1.0,3.0,1.0,3.0,0.1,0.1,30.0,8,8350.4248046875,16,30,44,6,93
158877,3.0,10.0,1.0,3.0,1.0,3.0,0.1,0.1,30.0,9,9280.0,14,31,43,4,90
158877,3.0,10.0,1.0,3.0,1.0,3.0,0.1,0.1,30.0,10,9270.0,12,39,43,5,94
158877,3.0,10.0,1.0,3.0,1.0,3.0,0.1,0.1,30.0,11,9270.0,11,39,42,4,92
158877,3.0,10.0,1.0,3.0,1.0,3.0,0.1,0.1,30.0,12,9260.0,9,41,47,3,97
158877,3.0,10.0,1.0,3.0,1.0,3.0,0.1,0.1,30.0,13,9230.0,7,42,50,4,100
158877,3.0,10.0,1.0,3.0,1.0,3.0,0.1,0.1,30.0,14,9220.0,8,46,45,4,100
158877,3.0,10.0,1.0,3.0,1.0,3.0,0.1,0.1,30.0,15,9240.0,4,45,44,6,94
158877,3.0,10.0,1.0,3.0,1.0,3.0,0.1,0.1,30.0,16,9230.0,3,48,44,8,96
158877,3.0,10.0,1.0,3.0,1.0,3.0,0.1,0.1,30.0,17,9250.0,4,46,39,8,90
158877,3.0,10.0,1.0,3.0,1.0,3.0,0.1,0.1,30.0,18,9270.0,4,42,45,6,91
158877,3.0,10.0,1.0,3.0,1.0,3.0,0.1,0.1,30.0,19,9260.0,6,42,47,3,95
158877,3.0,10.0,1.0,3.0,1.0,3.0,0.1,0.1,30.0,20,9290.0,4,38,49,2,91
158877,3.0,10.0,1.0,3.0,1.0,3.0,0.1,0.1,30.0,21,9290.0,5,36,53,1,94
158877,3.0,10.0,1.0,3.0,1.0,3.0,0.1,0.1,30.0,22,9270.0,3,38,56,1,97
158877,3.0,10.0,1.0,3.0,1.0,3.0,0.1,0.1,30.0,23,9250.0,5,40,55,1,100
158877,3.0,10.0,1.0,3.0,1.0,3.0,0.1,0.1,30.0,24,9240.0,6,38,56,0,100
158877,3.0,10.0,1.0,3.0,1.0,3.0,0.1,0.1,30.0,25,9230.0,5,42,55,0,102
158877,3.0,10.0,1.0,3.0,1.0,3.0,0.1,0.1,30.0,26,9250.0,1,44,54,0,99
158877,3.0,10.0,1.0,3.0,1.0,3.0,0.1,0.1,30.0,27,9260.0,1,46,51,0,98
158877,3.0,10.0,1.0,3.0,1.0,3.0,0.1,0.1,30.0,28,9260.0,0,45,54,0,99
158877,3.0,10.0,1.0,3.0,1.0,3.0,0.1,0.1,30.0,29,9250.0,0,50,50,0,100
158877,3.0,10.0,1.0,3.0,1.0,3.0,0.1,0.1,30.0,30,9260.0,0,45,53,0,98
158877,3.0,10.0,1.0,3.0,1.0,3.0,0.1,0.1,30.0,31,9250.0,0,48,53,0,101
158877,3.0,10.0,1.0,3.0,1.0,3.0,0.1,0.1,30.0,32,9220.0,0,49,55,1,104
158877,3.0,10.0,1.0,3.0,1.0,3.0,0.1,0.1,30.0,33,9230.0,0,47,52,1,99
158877,3.0,10.0,1.0,3.0,1.0,3.0,0.1,0.1,30.0,34,9270.0,0,36,57,1,93
158877,3.0,10.0,1.0,3.0,1.0,3.0,0.1,0.1,30.0,35,9250.0,1,41,61,0,103
158877,3.0,10.0,1.0,3.0,1.0,3.0,0.1,0.1,30.0,36,9260.0,1,38,56,0,95
158877,3.0,10.0,1.0,3.0,1.0,3.0,0.1,0.1,30.0,37,9260.0,2,41,57,0,100
158877,3.0,10.0,1.0,3.0,1.0,3.0,0.1,0.1,30.0,38,9260.0,2,39,57,0,98
158877,3.0,10.0,1.0,3.0,1.0,3.0,0.1,0.1,30.0,39,9240.0,3,45,55,0,103
158877,3.0,10.0,1.0,3.0,1.0,3.0,0.1,0.1,30.0,40,9240.0,2,44,54,0,100
158877,3.0,10.0,1.0,3.0,1.0,3.0,0.1,0.1,30.0,41,9240.0,3,42,57,0,102
158877,3.0,10.0,1.0,3.0,1.0,3.0,0.1,0.1,30.0,42,9230.0,2,43,56,0,101
158877,3.0,10.0,1.0,3.0,1.0,3.0,0.1,0.1,30.0,43,9270.0,3,38,54,0,95
158877,3.0,10.0,1.0,3.0,1.0,3.0,0.1,0.1,30.0,44,9280.0,1,39,55,0,95
158877,3.0,10.0,1.0,3.0,1.0,3.0,0.1,0.1,30.0,45,9280.0,1,38,57,0,96
158877,3.0,10.0,1.0,3.0,1.0,3.0,0.1,0.1,30.0,46,9260.0,1,39,60,0,100
158877,3.0,10.0,1.0,3.0,1.0,3.0,0.1,0.1,30.0,47,9260.0,1,40,57,0,98
158877,3.0,10.0,1.0,3.0,1.0,3.0,0.1,0.1,30.0,48,9260.0,1,40,57,1,98
158877,3.0,10.0,1.0,3.0,1.0,3.0,0.1,0.1,30.0,49,9240.0,1,41,59,1,101
158877,3.0,10.0,1.0,3.0,1.0,3.0,0.1,0.1,30.0,50,9260.0,0,42,54,1,96
158877,3.0,10.0,1.0,3.0,1.0,3.0,0.1,0.1,30.0,51,9250.0,0,40,60,1,100
158877,3.0,10.0,1.0,3.0,1.0,3.0,0.1,0.1,30.0,52,9220.0,0,39,65,1,104
158877,3.0,10.0,1.0,3.0,1.0,3.0,0.1,0.1,30.0,53,9200.0,0,41,65,0,106
158877,3.0,10.0,1.0,3.0,1.0,3.0,0.1,0.1,30.0,54,9210.0,0,39,66,0,105
158877,3.0,10.0,1.0,3.0,1.0,3.0,0.1,0.1,30.0,55,9240.0,0,31,68,0,99
158877,3.0,10.0,1.0,3.0,1.0,3.0,0.1,0.1,30.0,56,9250.0,0,27,73,0,100
158877,3.0,10.0,1.0,3.0,1.0,3.0,0.1,0.1,30.0,57,9250.0,0,27,71,0,98
158877,3.0,10.0,1.0,3.0,1.0,3.0,0.1,0.1,30.0,58,9230.0,0,27,78,0,105
158877,3.0,10.0,1.0,3.0,1.0,3.0,0.1,0.1,30.0,59,9230.0,0,20,80,0,100
158877,3.0,10.0,1.0,3.0,1.0,3.0,0.1,0.1,30.0,60,9220.0,0,21,85,0,106
158877,3.0,10.0,1.0,3.0,1.0,3.0,0.1,0.1,30.0,61,9240.0,0,17,82,0,99
158877,3.0,10.0,1.0,3.0,1.0,3.0,0.1,0.1,30.0,62,9230.0,0,19,85,0,104
158877,3.0,10.0,1.0,3.0,1.0,3.0,0.1,0.1,30.0,63,9220.0,0,18,84,0,102
158877,3.0,10.0,1.0,3.0,1.0,3.0,0.1,0.1,30.0,64,9250.0,0,19,80,0,99
158877,3.0,10.0,1.0,3.0,1.0,3.0,0.1,0.1,30.0,65,9260.0,0,21,77,0,98
158877,3.0,10.0,1.0,3.0,1.0,3.0,0.1,0.1,30.0,66,9250.0,0,19,82,0,101
158877,3.0,10.0,1.0,3.0,1.0,3.0,0.1,0.1,30.0,67,9230.0,0,17,86,0,103
158877,3.0,10.0,1.0,3.0,1.0,3.0,0.1,0.1,30.0,68,9200.0,0,19,88,0,107
158877,3.0,10.0,1.0,3.0,1.0,3.0,0.1,0.1,30.0,69,9230.0,0,18,82,0,100
158877,3.0,10.0,1.0,3.0,1.0,3.0,0.1,0.1,30.0,70,9250.0,0,11,87,0,98
158877,3.0,10.0,1.0,3.0,1.0,3.0,0.1,0.1,30.0,71,9250.0,0,9,92,0,101
158877,3.0,10.0,1.0,3.0,1.0,3.0,0.1,0.1,30.0,72,9240.0,0,5,95,0,100
158877,3.0,10.0,1.0,3.0,1.0,3.0,0.1,0.1,30.0,73,9250.0,0,3,97,0,100
158877,3.0,10.0,1.0,3.0,1.0,3.0,0.1,0.1,30.0,74,9250.0,0,3,97,0,100
158877,3.0,10.0,1.0,3.0,1.0,3.0,0.1,0.1,30.0,75,9250.0,0,3,97,0,100
158877,3.0,10.0,1.0,3.0,1.0,3.0,0.1,0.1,30.0,76,9220.0,0,5,101,0,106
158877,3.0,10.0,1.0,3.0,1.0,3.0,0.1,0.1,30.0,77,9200.0,0,5,100,0,105
158877,3.0,10.0,1.0,3.0,1.0,3.0,0.1,0.1,30.0,78,9220.0,0,4,99,0,103
158877,3.0,10.0,1.0,3.0,1.0,3.0,0.1,0.1,30.0,79,9230.0,0,2,100,0,102
158877,3.0,10.0,1.0,3.0,1.0,3.0,0.1,0.1,30.0,80,9260.0,0,2,95,0,97
158877,3.0,10.0,1.0,3.0,1.0,3.0,0.1,0.1,30.0,81,9270.0,0,5,92,0,97
158877,3.0,10.0,1.0,3.0,1.0,3.0,0.1,0.1,30.0,82,9270.0,0,9,87,0,96
158877,3.0,10.0,1.0,3.0,1.0,3.0,0.1,0.1,30.0,83,9250.0,0,14,88,0,102
158877,3.0,10.0,1.0,3.0,1.0,3.0,0.1,0.1,30.0,84,9240.0,0,12,89,0,101
158877,3.0,10.0,1.0,3.0,1.0,3.0,0.1,0.1,30.0,85,9240.0,0,11,89,0,100
158877,3.0,10.0,1.0,3.0,1.0,3.0,0.1,0.1,30.0,86,9240.0,0,8,94,0,102
158877,3.0,10.0,1.0,3.0,1.0,3.0,0.1,0.1,30.0,87,9220.0,0,6,97,0,103
158877,3.0,10.0,1.0,3.0,1.0,3.0,0.1,0.1,30.0,88,9230.0,0,3,99,0,102
158877,3.0,10.0,1.0,3.0,1.0,3.0,0.1,0.1,30.0,89,9240.0,0,3,96,0,99
158877,3.0,10.0,1.0,3.0,1.0,3.0,0.1,0.1,30.0,90,9220.0,0,3,102,0,105
158877,3.0,10.0,1.0,3.0,1.0,3.0,0.1,0.1,30.0,91,9230.0,0,3,98,0,101
158877,3.0,10.0,1.0,3.0,1.0,3.0,0.1,0.1,30.0,92,9240.0,0,2,98,0,100
158877,3.0,10.0,1.0,3.0,1.0,3.0,0.1,0.1,30.0,93,9240.0,0,3,99,0,102
158877,3.0,10.0,1.0,3.0,1.0,3.0,0.1,0.1,30.0,94,9260.0,0,2,95,0,97
158877,3.0,10.0,1.0,3.0,1.0,3.0,0.1,0.1,30.0,95,9260.0,0,3,96,0,99
158877,3.0,10.0,1.0,3.0,1.0,3.0,0.1,0.1,30.0,96,9260.0,0,4,93,0,97
158877,3.0,10.0,1.0,3.0,1.0,3.0,0.1,0.1,30.0,97,9250.0,0,3,98,0,101
158877,3.0,10.0,1.0,3.0,1.0,3.0,0.1,0.1,30.0,98,9230.0,0,3,100,0,103
158877,3.0,10.0,1.0,3.0,1.0,3.0,0.1,0.1,30.0,99,9250.0,0,4,94,0,98
158877,3.0,10.0,1.0,3.0,1.0,3.0,0.1,0.1,30.0,100,9250.0,0,3,98,0,101
158877,3.0,10.0,1.0,3.0,1.0,3.0,0.1,0.1,30.0,101,9250.0,0,2,97,0,99
158877,3.0,10.0,1.0,3.0,1.0,3.0,0.1,0.1,30.0,102,9240.0,0,3,99,0,102
158877,3.0,10.0,1.0,3.0,1.0,3.0,0.1,0.1,30.0,103,9240.0,0,2,99,0,101
158877,3.0,10.0,1.0,3.0,1.0,3.0,0.1,0.1,30.0,104,9260.0,0,2,94,0,96
158877,3.0,10.0,1.0,3.0,1.0,3.0,0.1,0.1,30.0,105,9290.0,0,0,94,0,94
158877,3.0,10.0,1.0,3.0,1.0,3.0,0.1,0.1,30.0,106,9280.0,0,0,97,0,97
158877,3.0,10.0,1.0,3.0,1.0,3.0,0.1,0.1,30.0,107,9260.0,0,1,98,0,99
158877,3.0,10.0,1.0,3.0,1.0,3.0,0.1,0.1,30.0,108,9220.0,0,1,105,0,106
158877,3.0,10.0,1.0,3.0,1.0,3.0,0.1,0.1,30.0,109,9240.0,0,1,98,0,99
158877,3.0,10.0,1.0,3.0,1.0,3.0,0.1,0.1,30.0,110,9260.0,0,0,97,0,97
158877,3.0,10.0,1.0,3.0,1.0,3.0,0.1,0.1,30.0,111,9250.0,0,0,101,0,101
158877,3.0,10.0,1.0,3.0,1.0,3.0,0.1,0.1,30.0,112,9240.0,0,0,100,0,100
158877,3.0,10.0,1.0,3.0,1.0,3.0,0.1,0.1,30.0,113,9260.0,0,0,96,0,96
158877,3.0,10.0,1.0,3.0,1.0,3.0,0.1,0.1,30.0,114,9230.0,0,0,104,0,104
158877,3.0,10.0,1.0,3.0,1.0,3.0,0.1,0.1,30.0,115,9240.0,0,0,98,0,98
158877,3.0,10.0,1.0,3.0,1.0,3.0,0.1,0.1,30.0,116,9250.0,0,0,99,0,99
158877,3.0,10.0,1.0,3.0,1.0,3.0,0.1,0.1,30.0,117,9220.0,0,0,105,0,105
158877,3.0,10.0,1.0,3.0,1.0,3.0,0.1,0.1,30.0,118,9220.0,0,0,103,0,103
158877,3.0,10.0,1.0,3.0,1.0,3.0,0.1,0.1,30.0,119,9250.0,0,0,97,0,97
158877,3.0,10.0,1.0,3.0,1.0,3.0,0.1,0.1,30.0,120,9280.0,0,0,95,0,95
158877,3.0,10.0,1.0,3.0,1.0,3.0,0.1,0.1,30.0,121,9280.0,0,0,96,0,96
158877,3.0,10.0,1.0,3.0,1.0,3.0,0.1,0.1,30.0,122,9280.0,0,0,96,0,96
158877,3.0,10.0,1.0,3.0,1.0,3.0,0.1,0.1,30.0,123,9220.0,0,0,108,0,108
158877,3.0,10.0,1.0,3.0,1.0,3.0,0.1,0.1,30.0,124,9230.0,0,0,98,0,98
158877,3.0,10.0,1.0,3.0,1.0,3.0,0.1,0.1,30.0,125,9240.0,0,0,103,0,103
158877,3.0,10.0,1.0,3.0,1.0,3.0,0.1,0.1,30.0,126,9210.0,0,0,105,0,105
158877,3.0,10.0,1.0,3.0,1.0,3.0,0.1,0.1,30.0,127,9230.0,0,0,100,0,100
158877,3.0,10.0,1.0,3.0,1.0,3.0,0.1,0.1,30.0,128,9260.0,0,0,96,0,96
158877,3.0,10.0,1.0,3.0,1.0,3.0,0.1,0.1,30.0,129,9250.0,0,0,102,0,102
158877,3.0,10.0,1.0,3.0,1.0,3.0,0.1,0.1,30.0,130,9270.0,0,0,95,0,95
158877,3.0,10.0,1.0,3.0,1.0,3.0,0.1,0.1,30.0,131,9280.0,0,0,95,0,95
158877,3.0,10.0,1.0,3.0,1.0,3.0,0.1,0.1,30.0,132,9300.0,0,0,92,0,92
158877,3.0,10.0,1.0,3.0,1.0,3.0,0.1,0.1,30.0,133,9290.0,0,0,96,0,96
158877,3.0,10.0,1.0,3.0,1.0,3.0,0.1,0.1,30.0,134,9260.0,0,0,100,0,100
158877,3.0,10.0,1.0,3.0,1.0,3.0,0.1,0.1,30.0,135,9250.0,0,0,98,0,98
158877,3.0,10.0,1.0,3.0,1.0,3.0,0.1,0.1,30.0,136,9220.0,0,0,107,0,107
158877,3.0,10.0,1.0,3.0,1.0,3.0,0.1,0.1,30.0,137,9250.0,0,0,96,0,96
158877,3.0,10.0,1.0,3.0,1.0,3.0,0.1,0.1,30.0,138,9250.0,0,0,102,0,102
158877,3.0,10.0,1.0,3.0,1.0,3.0,0.1,0.1,30.0,139,9230.0,0,0,101,0,101
158877,3.0,10.0,1.0,3.0,1.0,3.0,0.1,0.1,30.0,140,9220.0,0,0,105,0,105
158877,3.0,10.0,1.0,3.0,1.0,3.0,0.1,0.1,30.0,141,9190.0,0,0,108,0,108
158877,3.0,10.0,1.0,3.0,1.0,3.0,0.1,0.1,30.0,142,9230.0,0,0,100,0,100
158877,3.0,10.0,1.0,3.0,1.0,3.0,0.1,0.1,30.0,143,9230.0,0,0,102,0,102
158877,3.0,10.0,1.0,3.0,1.0,3.0,0.1,0.1,30.0,144,9230.0,0,0,103,0,103
158877,3.0,10.0,1.0,3.0,1.0,3.0,0.1,0.1,30.0,145,9260.0,0,0,96,0,96
158877,3.0,10.0,1.0,3.0,1.0,3.0,0.1,0.1,30.0,146,9260.0,0,0,98,0,98
158877,3.0,10.0,1.0,3.0,1.0,3.0,0.1,0.1,30.0,147,9220.0,0,0,105,0,105
158877,3.0,10.0,1.0,3.0,1.0,3.0,0.1,0.1,30.0,148,9260.0,0,0,94,0,94
158877,3.0,10.0,1.0,3.0,1.0,3.0,0.1,0.1,30.0,149,9280.0,0,0,97,0,97
158877,3.0,10.0,1.0,3.0,1.0,3.0,0.1,0.1,30.0,150,9270.0,0,0,97,0,97
158877,3.0,10.0,1.0,3.0,1.0,3.0,0.1,0.1,30.0,151,9240.0,0,0,102,0,102
158877,3.0,10.0,1.0,3.0,1.0,3.0,0.1,0.1,30.0,152,9210.0,0,0,107,0,107
158877,3.0,10.0,1.0,3.0,1.0,3.0,0.1,0.1,30.0,153,9210.0,0,0,104,0,104
158877,3.0,10.0,1.0,3.0,1.0,3.0,0.1,0.1,30.0,154,9210.0,0,0,106,0,106
158877,3.0,10.0,1.0,3.0,1.0,3.0,0.1,0.1,30.0,155,9220.0,0,0,103,0,103
158877,3.0,10.0,1.0,3.0,1.0,3.0,0.1,0.1,30.0,156,9250.0,0,0,98,0,98
158877,3.0,10.0,1.0,3.0,1.0,3.0,0.1,0.1,30.0,157,9260.0,0,0,99,0,99
158877,3.0,10.0,1.0,3.0,1.0,3.0,0.1,0.1,30.0,158,9240.0,0,0,102,0,102
158877,3.0,10.0,1.0,3.0,1.0,3.0,0.1,0.1,30.0,159,9240.0,0,0,99,0,99
158877,3.0,10.0,1.0,3.0,1.0,3.0,0.1,0.1,30.0,160,9250.0,0,0,100,0,100
158877,3.0,10.0,1.0,3.0,1.0,3.0,0.1,0.1,30.0,161,9270.0,0,0,96,0,96
158877,3.0,10.0,1.0,3.0,1.0,3.0,0.1,0.1,30.0,162,9280.0,0,0,96,0,96
158877,3.0,10.0,1.0,3.0,1.0,3.0,0.1,0.1,30.0,163,9250.0,0,0,102,0,102
158877,3.0,10.0,1.0,3.0,1.0,3.0,0.1,0.1,30.0,164,9270.0,0,0,95,0,95
158877,3.0,10.0,1.0,3.0,1.0,3.0,0.1,0.1,30.0,165,9270.0,0,0,97,0,97
158877,3.0,10.0,1.0,3.0,1.0,3.0,0.1,0.1,30.0,166,9240.0,0,0,103,0,103
158877,3.0,10.0,1.0,3.0,1.0,3.0,0.1,0.1,30.0,167,9240.0,0,0,99,0,99
158877,3.0,10.0,1.0,3.0,1.0,3.0,0.1,0.1,30.0,168,9260.0,0,0,98,0,98
158877,3.0,10.0,1.0,3.0,1.0,3.0,0.1,0.1,30.0,169,9260.0,0,0,97,0,97
158877,3.0,10.0,1.0,3.0,1.0,3.0,0.1,0.1,30.0,170,9260.0,0,0,99,0,99
158877,3.0,10.0,1.0,3.0,1.0,3.0,0.1,0.1,30.0,171,9240.0,0,0,102,0,102
158877,3.0,10.0,1.0,3.0,1.0,3.0,0.1,0.1,30.0,172,9250.0,0,0,99,0,99
158877,3.0,10.0,1.0,3.0,1.0,3.0,0.1,0.1,30.0,173,9240.0,0,0,102,0,102
158877,3.0,10.0,1.0,3.0,1.0,3.0,0.1,0.1,30.0,174,9270.0,0,0,95,0,95
158877,3.0,10.0,1.0,3.0,1.0,3.0,0.1,0.1,30.0,175,9260.0,0,0,100,0,100
158877,3.0,10.0,1.0,3.0,1.0,3.0,0.1,0.1,30.0,176,9250.0,0,0,98,0,98
158877,3.0,10.0,1.0,3.0,1.0,3.0,0.1,0.1,30.0,177,9230.0,0,0,105,0,105
158877,3.0,10.0,1.0,3.0,1.0,3.0,0.1,0.1,30.0,178,9240.0,0,0,98,0,98
158877,3.0,10.0,1.0,3.0,1.0,3.0,0.1,0.1,30.0,179,9270.0,0,0,97,0,97
158877,3.0,10.0,1.0,3.0,1.0,3.0,0.1,0.1,30.0,180,9240.0,0,0,102,0,102
158877,3.0,10.0,1.0,3.0,1.0,3.0,0.1,0.1,30.0,181,9230.0,0,0,103,0,103
158877,3.0,10.0,1.0,3.0,1.0,3.0,0.1,0.1,30.0,182,9210.0,0,0,106,0,106
158877,3.0,10.0,1.0,3.0,1.0,3.0,0.1,0.1,30.0,183,9210.0,0,0,105,0,105
158877,3.0,10.0,1.0,3.0,1.0,3.0,0.1,0.1,30.0,184,9260.0,0,0,95,0,95
158877,3.0,10.0,1.0,3.0,1.0,3.0,0.1,0.1,30.0,185,9240.0,0,0,103,0,103
158877,3.0,10.0,1.0,3.0,1.0,3.0,0.1,0.1,30.0,186,9220.0,0,0,103,0,103
158877,3.0,10.0,1.0,3.0,1.0,3.0,0.1,0.1,30.0,187,9250.0,0,0,98,0,98
158877,3.0,10.0,1.0,3.0,1.0,3.0,0.1,0.1,30.0,188,9250.0,0,0,101,0,101
158877,3.0,10.0,1.0,3.0,1.0,3.0,0.1,0.1,30.0,189,9240.0,0,0,101,0,101
158877,3.0,10.0,1.0,3.0,1.0,3.0,0.1,0.1,30.0,190,9230.0,0,0,103,0,103
158877,3.0,10.0,1.0,3.0,1.0,3.0,0.1,0.1,30.0,191,9240.0,0,0,100,0,100
158877,3.0,10.0,1.0,3.0,1.0,3.0,0.1,0.1,30.0,192,9260.0,0,0,96,0,96
158877,3.0,10.0,1.0,3.0,1.0,3.0,0.1,0.1,30.0,193,9250.0,0,0,102,0,102
158877,3.0,10.0,1.0,3.0,1.0,3.0,0.1,0.1,30.0,194,9220.0,0,0,105,0,105
158877,3.0,10.0,1.0,3.0,1.0,3.0,0.1,0.1,30.0,195,9220.0,0,0,103,0,103
158877,3.0,10.0,1.0,3.0,1.0,3.0,0.1,0.1,30.0,196,9230.0,0,0,102,0,102
158877,3.0,10.0,1.0,3.0,1.0,3.0,0.1,0.1,30.0,197,9260.0,0,0,97,0,97
158877,3.0,10.0,1.0,3.0,1.0,3.0,0.1,0.1,30.0,198,9220.0,0,0,106,0,106
158877,3.0,10.0,1.0,3.0,1.0,3.0,0.1,0.1,30.0,199,9250.0,0,0,97,0,97
158877,3.0,10.0,1.0,3.0,1.0,3.0,0.1,0.1,30.0,200,9250.0,0,0,100,0,100
158877,3.0,10.0,1.0,3.0,1.0,3.0,0.1,0.1,30.0,201,9260.0,0,0,98,0,98
158877,3.0,10.0,1.0,3.0,1.0,3.0,0.1,0.1,30.0,202,9280.0,0,0,95,0,95
158877,3.0,10.0,1.0,3.0,1.0,3.0,0.1,0.1,30.0,203,9230.0,0,0,106,0,106
158877,3.0,10.0,1.0,3.0,1.0,3.0,0.1,0.1,30.0,204,9250.0,0,0,97,0,97
158877,3.0,10.0,1.0,3.0,1.0,3.0,0.1,0.1,30.0,205,9230.0,0,0,105,0,105
158877,3.0,10.0,1.0,3.0,1.0,3.0,0.1,0.1,30.0,206,9220.0,0,0,103,0,103
158877,3.0,10.0,1.0,3.0,1.0,3.0,0.1,0.1,30.0,207,9240.0,0,0,100,0,100
158877,3.0,10.0,1.0,3.0,1.0,3.0,0.1,0.1,30.0,208,9260.0,0,0,98,0,98
158877,3.0,10.0,1.0,3.0,1.0,3.0,0.1,0.1,30.0,209,9240.0,0,0,101,0,101
158877,3.0,10.0,1.0,3.0,1.0,3.0,0.1,0.1,30.0,210,9300.0,0,0,89,0,89
158877,3.0,10.0,1.0,3.0,1.0,3.0,0.1,0.1,30.0,211,9290.0,0,0,97,0,97
158877,3.0,10.0,1.0,3.0,1.0,3.0,0.1,0.1,30.0,212,9220.0,0,0,106,0,106
158877,3.0,10.0,1.0,3.0,1.0,3.0,0.1,0.1,30.0,213,9230.0,0,0,99,0,99
158877,3.0,10.0,1.0,3.0,1.0,3.0,0.1,0.1,30.0,214,9260.0,0,0,98,0,98
158877,3.0,10.0,1.0,3.0,1.0,3.0,0.1,0.1,30.0,215,9230.0,0,0,105,0,105
158877,3.0,10.0,1.0,3.0,1.0,3.0,0.1,0.1,30.0,216,9220.0,0,0,103,0,103
158877,3.0,10.0,1.0,3.0,1.0,3.0,0.1,0.1,30.0,217,9250.0,0,0,98,0,98
158877,3.0,10.0,1.0,3.0,1.0,3.0,0.1,0.1,30.0,218,9260.0,0,0,97,0,97
158877,3.0,10.0,1.0,3.0,1.0,3.0,0.1,0.1,30.0,219,9260.0,0,0,99,0,99
158877,3.0,10.0,1.0,3.0,1.0,3.0,0.1,0.1,30.0,220,9260.0,0,0,97,0,97
158877,3.0,10.0,1.0,3.0,1.0,3.0,0.1,0.1,30.0,221,9300.0,0,0,90,0,90
158877,3.0,10.0,1.0,3.0,1.0,3.0,0.1,0.1,30.0,222,9290.0,0,0,97,0,97
158877,3.0,10.0,1.0,3.0,1.0,3.0,0.1,0.1,30.0,223,9250.0,0,0,101,0,101
158877,3.0,10.0,1.0,3.0,1.0,3.0,0.1,0.1,30.0,224,9230.0,0,0,102,0,102
158877,3.0,10.0,1.0,3.0,1.0,3.0,0.1,0.1,30.0,225,9250.0,0,0,99,0,99
158877,3.0,10.0,1.0,3.0,1.0,3.0,0.1,0.1,30.0,226,9230.0,0,0,103,0,103
158877,3.0,10.0,1.0,3.0,1.0,3.0,0.1,0.1,30.0,227,9250.0,0,0,98,0,98
158877,3.0,10.0,1.0,3.0,1.0,3.0,0.1,0.1,30.0,228,9250.0,0,0,101,0,101
158877,3.0,10.0,1.0,3.0,1.0,3.0,0.1,0.1,30.0,229,9250.0,0,0,99,0,99
158877,3.0,10.0,1.0,3.0,1.0,3.0,0.1,0.1,30.0,230,9250.0,0,0,100,0,100
158877,3.0,10.0,1.0,3.0,1.0,3.0,0.1,0.1,30.0,231,9260.0,0,0,96,0,96
158877,3.0,10.0,1.0,3.0,1.0,3.0,0.1,0.1,30.0,232,9270.0,0,0,98,0,98
158877,3.0,10.0,1.0,3.0,1.0,3.0,0.1,0.1,30.0,233,9220.0,0,0,105,0,105
158877,3.0,10.0,1.0,3.0,1.0,3.0,0.1,0.1,30.0,234,9280.0,0,0,91,0,91
158877,3.0,10.0,1.0,3.0,1.0,3.0,0.1,0.1,30.0,235,9290.0,0,0,96,0,96
158877,3.0,10.0,1.0,3.0,1.0,3.0,0.1,0.1,30.0,236,9250.0,0,0,100,0,100
158877,3.0,10.0,1.0,3.0,1.0,3.0,0.1,0.1,30.0,237,9260.0,0,0,98,0,98
158877,3.0,10.0,1.0,3.0,1.0,3.0,0.1,0.1,30.0,238,9250.0,0,0,101,0,101
158877,3.0,10.0,1.0,3.0,1.0,3.0,0.1,0.1,30.0,239,9250.0,0,0,99,0,99
158877,3.0,10.0,1.0,3.0,1.0,3.0,0.1,0.1,30.0,240,9260.0,0,0,98,0,98
158877,3.0,10.0,1.0,3.0,1.0,3.0,0.1,0.1,30.0,241,9240.0,0,0,103,0,103
158877,3.0,10.0,1.0,3.0,1.0,3.0,0.1,0.1,30.0,242,9240.0,0,0,100,0,100
158877,3.0,10.0,1.0,3.0,1.0,3.0,0.1,0.1,30.0,243,9250.0,0,0,98,0,98
158877,3.0,10.0,1.0,3.0,1.0,3.0,0.1,0.1,30.0,244,9270.0,0,0,97,0,97
158877,3.0,10.0,1.0,3.0,1.0,3.0,0.1,0.1,30.0,245,9270.0,0,0,96,0,96
158877,3.0,10.0,1.0,3.0,1.0,3.0,0.1,0.1,30.0,246,9260.0,0,0,100,0,100
158877,3.0,10.0,1.0,3.0,1.0,3.0,0.1,0.1,30.0,247,9250.0,0,0,100,0,100
158877,3.0,10.0,1.0,3.0,1.0,3.0,0.1,0.1,30.0,248,9290.0,0,0,92,0,92
158877,3.0,10.0,1.0,3.0,1.0,3.0,0.1,0.1,30.0,249,9300.0,0,0,94,0,94
158877,3.0,10.0,1.0,3.0,1.0,3.0,0.1,0.1,30.0,250,9250.0,0,0,103,0,103
158877,3.0,10.0,1.0,3.0,1.0,3.0,0.1,0.1,30.0,251,9240.0,0,0,100,0,100
158877,3.0,10.0,1.0,3.0,1.0,3.0,0.1,0.1,30.0,252,9280.0,0,0,94,0,94
158877,3.0,10.0,1.0,3.0,1.0,3.0,0.1,0.1,30.0,253,9300.0,0,0,93,0,93
158877,3.0,10.0,1.0,3.0,1.0,3.0,0.1,0.1,30.0,254,9260.0,0,0,100,0,100
158877,3.0,10.0,1.0,3.0,1.0,3.0,0.1,0.1,30.0,255,9250.0,0,0,100,0,100
158877,3.0,10.0,1.0,3.0,1.0,3.0,0.1,0.1,30.0,256,9240.0,0,0,102,0,102
158877,3.0,10.0,1.0,3.0,1.0,3.0,0.1,0.1,30.0,257,9250.0,0,0,99,0,99
158877,3.0,10.0,1.0,3.0,1.0,3.0,0.1,0.1,30.0,258,9270.0,0,0,95,0,95
158877,3.0,10.0,1.0,3.0,1.0,3.0,0.1,0.1,30.0,259,9260.0,0,0,100,0,100
158877,3.0,10.0,1.0,3.0,1.0,3.0,0.1,0.1,30.0,260,9240.0,0,0,102,0,102
158877,3.0,10.0,1.0,3.0,1.0,3.0,0.1,0.1,30.0,261,9250.0,0,0,99,0,99
158877,3.0,10.0,1.0,3.0,1.0,3.0,0.1,0.1,30.0,262,9250.0,0,0,100,0,100
158877,3.0,10.0,1.0,3.0,1.0,3.0,0.1,0.1,30.0,263,9270.0,0,0,94,0,94
158877,3.0,10.0,1.0,3.0,1.0,3.0,0.1,0.1,30.0,264,9280.0,0,0,95,0,95
158877,3.0,10.0,1.0,3.0,1.0,3.0,0.1,0.1,30.0,265,9250.0,0,0,102,0,102
158877,3.0,10.0,1.0,3.0,1.0,3.0,0.1,0.1,30.0,266,9210.0,0,0,105,0,105
158877,3.0,10.0,1.0,3.0,1.0,3.0,0.1,0.1,30.0,267,9180.0,0,0,111,0,111
158877,3.0,10.0,1.0,3.0,1.0,3.0,0.1,0.1,30.0,268,9220.0,0,0,99,0,99
158877,3.0,10.0,1.0,3.0,1.0,3.0,0.1,0.1,30.0,269,9250.0,0,0,99,0,99
158877,3.0,10.0,1.0,3.0,1.0,3.0,0.1,0.1,30.0,270,9250.0,0,0,100,0,100
158877,3.0,10.0,1.0,3.0,1.0,3.0,0.1,0.1,30.0,271,9240.0,0,0,102,0,102
158877,3.0,10.0,1.0,3.0,1.0,3.0,0.1,0.1,30.0,272,9240.0,0,0,101,0,101
158877,3.0,10.0,1.0,3.0,1.0,3.0,0.1,0.1,30.0,273,9260.0,0,0,96,0,96
158877,3.0,10.0,1.0,3.0,1.0,3.0,0.1,0.1,30.0,274,9290.0,0,0,94,0,94
158877,3.0,10.0,1.0,3.0,1.0,3.0,0.1,0.1,30.0,275,9280.0,0,0,97,0,97
158877,3.0,10.0,1.0,3.0,1.0,3.0,0.1,0.1,30.0,276,9260.0,0,0,99,0,99
158877,3.0,10.0,1.0,3.0,1.0,3.0,0.1,0.1,30.0,277,9260.0,0,0,97,0,97
158877,3.0,10.0,1.0,3.0,1.0,3.0,0.1,0.1,30.0,278,9260.0,0,0,99,0,99
158877,3.0,10.0,1.0,3.0,1.0,3.0,0.1,0.1,30.0,279,9270.0,0,0,96,0,96
158877,3.0,10.0,1.0,3.0,1.0,3.0,0.1,0.1,30.0,280,9250.0,0,0,100,0,100
158877,3.0,10.0,1.0,3.0,1.0,3.0,0.1,0.1,30.0,281,9250.0,0,0,100,0,100
158877,3.0,10.0,1.0,3.0,1.0,3.0,0.1,0.1,30.0,282,9250.0,0,0,100,0,100
158877,3.0,10.0,1.0,3.0,1.0,3.0,0.1,0.1,30.0,283,9230.0,0,0,104,0,104
158877,3.0,10.0,1.0,3.0,1.0,3.0,0.1,0.1,30.0,284,9210.0,0,0,106,0,106
158877,3.0,10.0,1.0,3.0,1.0,3.0,0.1,0.1,30.0,285,9260.0,0,0,95,0,95
158877,3.0,10.0,1.0,3.0,1.0,3.0,0.1,0.1,30.0,286,9290.0,0,0,94,0,94
158877,3.0,10.0,1.0,3.0,1.0,3.0,0.1,0.1,30.0,287,9240.0,0,0,103,0,103
158877,3.0,10.0,1.0,3.0,1.0,3.0,0.1,0.1,30.0,288,9250.0,0,0,98,0,98
158877,3.0,10.0,1.0,3.0,1.0,3.0,0.1,0.1,30.0,289,9270.0,0,0,97,0,97
158877,3.0,10.0,1.0,3.0,1.0,3.0,0.1,0.1,30.0,290,9250.0,0,0,101,0,101
158877,3.0,10.0,1.0,3.0,1.0,3.0,0.1,0.1,30.0,291,9230.0,0,0,103,0,103
158877,3.0,10.0,1.0,3.0,1.0,3.0,0.1,0.1,30.0,292,9250.0,0,0,98,0,98
158877,3.0,10.0,1.0,3.0,1.0,3.0,0.1,0.1,30.0,293,9250.0,0,0,101,0,101
158877,3.0,10.0,1.0,3.0,1.0,3.0,0.1,0.1,30.0,294,9230.0,0,0,103,0,103
158877,3.0,10.0,1.0,3.0,1.0,3.0,0.1,0.1,30.0,295,9200.0,0,0,108,0,108
158877,3.0,10.0,1.0,3.0,1.0,3.0,0.1,0.1,30.0,296,9200.0,0,0,104,0,104
158877,3.0,10.0,1.0,3.0,1.0,3.0,0.1,0.1,30.0,297,9240.0,0,0,100,0,100
158877,3.0,10.0,1.0,3.0,1.0,3.0,0.1,0.1,30.0,298,9280.0,0,0,94,0,94
158877,3.0,10.0,1.0,3.0,1.0,3.0,0.1,0.1,30.0,299,9240.0,0,0,105,0,105
158877,3.0,10.0,1.0,3.0,1.0,3.0,0.1,0.1,30.0,300,9240.0,0,0,99,0,99
158877,3.0,10.0,1.0,3.0,1.0,3.0,0.1,0.1,30.0,301,9250.0,0,0,100,0,100
158877,3.0,10.0,1.0,3.0,1.0,3.0,0.1,0.1,30.0,302,9260.0,0,0,96,0,96
158877,3.0,10.0,1.0,3.0,1.0,3.0,0.1,0.1,30.0,303,9250.0,0,0,102,0,102
158877,3.0,10.0,1.0,3.0,1.0,3.0,0.1,0.1,30.0,304,9230.0,0,0,103,0,103
158877,3.0,10.0,1.0,3.0,1.0,3.0,0.1,0.1,30.0,305,9240.0,0,0,99,0,99
158877,3.0,10.0,1.0,3.0,1.0,3.0,0.1,0.1,30.0,306,9210.0,0,0,108,0,108
158877,3.0,10.0,1.0,3.0,1.0,3.0,0.1,0.1,30.0,307,9240.0,0,0,98,0,98
158877,3.0,10.0,1.0,3.0,1.0,3.0,0.1,0.1,30.0,308,9240.0,0,0,101,0,101
158877,3.0,10.0,1.0,3.0,1.0,3.0,0.1,0.1,30.0,309,9260.0,0,0,97,0,97
158877,3.0,10.0,1.0,3.0,1.0,3.0,0.1,0.1,30.0,310,9250.0,0,0,100,0,100
158877,3.0,10.0,1.0,3.0,1.0,3.0,0.1,0.1,30.0,311,9230.0,0,0,104,0,104
158877,3.0,10.0,1.0,3.0,1.0,3.0,0.1,0.1,30.0,312,9230.0,0,0,102,0,102
158877,3.0,10.0,1.0,3.0,1.0,3.0,0.1,0.1,30.0,313,9250.0,0,0,99,0,99
158877,3.0,10.0,1.0,3.0,1.0,3.0,0.1,0.1,30.0,314,9230.0,0,0,104,0,104
158877,3.0,10.0,1.0,3.0,1.0,3.0,0.1,0.1,30.0,315,9240.0,0,0,98,0,98
158877,3.0,10.0,1.0,3.0,1.0,3.0,0.1,0.1,30.0,316,9290.0,0,0,93,0,93
158877,3.0,10.0,1.0,3.0,1.0,3.0,0.1,0.1,30.0,317,9250.0,0,0,103,0,103
158877,3.0,10.0,1.0,3.0,1.0,3.0,0.1,0.1,30.0,318,9230.0,0,0,102,0,102
158877,3.0,10.0,1.0,3.0,1.0,3.0,0.1,0.1,30.0,319,9210.0,0,0,105,0,105
158877,3.0,10.0,1.0,3.0,1.0,3.0,0.1,0.1,30.0,320,9230.0,0,0,101,0,101
158877,3.0,10.0,1.0,3.0,1.0,3.0,0.1,0.1,30.0,321,9260.0,0,0,97,0,97
158877,3.0,10.0,1.0,3.0,1.0,3.0,0.1,0.1,30.0,322,9250.0,0,0,101,0,101
158877,3.0,10.0,1.0,3.0,1.0,3.0,0.1,0.1,30.0,323,9260.0,0,0,97,0,97
158877,3.0,10.0,1.0,3.0,1.0,3.0,0.1,0.1,30.0,324,9280.0,0,0,95,0,95
158877,3.0,10.0,1.0,3.0,1.0,3.0,0.1,0.1,30.0,325,9270.0,0,0,98,0,98
158877,3.0,10.0,1.0,3.0,1.0,3.0,0.1,0.1,30.0,326,9280.0,0,0,95,0,95
158877,3.0,10.0,1.0,3.0,1.0,3.0,0.1,0.1,30.0,327,9250.0,0,0,102,0,102
158877,3.0,10.0,1.0,3.0,1.0,3.0,0.1,0.1,30.0,328,9260.0,0,0,97,0,97
158877,3.0,10.0,1.0,3.0,1.0,3.0,0.1,0.1,30.0,329,9260.0,0,0,99,0,99
158877,3.0,10.0,1.0,3.0,1.0,3.0,0.1,0.1,30.0,330,9290.0,0,0,92,0,92
158877,3.0,10.0,1.0,3.0,1.0,3.0,0.1,0.1,30.0,331,9270.0,0,0,100,0,100
158877,3.0,10.0,1.0,3.0,1.0,3.0,0.1,0.1,30.0,332,9270.0,0,0,96,0,96
158877,3.0,10.0,1.0,3.0,1.0,3.0,0.1,0.1,30.0,333,9260.0,0,0,100,0,100
158877,3.0,10.0,1.0,3.0,1.0,3.0,0.1,0.1,30.0,334,9270.0,0,0,96,0,96
158877,3.0,10.0,1.0,3.0,1.0,3.0,0.1,0.1,30.0,335,9250.0,0,0,102,0,102
158877,3.0,10.0,1.0,3.0,1.0,3.0,0.1,0.1,30.0,336,9280.0,0,0,93,0,93
158877,3.0,10.0,1.0,3.0,1.0,3.0,0.1,0.1,30.0,337,9300.0,0,0,93,0,93
158877,3.0,10.0,1.0,3.0,1.0,3.0,0.1,0.1,30.0,338,9260.0,0,0,101,0,101
158877,3.0,10.0,1.0,3.0,1.0,3.0,0.1,0.1,30.0,339,9240.0,0,0,100,0,100
158877,3.0,10.0,1.0,3.0,1.0,3.0,0.1,0.1,30.0,340,9240.0,0,0,102,0,102
158877,3.0,10.0,1.0,3.0,1.0,3.0,0.1,0.1,30.0,341,9250.0,0,0,99,0,99
158877,3.0,10.0,1.0,3.0,1.0,3.0,0.1,0.1,30.0,342,9250.0,0,0,100,0,100
158877,3.0,10.0,1.0,3.0,1.0,3.0,0.1,0.1,30.0,343,9240.0,0,0,102,0,102
158877,3.0,10.0,1.0,3.0,1.0,3.0,0.1,0.1,30.0,344,9260.0,0,0,97,0,97
158877,3.0,10.0,1.0,3.0,1.0,3.0,0.1,0.1,30.0,345,9240.0,0,0,103,0,103
158877,3.0,10.0,1.0,3.0,1.0,3.0,0.1,0.1,30.0,346,9250.0,0,0,98,0,98
158877,3.0,10.0,1.0,3.0,1.0,3.0,0.1,0.1,30.0,347,9250.0,0,0,101,0,101
158877,3.0,10.0,1.0,3.0,1.0,3.0,0.1,0.1,30.0,348,9240.0,0,0,101,0,101
158877,3.0,10.0,1.0,3.0,1.0,3.0,0.1,0.1,30.0,349,9260.0,0,0,97,0,97
158877,3.0,10.0,1.0,3.0,1.0,3.0,0.1,0.1,30.0,350,9290.0,0,0,93,0,93
158877,3.0,10.0,1.0,3.0,1.0,3.0,0.1,0.1,30.0,351,9270.0,0,0,99,0,99
158877,3.0,10.0,1.0,3.0,1.0,3.0,0.1,0.1,30.0,352,9240.0,0,0,102,0,102
158877,3.0,10.0,1.0,3.0,1.0,3.0,0.1,0.1,30.0,353,9240.0,0,0,99,0,99
158877,3.0,10.0,1.0,3.0,1.0,3.0,0.1,0.1,30.0,354,9240.0,0,0,101,0,101
158877,3.0,10.0,1.0,3.0,1.0,3.0,0.1,0.1,30.0,355,9270.0,0,0,95,0,95
158877,3.0,10.0,1.0,3.0,1.0,3.0,0.1,0.1,30.0,356,9290.0,0,0,94,0,94
158877,3.0,10.0,1.0,3.0,1.0,3.0,0.1,0.1,30.0,357,9270.0,0,0,97,0,97
158877,3.0,10.0,1.0,3.0,1.0,3.0,0.1,0.1,30.0,358,9260.0,0,0,99,0,99
158877,3.0,10.0,1.0,3.0,1.0,3.0,0.1,0.1,30.0,359,9260.0,0,0,98,0,98
158877,3.0,10.0,1.0,3.0,1.0,3.0,0.1,0.1,30.0,360,9240.0,0,0,101,0,101
158877,3.0,10.0,1.0,3.0,1.0,3.0,0.1,0.1,30.0,361,9230.0,0,0,103,0,103
158877,3.0,10.0,1.0,3.0,1.0,3.0,0.1,0.1,30.0,362,9230.0,0,0,102,0,102
158877,3.0,10.0,1.0,3.0,1.0,3.0,0.1,0.1,30.0,363,9260.0,0,0,97,0,97
158877,3.0,10.0,1.0,3.0,1.0,3.0,0.1,0.1,30.0,364,9300.0,0,0,90,0,90
158877,3.0,10.0,1.0,3.0,1.0,3.0,0.1,0.1,30.0,365,9260.0,0,0,101,0,101
158877,3.0,10.0,1.0,3.0,1.0,3.0,0.1,0.1,30.0,366,9260.0,0,0,97,0,97
158877,3.0,10.0,1.0,3.0,1.0,3.0,0.1,0.1,30.0,367,9260.0,0,0,99,0,99
158877,3.0,10.0,1.0,3.0,1.0,3.0,0.1,0.1,30.0,368,9260.0,0,0,98,0,98
158877,3.0,10.0,1.0,3.0,1.0,3.0,0.1,0.1,30.0,369,9220.0,0,0,105,0,105
158877,3.0,10.0,1.0,3.0,1.0,3.0,0.1,0.1,30.0,370,9230.0,0,0,100,0,100
158877,3.0,10.0,1.0,3.0,1.0,3.0,0.1,0.1,30.0,371,9270.0,0,0,96,0,96
158877,3.0,10.0,1.0,3.0,1.0,3.0,0.1,0.1,30.0,372,9270.0,0,0,98,0,98
158877,3.0,10.0,1.0,3.0,1.0,3.0,0.1,0.1,30.0,373,9240.0,0,0,101,0,101
158877,3.0,10.0,1.0,3.0,1.0,3.0,0.1,0.1,30.0,374,9220.0,0,0,104,0,104
158877,3.0,10.0,1.0,3.0,1.0,3.0,0.1,0.1,30.0,375,9230.0,0,0,102,0,102
158877,3.0,10.0,1.0,3.0,1.0,3.0,0.1,0.1,30.0,376,9250.0,0,0,99,0,99
158877,3.0,10.0,1.0,3.0,1.0,3.0,0.1,0.1,30.0,377,9250.0,0,0,100,0,100
158877,3.0,10.0,1.0,3.0,1.0,3.0,0.1,0.1,30.0,378,9270.0,0,0,96,0,96
158877,3.0,10.0,1.0,3.0,1.0,3.0,0.1,0.1,30.0,379,9240.0,0,0,104,0,104
158877,3.0,10.0,1.0,3.0,1.0,3.0,0.1,0.1,30.0,380,9230.0,0,0,102,0,102
158877,3.0,10.0,1.0,3.0,1.0,3.0,0.1,0.1,30.0,381,9220.0,0,0,105,0,105
158877,3.0,10.0,1.0,3.0,1.0,3.0,0.1,0.1,30.0,382,9240.0,0,0,98,0,98
158877,3.0,10.0,1.0,3.0,1.0,3.0,0.1,0.1,30.0,383,9240.0,0,0,103,0,103
158877,3.0,10.0,1.0,3.0,1.0,3.0,0.1,0.1,30.0,384,9200.0,0,0,107,0,107
158877,3.0,10.0,1.0,3.0,1.0,3.0,0.1,0.1,30.0,385,9220.0,0,0,102,0,102
158877,3.0,10.0,1.0,3.0,1.0,3.0,0.1,0.1,30.0,386,9220.0,0,0,105,0,105
158877,3.0,10.0,1.0,3.0,1.0,3.0,0.1,0.1,30.0,387,9260.0,0,0,95,0,95
158877,3.0,10.0,1.0,3.0,1.0,3.0,0.1,0.1,30.0,388,9260.0,0,0,100,0,100
158877,3.0,10.0,1.0,3.0,1.0,3.0,0.1,0.1,30.0,389,9290.0,0,0,92,0,92
158877,3.0,10.0,1.0,3.0,1.0,3.0,0.1,0.1,30.0,390,9280.0,0,0,96,0,96
158877,3.0,10.0,1.0,3.0,1.0,3.0,0.1,0.1,30.0,391,9250.0,0,0,102,0,102
158877,3.0,10.0,1.0,3.0,1.0,3.0,0.1,0.1,30.0,392,9220.0,0,0,103,0,103
158877,3.0,10.0,1.0,3.0,1.0,3.0,0.1,0.1,30.0,393,9220.0,0,0,104,0,104
158877,3.0,10.0,1.0,3.0,1.0,3.0,0.1,0.1,30.0,394,9250.0,0,0,96,0,96
158877,3.0,10.0,1.0,3.0,1.0,3.0,0.1,0.1,30.0,395,9250.0,0,0,102,0,102
158877,3.0,10.0,1.0,3.0,1.0,3.0,0.1,0.1,30.0,396,9270.0,0,0,95,0,95
158877,3.0,10.0,1.0,3.0,1.0,3.0,0.1,0.1,30.0,397,9240.0,0,0,104,0,104
158877,3.0,10.0,1.0,3.0,1.0,3.0,0.1,0.1,30.0,398,9250.0,0,0,98,0,98
158877,3.0,10.0,1.0,3.0,1.0,3.0,0.1,0.1,30.0,399,9250.0,0,0,101,0,101
158877,3.0,10.0,1.0,3.0,1.0,3.0,0.1,0.1,30.0,400,9250.0,0,0,98,0,98
158877,3.0,10.0,1.0,3.0,1.0,3.0,0.1,0.1,30.0,401,9250.0,0,0,99,0,99
158877,3.0,10.0,1.0,3.0,1.0,3.0,0.1,0.1,30.0,402,9270.0,0,0,96,0,96
158877,3.0,10.0,1.0,3.0,1.0,3.0,0.1,0.1,30.0,403,9240.0,0,0,104,0,104
158877,3.0,10.0,1.0,3.0,1.0,3.0,0.1,0.1,30.0,404,9210.0,0,0,106,0,106
158877,3.0,10.0,1.0,3.0,1.0,3.0,0.1,0.1,30.0,405,9210.0,0,0,105,0,105
158877,3.0,10.0,1.0,3.0,1.0,3.0,0.1,0.1,30.0,406,9210.0,0,0,104,0,104
158877,3.0,10.0,1.0,3.0,1.0,3.0,0.1,0.1,30.0,407,9250.0,0,0,98,0,98
158877,3.0,10.0,1.0,3.0,1.0,3.0,0.1,0.1,30.0,408,9260.0,0,0,99,0,99
158877,3.0,10.0,1.0,3.0,1.0,3.0,0.1,0.1,30.0,409,9260.0,0,0,98,0,98
158877,3.0,10.0,1.0,3.0,1.0,3.0,0.1,0.1,30.0,410,9260.0,0,0,99,0,99
158877,3.0,10.0,1.0,3.0,1.0,3.0,0.1,0.1,30.0,411,9240.0,0,0,101,0,101
158877,3.0,10.0,1.0,3.0,1.0,3.0,0.1,0.1,30.0,412,9250.0,0,0,99,0,99
158877,3.0,10.0,1.0,3.0,1.0,3.0,0.1,0.1,30.0,413,9270.0,0,0,96,0,96
158877,3.0,10.0,1.0,3.0,1.0,3.0,0.1,0.1,30.0,414,9240.0,0,0,104,0,104
158877,3.0,10.0,1.0,3.0,1.0,3.0,0.1,0.1,30.0,415,9270.0,0,0,92,0,92
158877,3.0,10.0,1.0,3.0,1.0,3.0,0.1,0.1,30.0,416,9250.0,0,0,104,0,104
158877,3.0,10.0,1.0,3.0,1.0,3.0,0.1,0.1,30.0,417,9210.0,0,0,104,0,104
158877,3.0,10.0,1.0,3.0,1.0,3.0,0.1,0.1,30.0,418,9260.0,0,0,96,0,96
158877,3.0,10.0,1.0,3.0,1.0,3.0,0.1,0.1,30.0,419,9270.0,0,0,98,0,98
158877,3.0,10.0,1.0,3.0,1.0,3.0,0.1,0.1,30.0,420,9280.0,0,0,95,0,95
158877,3.0,10.0,1.0,3.0,1.0,3.0,0.1,0.1,30.0,421,9230.0,0,0,106,0,106
158877,3.0,10.0,1.0,3.0,1.0,3.0,0.1,0.1,30.0,422,9210.0,0,0,105,0,105
158877,3.0,10.0,1.0,3.0,1.0,3.0,0.1,0.1,30.0,423,9210.0,0,0,105,0,105
158877,3.0,10.0,1.0,3.0,1.0,3.0,0.1,0.1,30.0,424,9250.0,0,0,96,0,96
158877,3.0,10.0,1.0,3.0,1.0,3.0,0.1,0.1,30.0,425,9240.0,0,0,104,0,104
158877,3.0,10.0,1.0,3.0,1.0,3.0,0.1,0.1,30.0,426,9230.0,0,0,102,0,102
158877,3.0,10.0,1.0,3.0,1.0,3.0,0.1,0.1,30.0,427,9270.0,0,0,95,0,95
158877,3.0,10.0,1.0,3.0,1.0,3.0,0.1,0.1,30.0,428,9260.0,0,0,100,0,100
158877,3.0,10.0,1.0,3.0,1.0,3.0,0.1,0.1,30.0,429,9250.0,0,0,100,0,100
158877,3.0,10.0,1.0,3.0,1.0,3.0,0.1,0.1,30.0,430,9240.0,0,0,100,0,100
158877,3.0,10.0,1.0,3.0,1.0,3.0,0.1,0.1,30.0,431,9260.0,0,0,96,0,96
158877,3.0,10.0,1.0,3.0,1.0,3.0,0.1,0.1,30.0,432,9260.0,0,0,100,0,100
158877,3.0,10.0,1.0,3.0,1.0,3.0,0.1,0.1,30.0,433,9250.0,0,0,98,0,98
158877,3.0,10.0,1.0,3.0,1.0,3.0,0.1,0.1,30.0,434,9290.0,0,0,93,0,93
158877,3.0,10.0,1.0,3.0,1.0,3.0,0.1,0.1,30.0,435,9270.0,0,0,98,0,98
158877,3.0,10.0,1.0,3.0,1.0,3.0,0.1,0.1,30.0,436,9260.0,0,0,97,0,97
158877,3.0,10.0,1.0,3.0,1.0,3.0,0.1,0.1,30.0,437,9250.0,0,0,100,0,100
158877,3.0,10.0,1.0,3.0,1.0,3.0,0.1,0.1,30.0,438,9240.0,0,0,102,0,102
158877,3.0,10.0,1.0,3.0,1.0,3.0,0.1,0.1,30.0,439,9260.0,0,0,97,0,97
158877,3.0,10.0,1.0,3.0,1.0,3.0,0.1,0.1,30.0,440,9260.0,0,0,99,0,99
158877,3.0,10.0,1.0,3.0,1.0,3.0,0.1,0.1,30.0,441,9290.0,0,0,92,0,92
158877,3.0,10.0,1.0,3.0,1.0,3.0,0.1,0.1,30.0,442,9300.0,0,0,94,0,94
158877,3.0,10.0,1.0,3.0,1.0,3.0,0.1,0.1,30.0,443,9260.0,0,0,101,0,101
158877,3.0,10.0,1.0,3.0,1.0,3.0,0.1,0.1,30.0,444,9260.0,0,0,97,0,97
158877,3.0,10.0,1.0,3.0,1.0,3.0,0.1,0.1,30.0,445,9240.0,0,0,103,0,103
158877,3.0,10.0,1.0,3.0,1.0,3.0,0.1,0.1,30.0,446,9240.0,0,0,100,0,100
158877,3.0,10.0,1.0,3.0,1.0,3.0,0.1,0.1,30.0,447,9260.0,0,0,98,0,98
158877,3.0,10.0,1.0,3.0,1.0,3.0,0.1,0.1,30.0,448,9270.0,0,0,97,0,97
158877,3.0,10.0,1.0,3.0,1.0,3.0,0.1,0.1,30.0,449,9260.0,0,0,99,0,99
158877,3.0,10.0,1.0,3.0,1.0,3.0,0.1,0.1,30.0,450,9270.0,0,0,96,0,96
158877,3.0,10.0,1.0,3.0,1.0,3.0,0.1,0.1,30.0,451,9260.0,0,0,100,0,100
158877,3.0,10.0,1.0,3.0,1.0,3.0,0.1,0.1,30.0,452,9270.0,0,0,96,0,96
158877,3.0,10.0,1.0,3.0,1.0,3.0,0.1,0.1,30.0,453,9270.0,0,0,98,0,98
158877,3.0,10.0,1.0,3.0,1.0,3.0,0.1,0.1,30.0,454,9260.0,0,0,97,0,97
158877,3.0,10.0,1.0,3.0,1.0,3.0,0.1,0.1,30.0,455,9260.0,0,0,99,0,99
158877,3.0,10.0,1.0,3.0,1.0,3.0,0.1,0.1,30.0,456,9240.0,0,0,102,0,102
158877,3.0,10.0,1.0,3.0,1.0,3.0,0.1,0.1,30.0,457,9210.0,0,0,107,0,107
158877,3.0,10.0,1.0,3.0,1.0,3.0,0.1,0.1,30.0,458,9190.0,0,0,108,0,108
158877,3.0,10.0,1.0,3.0,1.0,3.0,0.1,0.1,30.0,459,9200.0,0,0,106,0,106
158877,3.0,10.0,1.0,3.0,1.0,3.0,0.1,0.1,30.0,460,9230.0,0,0,101,0,101
158877,3.0,10.0,1.0,3.0,1.0,3.0,0.1,0.1,30.0,461,9260.0,0,0,97,0,97
158877,3.0,10.0,1.0,3.0,1.0,3.0,0.1,0.1,30.0,462,9260.0,0,0,99,0,99
158877,3.0,10.0,1.0,3.0,1.0,3.0,0.1,0.1,30.0,463,9250.0,0,0,100,0,100
158877,3.0,10.0,1.0,3.0,1.0,3.0,0.1,0.1,30.0,464,9260.0,0,0,98,0,98
158877,3.0,10.0,1.0,3.0,1.0,3.0,0.1,0.1,30.0,465,9260.0,0,0,99,0,99
158877,3.0,10.0,1.0,3.0,1.0,3.0,0.1,0.1,30.0,466,9250.0,0,0,100,0,100
158877,3.0,10.0,1.0,3.0,1.0,3.0,0.1,0.1,30.0,467,9220.0,0,0,106,0,106
158877,3.0,10.0,1.0,3.0,1.0,3.0,0.1,0.1,30.0,468,9240.0,0,0,99,0,99
158877,3.0,10.0,1.0,3.0,1.0,3.0,0.1,0.1,30.0,469,9260.0,0,0,97,0,97
158877,3.0,10.0,1.0,3.0,1.0,3.0,0.1,0.1,30.0,470,9260.0,0,0,98,0,98
158877,3.0,10.0,1.0,3.0,1.0,3.0,0.1,0.1,30.0,471,9270.0,0,0,97,0,97
158877,3.0,10.0,1.0,3.0,1.0,3.0,0.1,0.1,30.0,472,9250.0,0,0,101,0,101
158877,3.0,10.0,1.0,3.0,1.0,3.0,0.1,0.1,30.0,473,9240.0,0,0,101,0,101
158877,3.0,10.0,1.0,3.0,1.0,3.0,0.1,0.1,30.0,474,9240.0,0,0,101,0,101
158877,3.0,10.0,1.0,3.0,1.0,3.0,0.1,0.1,30.0,475,9230.0,0,0,102,0,102
158877,3.0,10.0,1.0,3.0,1.0,3.0,0.1,0.1,30.0,476,9220.0,0,0,105,0,105
158877,3.0,10.0,1.0,3.0,1.0,3.0,0.1,0.1,30.0,477,9240.0,0,0,99,0,99
158877,3.0,10.0,1.0,3.0,1.0,3.0,0.1,0.1,30.0,478,9230.0,0,0,104,0,104
158877,3.0,10.0,1.0,3.0,1.0,3.0,0.1,0.1,30.0,479,9220.0,0,0,104,0,104
158877,3.0,10.0,1.0,3.0,1.0,3.0,0.1,0.1,30.0,480,9240.0,0,0,100,0,100
158877,3.0,10.0,1.0,3.0,1.0,3.0,0.1,0.1,30.0,481,9250.0,0,0,98,0,98
158877,3.0,10.0,1.0,3.0,1.0,3.0,0.1,0.1,30.0,482,9230.0,0,0,105,0,105
158877,3.0,10.0,1.0,3.0,1.0,3.0,0.1,0.1,30.0,483,9220.0,0,0,103,0,103
158877,3.0,10.0,1.0,3.0,1.0,3.0,0.1,0.1,30.0,484,9250.0,0,0,98,0,98
158877,3.0,10.0,1.0,3.0,1.0,3.0,0.1,0.1,30.0,485,9240.0,0,0,103,0,103
158877,3.0,10.0,1.0,3.0,1.0,3.0,0.1,0.1,30.0,486,9230.0,0,0,102,0,102
158877,3.0,10.0,1.0,3.0,1.0,3.0,0.1,0.1,30.0,487,9220.0,0,0,105,0,105
158877,3.0,10.0,1.0,3.0,1.0,3.0,0.1,0.1,30.0,488,9190.0,0,0,109,0,109
158877,3.0,10.0,1.0,3.0,1.0,3.0,0.1,0.1,30.0,489,9210.0,0,0,102,0,102
158877,3.0,10.0,1.0,3.0,1.0,3.0,0.1,0.1,30.0,490,9220.0,0,0,105,0,105
158877,3.0,10.0,1.0,3.0,1.0,3.0,0.1,0.1,30.0,491,9250.0,0,0,97,0,97
158877,3.0,10.0,1.0,3.0,1.0,3.0,0.1,0.1,30.0,492,9270.0,0,0,97,0,97
158877,3.0,10.0,1.0,3.0,1.0,3.0,0.1,0.1,30.0,493,9240.0,0,0,103,0,103
158877,3.0,10.0,1.0,3.0,1.0,3.0,0.1,0.1,30.0,494,9220.0,0,0,104,0,104
158877,3.0,10.0,1.0,3.0,1.0,3.0,0.1,0.1,30.0,495,9210.0,0,0,106,0,106
158877,3.0,10.0,1.0,3.0,1.0,3.0,0.1,0.1,30.0,496,9240.0,0,0,99,0,99
158877,3.0,10.0,1.0,3.0,1.0,3.0,0.1,0.1,30.0,497,9230.0,0,0,103,0,103
158877,3.0,10.0,1.0,3.0,1.0,3.0,0.1,0.1,30.0,498,9270.0,0,0,93,0,93
158877,3.0,10.0,1.0,3.0,1.0,3.0,0.1,0.1,30.0,499,9270.0,0,0,99,0,99