Exp Num,agent:svo_convergence_factor,agent:params:metabolism,agent:params:consumption_factor,agent:params:procreate_cost_factor,agent:params:procreate_req_factor,agent:params:start_energy_factor,agent:params:caught_chance,agent:params:caught_cooldown_factor,agent:params:maximum_age,Epoch,Resource,A,B,C,D,E
167611,3.0,10.0,2.0,7.0,3.0,3.0,0.5,0.30000000000000004,20.0,0,3880.0,10,30,11,29,71
167611,3.0,10.0,2.0,7.0,3.0,3.0,0.5,0.30000000000000004,20.0,1,3850.0,10,30,11,29,71
167611,3.0,10.0,2.0,7.0,3.0,3.0,0.5,0.30000000000000004,20.0,2,3812.5,6,25,8,26,58
167611,3.0,10.0,2.0,7.0,3.0,3.0,0.5,0.30000000000000004,20.0,3,3925.625,5,23,7,26,54
167611,3.0,10.0,2.0,7.0,3.0,3.0,0.5,0.30000000000000004,20.0,4,3887.03125,5,19,6,24,49
167611,3.0,10.0,2.0,7.0,3.0,3.0,0.5,0.30000000000000004,20.0,5,3798.7890625,5,18,6,22,48
167611,3.0,10.0,2.0,7.0,3.0,3.0,0.5,0.30000000000000004,20.0,6,3608.486328125,2,18,6,19,45
167611,3.0,10.0,2.0,7.0,3.0,3.0,0.5,0.30000000000000004,20.0,7,3290.60791015625,2,18,6,19,45
167611,3.0,10.0,2.0,7.0,3.0,3.0,0.5,0.30000000000000004,20.0,8,2873.2598876953125,2,18,6,19,45
167611,3.0,10.0,2.0,7.0,3.0,3.0,0.5,0.30000000000000004,20.0,9,2451.5748596191406,1,18,6,19,44
167611,3.0,10.0,2.0,7.0,3.0,3.0,0.5,0.30000000000000004,20.0,10,2344.468574523926,1,18,6,19,44
167611,3.0,10.0,2.0,7.0,3.0,3.0,0.5,0.30000000000000004,20.0,11,2390.585718154907,1,18,6,19,44
167611,3.0,10.0,2.0,7.0,3.0,3.0,0.5,0.30000000000000004,20.0,12,2508.232147693634,1,18,6,19,44
167611,3.0,10.0,2.0,7.0,3.0,3.0,0.5,0.30000000000000004,20.0,13,2735.2901846170425,1,18,6,19,44
167611,3.0,10.0,2.0,7.0,3.0,3.0,0.5,0.30000000000000004,20.0,14,2999.112730771303,1,18,6,19,42
167611,3.0,10.0,2.0,7.0,3.0,3.0,0.5,0.30000000000000004,20.0,15,3188.890913464129,1,18,6,17,42
167611,3.0,10.0,2.0,7.0,3.0,3.0,0.5,0.30000000000000004,20.0,16,3306.113641830161,1,18,6,17,41
167611,3.0,10.0,2.0,7.0,3.0,3.0,0.5,0.30000000000000004,20.0,17,3432.6420522877015,1,18,8,16,42
167611,3.0,10.0,2.0,7.0,3.0,3.0,0.5,0.30000000000000004,20.0,18,3490.802565359627,1,17,9,16,42
167611,3.0,10.0,2.0,7.0,3.0,3.0,0.5,0.30000000000000004,20.0,19,3403.5032066995336,2,18,9,16,44
167611,3.0,10.0,2.0,7.0,3.0,3.0,0.5,0.30000000000000004,20.0,20,3574.379008374417,2,11,8,10,28
167611,3.0,10.0,2.0,7.0,3.0,3.0,0.5,0.30000000000000004,20.0,21,3967.9737604680213,2,5,7,7,20
167611,3.0,10.0,2.0,7.0,3.0,3.0,0.5,0.30000000000000004,20.0,22,4659.967200585026,2,1,5,5,11
167611,3.0,10.0,2.0,7.0,3.0,3.0,0.5,0.30000000000000004,20.0,23,5584.959000731283,2,1,4,3,9
167611,3.0,10.0,2.0,7.0,3.0,3.0,0.5,0.30000000000000004,20.0,24,6801.198750914104,1,1,4,3,6
167611,3.0,10.0,2.0,7.0,3.0,3.0,0.5,0.30000000000000004,20.0,25,8381.49843864263,1,1,4,0,6
167611,3.0,10.0,2.0,7.0,3.0,3.0,0.5,0.30000000000000004,20.0,26,9880.0,1,1,5,0,7
167611,3.0,10.0,2.0,7.0,3.0,3.0,0.5,0.30000000000000004,20.0,27,9860.0,1,1,5,0,7
167611,3.0,10.0,2.0,7.0,3.0,3.0,0.5,0.30000000000000004,20.0,28,9860.0,1,2,6,0,9
167611,3.0,10.0,2.0,7.0,3.0,3.0,0.5,0.30000000000000004,20.0,29,9820.0,1,2,6,0,9
167611,3.0,10.0,2.0,7.0,3.0,3.0,0.5,0.30000000000000004,20.0,30,9820.0,1,2,6,0,9
167611,3.0,10.0,2.0,7.0,3.0,3.0,0.5,0.30000000000000004,20.0,31,9820.0,1,2,6,0,9
167611,3.0,10.0,2.0,7.0,3.0,3.0,0.5,0.30000000000000004,20.0,32,9820.0,1,2,6,0,9
167611,3.0,10.0,2.0,7.0,3.0,3.0,0.5,0.30000000000000004,20.0,33,9820.0,1,2,7,0,10
167611,3.0,10.0,2.0,7.0,3.0,3.0,0.5,0.30000000000000004,20.0,34,9800.0,1,2,8,0,11
167611,3.0,10.0,2.0,7.0,3.0,3.0,0.5,0.30000000000000004,20.0,35,9780.0,1,3,9,0,13
167611,3.0,10.0,2.0,7.0,3.0,3.0,0.5,0.30000000000000004,20.0,36,9740.0,1,3,9,0,13
167611,3.0,10.0,2.0,7.0,3.0,3.0,0.5,0.30000000000000004,20.0,37,9740.0,1,3,9,0,13
167611,3.0,10.0,2.0,7.0,3.0,3.0,0.5,0.30000000000000004,20.0,38,9740.0,1,3,9,0,13
167611,3.0,10.0,2.0,7.0,3.0,3.0,0.5,0.30000000000000004,20.0,39,9740.0,1,3,9,0,13
167611,3.0,10.0,2.0,7.0,3.0,3.0,0.5,0.30000000000000004,20.0,40,9760.0,1,4,8,0,13
167611,3.0,10.0,2.0,7.0,3.0,3.0,0.5,0.30000000000000004,20.0,41,9760.0,1,4,7,0,12
167611,3.0,10.0,2.0,7.0,3.0,3.0,0.5,0.30000000000000004,20.0,42,9780.0,1,4,7,0,12
167611,3.0,10.0,2.0,7.0,3.0,3.0,0.5,0.30000000000000004,20.0,43,9780.0,0,4,7,0,11
167611,3.0,10.0,2.0,7.0,3.0,3.0,0.5,0.30000000000000004,20.0,44,9780.0,0,4,7,0,11
167611,3.0,10.0,2.0,7.0,3.0,3.0,0.5,0.30000000000000004,20.0,45,9780.0,0,4,7,0,11
167611,3.0,10.0,2.0,7.0,3.0,3.0,0.5,0.30000000000000004,20.0,46,9780.0,0,4,7,0,11
167611,3.0,10.0,2.0,7.0,3.0,3.0,0.5,0.30000000000000004,20.0,47,9800.0,0,5,6,0,11
167611,3.0,10.0,2.0,7.0,3.0,3.0,0.5,0.30000000000000004,20.0,48,9780.0,0,5,6,0,11
167611,3.0,10.0,2.0,7.0,3.0,3.0,0.5,0.30000000000000004,20.0,49,9820.0,0,4,6,0,10
167611,3.0,10.0,2.0,7.0,3.0,3.0,0.5,0.30000000000000004,20.0,50,9800.0,0,5,7,0,12
167611,3.0,10.0,2.0,7.0,3.0,3.0,0.5,0.30000000000000004,20.0,51,9760.0,0,5,7,0,12
167611,3.0,10.0,2.0,7.0,3.0,3.0,0.5,0.30000000000000004,20.0,52,9760.0,0,5,7,0,12
167611,3.0,10.0,2.0,7.0,3.0,3.0,0.5,0.30000000000000004,20.0,53,9760.0,0,5,7,0,12
167611,3.0,10.0,2.0,7.0,3.0,3.0,0.5,0.30000000000000004,20.0,54,9760.0,0,6,7,0,13
167611,3.0,10.0,2.0,7.0,3.0,3.0,0.5,0.30000000000000004,20.0,55,9780.0,0,6,5,0,11
167611,3.0,10.0,2.0,7.0,3.0,3.0,0.5,0.30000000000000004,20.0,56,9800.0,0,6,5,0,11
167611,3.0,10.0,2.0,7.0,3.0,3.0,0.5,0.30000000000000004,20.0,57,9780.0,0,6,7,0,13
167611,3.0,10.0,2.0,7.0,3.0,3.0,0.5,0.30000000000000004,20.0,58,9760.0,0,5,7,0,12
167611,3.0,10.0,2.0,7.0,3.0,3.0,0.5,0.30000000000000004,20.0,59,9760.0,0,5,7,0,12
167611,3.0,10.0,2.0,7.0,3.0,3.0,0.5,0.30000000000000004,20.0,60,9760.0,0,5,7,0,12
167611,3.0,10.0,2.0,7.0,3.0,3.0,0.5,0.30000000000000004,20.0,61,9780.0,0,4,7,0,11
167611,3.0,10.0,2.0,7.0,3.0,3.0,0.5,0.30000000000000004,20.0,62,9780.0,0,4,8,0,12
167611,3.0,10.0,2.0,7.0,3.0,3.0,0.5,0.30000000000000004,20.0,63,9780.0,0,3,8,0,11
167611,3.0,10.0,2.0,7.0,3.0,3.0,0.5,0.30000000000000004,20.0,64,9820.0,0,4,6,0,10
167611,3.0,10.0,2.0,7.0,3.0,3.0,0.5,0.30000000000000004,20.0,65,9800.0,0,5,7,0,12
167611,3.0,10.0,2.0,7.0,3.0,3.0,0.5,0.30000000000000004,20.0,66,9760.0,0,5,7,0,12
167611,3.0,10.0,2.0,7.0,3.0,3.0,0.5,0.30000000000000004,20.0,67,9760.0,0,5,7,0,12
167611,3.0,10.0,2.0,7.0,3.0,3.0,0.5,0.30000000000000004,20.0,68,9760.0,0,5,7,0,12
167611,3.0,10.0,2.0,7.0,3.0,3.0,0.5,0.30000000000000004,20.0,69,9780.0,0,5,7,0,12
167611,3.0,10.0,2.0,7.0,3.0,3.0,0.5,0.30000000000000004,20.0,70,9760.0,0,5,7,0,12
167611,3.0,10.0,2.0,7.0,3.0,3.0,0.5,0.30000000000000004,20.0,71,9800.0,0,4,7,0,11
167611,3.0,10.0,2.0,7.0,3.0,3.0,0.5,0.30000000000000004,20.0,72,9780.0,0,4,7,1,11
167611,3.0,10.0,2.0,7.0,3.0,3.0,0.5,0.30000000000000004,20.0,73,9780.0,0,5,6,1,11
167611,3.0,10.0,2.0,7.0,3.0,3.0,0.5,0.30000000000000004,20.0,74,9760.0,0,5,6,1,11
167611,3.0,10.0,2.0,7.0,3.0,3.0,0.5,0.30000000000000004,20.0,75,9760.0,0,5,6,1,11
167611,3.0,10.0,2.0,7.0,3.0,3.0,0.5,0.30000000000000004,20.0,76,9780.0,0,5,6,1,11
167611,3.0,10.0,2.0,7.0,3.0,3.0,0.5,0.30000000000000004,20.0,77,9760.0,0,5,6,1,11
167611,3.0,10.0,2.0,7.0,3.0,3.0,0.5,0.30000000000000004,20.0,78,9780.0,0,5,5,1,10
167611,3.0,10.0,2.0,7.0,3.0,3.0,0.5,0.30000000000000004,20.0,79,9800.0,0,5,5,1,10
167611,3.0,10.0,2.0,7.0,3.0,3.0,0.5,0.30000000000000004,20.0,80,9780.0,0,6,4,2,10
167611,3.0,10.0,2.0,7.0,3.0,3.0,0.5,0.30000000000000004,20.0,81,9760.0,0,6,4,2,10
167611,3.0,10.0,2.0,7.0,3.0,3.0,0.5,0.30000000000000004,20.0,82,9760.0,0,6,4,2,10
167611,3.0,10.0,2.0,7.0,3.0,3.0,0.5,0.30000000000000004,20.0,83,9780.0,0,6,3,2,9
167611,3.0,10.0,2.0,7.0,3.0,3.0,0.5,0.30000000000000004,20.0,84,9780.0,0,7,3,2,10
167611,3.0,10.0,2.0,7.0,3.0,3.0,0.5,0.30000000000000004,20.0,85,9760.0,0,7,3,2,10
167611,3.0,10.0,2.0,7.0,3.0,3.0,0.5,0.30000000000000004,20.0,86,9780.0,0,7,2,3,9
167611,3.0,10.0,2.0,7.0,3.0,3.0,0.5,0.30000000000000004,20.0,87,9780.0,0,5,3,3,8
167611,3.0,10.0,2.0,7.0,3.0,3.0,0.5,0.30000000000000004,20.0,88,9780.0,1,5,3,3,9
167611,3.0,10.0,2.0,7.0,3.0,3.0,0.5,0.30000000000000004,20.0,89,9760.0,1,5,3,3,9
167611,3.0,10.0,2.0,7.0,3.0,3.0,0.5,0.30000000000000004,20.0,90,9760.0,1,5,3,3,9
167611,3.0,10.0,2.0,7.0,3.0,3.0,0.5,0.30000000000000004,20.0,91,9760.0,1,6,3,3,10
167611,3.0,10.0,2.0,7.0,3.0,3.0,0.5,0.30000000000000004,20.0,92,9760.0,1,5,3,3,9
167611,3.0,10.0,2.0,7.0,3.0,3.0,0.5,0.30000000000000004,20.0,93,9800.0,1,5,2,3,8
167611,3.0,10.0,2.0,7.0,3.0,3.0,0.5,0.30000000000000004,20.0,94,9780.0,1,5,2,3,8
167611,3.0,10.0,2.0,7.0,3.0,3.0,0.5,0.30000000000000004,20.0,95,9780.0,1,5,2,4,8
167611,3.0,10.0,2.0,7.0,3.0,3.0,0.5,0.30000000000000004,20.0,96,9760.0,1,5,2,4,8
167611,3.0,10.0,2.0,7.0,3.0,3.0,0.5,0.30000000000000004,20.0,97,9760.0,1,5,2,4,8
167611,3.0,10.0,2.0,7.0,3.0,3.0,0.5,0.30000000000000004,20.0,98,9760.0,1,6,2,4,9
167611,3.0,10.0,2.0,7.0,3.0,3.0,0.5,0.30000000000000004,20.0,99,9760.0,1,5,2,4,8
167611,3.0,10.0,2.0,7.0,3.0,3.0,0.5,0.30000000000000004,20.0,100,9780.0,1,5,1,5,7
167611,3.0,10.0,2.0,7.0,3.0,3.0,0.5,0.30000000000000004,20.0,101,9760.0,1,5,1,4,7
167611,3.0,10.0,2.0,7.0,3.0,3.0,0.5,0.30000000000000004,20.0,102,9800.0,1,5,1,4,7
167611,3.0,10.0,2.0,7.0,3.0,3.0,0.5,0.30000000000000004,20.0,103,9780.0,2,5,1,4,8
167611,3.0,10.0,2.0,7.0,3.0,3.0,0.5,0.30000000000000004,20.0,104,9760.0,2,5,1,4,8
167611,3.0,10.0,2.0,7.0,3.0,3.0,0.5,0.30000000000000004,20.0,105,9760.0,2,4,1,4,7
167611,3.0,10.0,2.0,7.0,3.0,3.0,0.5,0.30000000000000004,20.0,106,9780.0,2,5,1,4,8
167611,3.0,10.0,2.0,7.0,3.0,3.0,0.5,0.30000000000000004,20.0,107,9780.0,2,5,1,3,8
167611,3.0,10.0,2.0,7.0,3.0,3.0,0.5,0.30000000000000004,20.0,108,9780.0,2,5,1,4,8
167611,3.0,10.0,2.0,7.0,3.0,3.0,0.5,0.30000000000000004,20.0,109,9780.0,1,6,0,4,7
167611,3.0,10.0,2.0,7.0,3.0,3.0,0.5,0.30000000000000004,20.0,110,9780.0,1,6,0,5,7
167611,3.0,10.0,2.0,7.0,3.0,3.0,0.5,0.30000000000000004,20.0,111,9760.0,1,6,0,5,7
167611,3.0,10.0,2.0,7.0,3.0,3.0,0.5,0.30000000000000004,20.0,112,9760.0,1,6,0,5,7
167611,3.0,10.0,2.0,7.0,3.0,3.0,0.5,0.30000000000000004,20.0,113,9760.0,1,7,0,5,8
167611,3.0,10.0,2.0,7.0,3.0,3.0,0.5,0.30000000000000004,20.0,114,9760.0,1,6,0,5,7
167611,3.0,10.0,2.0,7.0,3.0,3.0,0.5,0.30000000000000004,20.0,115,9780.0,1,6,0,4,7
167611,3.0,10.0,2.0,7.0,3.0,3.0,0.5,0.30000000000000004,20.0,116,9780.0,1,6,0,5,7
167611,3.0,10.0,2.0,7.0,3.0,3.0,0.5,0.30000000000000004,20.0,117,9780.0,1,6,0,5,7
167611,3.0,10.0,2.0,7.0,3.0,3.0,0.5,0.30000000000000004,20.0,118,9760.0,1,6,0,5,7
167611,3.0,10.0,2.0,7.0,3.0,3.0,0.5,0.30000000000000004,20.0,119,9760.0,1,6,0,5,7
167611,3.0,10.0,2.0,7.0,3.0,3.0,0.5,0.30000000000000004,20.0,120,9760.0,1,7,0,5,8
167611,3.0,10.0,2.0,7.0,3.0,3.0,0.5,0.30000000000000004,20.0,121,9780.0,1,6,0,4,7
167611,3.0,10.0,2.0,7.0,3.0,3.0,0.5,0.30000000000000004,20.0,122,9780.0,1,6,0,4,7
167611,3.0,10.0,2.0,7.0,3.0,3.0,0.5,0.30000000000000004,20.0,123,9800.0,1,5,1,4,7
167611,3.0,10.0,2.0,7.0,3.0,3.0,0.5,0.30000000000000004,20.0,124,9800.0,0,6,1,4,7
167611,3.0,10.0,2.0,7.0,3.0,3.0,0.5,0.30000000000000004,20.0,125,9780.0,0,6,1,5,7
167611,3.0,10.0,2.0,7.0,3.0,3.0,0.5,0.30000000000000004,20.0,126,9760.0,0,6,1,5,7
167611,3.0,10.0,2.0,7.0,3.0,3.0,0.5,0.30000000000000004,20.0,127,9780.0,0,5,1,5,6
167611,3.0,10.0,2.0,7.0,3.0,3.0,0.5,0.30000000000000004,20.0,128,9780.0,0,5,1,5,6
167611,3.0,10.0,2.0,7.0,3.0,3.0,0.5,0.30000000000000004,20.0,129,9780.0,0,6,1,5,7
167611,3.0,10.0,2.0,7.0,3.0,3.0,0.5,0.30000000000000004,20.0,130,9780.0,0,6,1,5,7
167611,3.0,10.0,2.0,7.0,3.0,3.0,0.5,0.30000000000000004,20.0,131,9760.0,0,6,2,5,8
167611,3.0,10.0,2.0,7.0,3.0,3.0,0.5,0.30000000000000004,20.0,132,9760.0,0,6,2,5,8
167611,3.0,10.0,2.0,7.0,3.0,3.0,0.5,0.30000000000000004,20.0,133,9740.0,0,6,2,4,8
167611,3.0,10.0,2.0,7.0,3.0,3.0,0.5,0.30000000000000004,20.0,134,9780.0,0,5,2,4,7
167611,3.0,10.0,2.0,7.0,3.0,3.0,0.5,0.30000000000000004,20.0,135,9780.0,0,5,2,4,7
167611,3.0,10.0,2.0,7.0,3.0,3.0,0.5,0.30000000000000004,20.0,136,9780.0,0,5,2,4,7
167611,3.0,10.0,2.0,7.0,3.0,3.0,0.5,0.30000000000000004,20.0,137,9780.0,0,5,2,4,7
167611,3.0,10.0,2.0,7.0,3.0,3.0,0.5,0.30000000000000004,20.0,138,9800.0,0,6,3,3,9
167611,3.0,10.0,2.0,7.0,3.0,3.0,0.5,0.30000000000000004,20.0,139,9780.0,0,6,3,3,9
167611,3.0,10.0,2.0,7.0,3.0,3.0,0.5,0.30000000000000004,20.0,140,9760.0,0,6,3,3,9
167611,3.0,10.0,2.0,7.0,3.0,3.0,0.5,0.30000000000000004,20.0,141,9760.0,0,6,3,3,9
167611,3.0,10.0,2.0,7.0,3.0,3.0,0.5,0.30000000000000004,20.0,142,9760.0,0,6,3,3,9
167611,3.0,10.0,2.0,7.0,3.0,3.0,0.5,0.30000000000000004,20.0,143,9760.0,0,6,3,3,9
167611,3.0,10.0,2.0,7.0,3.0,3.0,0.5,0.30000000000000004,20.0,144,9780.0,0,6,3,3,9
167611,3.0,10.0,2.0,7.0,3.0,3.0,0.5,0.30000000000000004,20.0,145,9780.0,0,5,3,3,8
167611,3.0,10.0,2.0,7.0,3.0,3.0,0.5,0.30000000000000004,20.0,146,9800.0,0,5,4,2,9
167611,3.0,10.0,2.0,7.0,3.0,3.0,0.5,0.30000000000000004,20.0,147,9780.0,0,5,5,2,10
167611,3.0,10.0,2.0,7.0,3.0,3.0,0.5,0.30000000000000004,20.0,148,9760.0,0,5,5,2,10
167611,3.0,10.0,2.0,7.0,3.0,3.0,0.5,0.30000000000000004,20.0,149,9760.0,0,5,5,2,10
167611,3.0,10.0,2.0,7.0,3.0,3.0,0.5,0.30000000000000004,20.0,150,9780.0,0,4,5,2,9
167611,3.0,10.0,2.0,7.0,3.0,3.0,0.5,0.30000000000000004,20.0,151,9800.0,0,3,5,2,8
167611,3.0,10.0,2.0,7.0,3.0,3.0,0.5,0.30000000000000004,20.0,152,9800.0,0,4,6,2,10
167611,3.0,10.0,2.0,7.0,3.0,3.0,0.5,0.30000000000000004,20.0,153,9800.0,0,4,5,1,9
167611,3.0,10.0,2.0,7.0,3.0,3.0,0.5,0.30000000000000004,20.0,154,9800.0,0,4,6,1,10
167611,3.0,10.0,2.0,7.0,3.0,3.0,0.5,0.30000000000000004,20.0,155,9780.0,0,4,7,1,11
167611,3.0,10.0,2.0,7.0,3.0,3.0,0.5,0.30000000000000004,20.0,156,9760.0,0,4,7,1,11
167611,3.0,10.0,2.0,7.0,3.0,3.0,0.5,0.30000000000000004,20.0,157,9760.0,0,4,7,1,11
167611,3.0,10.0,2.0,7.0,3.0,3.0,0.5,0.30000000000000004,20.0,158,9760.0,0,4,7,1,11
167611,3.0,10.0,2.0,7.0,3.0,3.0,0.5,0.30000000000000004,20.0,159,9780.0,0,4,6,1,10
167611,3.0,10.0,2.0,7.0,3.0,3.0,0.5,0.30000000000000004,20.0,160,9780.0,0,4,7,1,11
167611,3.0,10.0,2.0,7.0,3.0,3.0,0.5,0.30000000000000004,20.0,161,9780.0,0,3,8,1,11
167611,3.0,10.0,2.0,7.0,3.0,3.0,0.5,0.30000000000000004,20.0,162,9760.0,0,3,8,1,11
167611,3.0,10.0,2.0,7.0,3.0,3.0,0.5,0.30000000000000004,20.0,163,9760.0,0,3,8,1,11
167611,3.0,10.0,2.0,7.0,3.0,3.0,0.5,0.30000000000000004,20.0,164,9760.0,0,3,8,1,11
167611,3.0,10.0,2.0,7.0,3.0,3.0,0.5,0.30000000000000004,20.0,165,9760.0,0,3,8,1,11
167611,3.0,10.0,2.0,7.0,3.0,3.0,0.5,0.30000000000000004,20.0,166,9780.0,0,4,7,1,11
167611,3.0,10.0,2.0,7.0,3.0,3.0,0.5,0.30000000000000004,20.0,167,9780.0,0,3,8,1,11
167611,3.0,10.0,2.0,7.0,3.0,3.0,0.5,0.30000000000000004,20.0,168,9780.0,0,3,7,1,10
167611,3.0,10.0,2.0,7.0,3.0,3.0,0.5,0.30000000000000004,20.0,169,9800.0,0,3,7,1,10
167611,3.0,10.0,2.0,7.0,3.0,3.0,0.5,0.30000000000000004,20.0,170,9780.0,0,3,8,1,11
167611,3.0,10.0,2.0,7.0,3.0,3.0,0.5,0.30000000000000004,20.0,171,9760.0,0,3,8,1,11
167611,3.0,10.0,2.0,7.0,3.0,3.0,0.5,0.30000000000000004,20.0,172,9760.0,0,3,8,1,11
167611,3.0,10.0,2.0,7.0,3.0,3.0,0.5,0.30000000000000004,20.0,173,9760.0,0,4,8,1,12
167611,3.0,10.0,2.0,7.0,3.0,3.0,0.5,0.30000000000000004,20.0,174,9780.0,0,3,8,1,11
167611,3.0,10.0,2.0,7.0,3.0,3.0,0.5,0.30000000000000004,20.0,175,9760.0,0,3,8,1,11
167611,3.0,10.0,2.0,7.0,3.0,3.0,0.5,0.30000000000000004,20.0,176,9760.0,0,3,8,2,11
167611,3.0,10.0,2.0,7.0,3.0,3.0,0.5,0.30000000000000004,20.0,177,9780.0,0,3,7,2,10
167611,3.0,10.0,2.0,7.0,3.0,3.0,0.5,0.30000000000000004,20.0,178,9760.0,0,3,7,2,10
167611,3.0,10.0,2.0,7.0,3.0,3.0,0.5,0.30000000000000004,20.0,179,9760.0,0,3,7,2,10
167611,3.0,10.0,2.0,7.0,3.0,3.0,0.5,0.30000000000000004,20.0,180,9760.0,0,2,7,2,9
167611,3.0,10.0,2.0,7.0,3.0,3.0,0.5,0.30000000000000004,20.0,181,9800.0,0,3,6,2,9
167611,3.0,10.0,2.0,7.0,3.0,3.0,0.5,0.30000000000000004,20.0,182,9800.0,0,3,5,2,8
167611,3.0,10.0,2.0,7.0,3.0,3.0,0.5,0.30000000000000004,20.0,183,9800.0,0,3,6,2,9
167611,3.0,10.0,2.0,7.0,3.0,3.0,0.5,0.30000000000000004,20.0,184,9800.0,0,3,8,1,11
167611,3.0,10.0,2.0,7.0,3.0,3.0,0.5,0.30000000000000004,20.0,185,9760.0,0,3,8,1,11
167611,3.0,10.0,2.0,7.0,3.0,3.0,0.5,0.30000000000000004,20.0,186,9760.0,0,3,8,1,11
167611,3.0,10.0,2.0,7.0,3.0,3.0,0.5,0.30000000000000004,20.0,187,9760.0,0,3,8,1,11
167611,3.0,10.0,2.0,7.0,3.0,3.0,0.5,0.30000000000000004,20.0,188,9760.0,0,3,9,1,12
167611,3.0,10.0,2.0,7.0,3.0,3.0,0.5,0.30000000000000004,20.0,189,9780.0,0,2,8,1,10
167611,3.0,10.0,2.0,7.0,3.0,3.0,0.5,0.30000000000000004,20.0,190,9780.0,0,2,9,1,11
167611,3.0,10.0,2.0,7.0,3.0,3.0,0.5,0.30000000000000004,20.0,191,9780.0,0,2,9,1,11
167611,3.0,10.0,2.0,7.0,3.0,3.0,0.5,0.30000000000000004,20.0,192,9780.0,0,2,9,1,11
167611,3.0,10.0,2.0,7.0,3.0,3.0,0.5,0.30000000000000004,20.0,193,9760.0,0,2,9,1,11
167611,3.0,10.0,2.0,7.0,3.0,3.0,0.5,0.30000000000000004,20.0,194,9780.0,0,1,9,1,10
167611,3.0,10.0,2.0,7.0,3.0,3.0,0.5,0.30000000000000004,20.0,195,9800.0,0,1,9,1,10
167611,3.0,10.0,2.0,7.0,3.0,3.0,0.5,0.30000000000000004,20.0,196,9780.0,0,1,9,1,10
167611,3.0,10.0,2.0,7.0,3.0,3.0,0.5,0.30000000000000004,20.0,197,9780.0,0,1,10,1,11
167611,3.0,10.0,2.0,7.0,3.0,3.0,0.5,0.30000000000000004,20.0,198,9760.0,0,1,10,1,11
167611,3.0,10.0,2.0,7.0,3.0,3.0,0.5,0.30000000000000004,20.0,199,9780.0,0,1,11,1,12
167611,3.0,10.0,2.0,7.0,3.0,3.0,0.5,0.30000000000000004,20.0,200,9760.0,0,1,11,0,12
167611,3.0,10.0,2.0,7.0,3.0,3.0,0.5,0.30000000000000004,20.0,201,9760.0,0,1,11,0,12
167611,3.0,10.0,2.0,7.0,3.0,3.0,0.5,0.30000000000000004,20.0,202,9760.0,0,1,12,0,13
167611,3.0,10.0,2.0,7.0,3.0,3.0,0.5,0.30000000000000004,20.0,203,9760.0,0,0,12,0,12
167611,3.0,10.0,2.0,7.0,3.0,3.0,0.5,0.30000000000000004,20.0,204,9780.0,0,0,12,0,12
167611,3.0,10.0,2.0,7.0,3.0,3.0,0.5,0.30000000000000004,20.0,205,9760.0,0,0,12,0,12
167611,3.0,10.0,2.0,7.0,3.0,3.0,0.5,0.30000000000000004,20.0,206,9800.0,0,0,11,0,11
167611,3.0,10.0,2.0,7.0,3.0,3.0,0.5,0.30000000000000004,20.0,207,9780.0,0,0,12,0,12
167611,3.0,10.0,2.0,7.0,3.0,3.0,0.5,0.30000000000000004,20.0,208,9760.0,0,0,12,0,12
167611,3.0,10.0,2.0,7.0,3.0,3.0,0.5,0.30000000000000004,20.0,209,9780.0,0,0,11,0,11
167611,3.0,10.0,2.0,7.0,3.0,3.0,0.5,0.30000000000000004,20.0,210,9780.0,0,0,12,0,12
167611,3.0,10.0,2.0,7.0,3.0,3.0,0.5,0.30000000000000004,20.0,211,9760.0,0,0,12,0,12
167611,3.0,10.0,2.0,7.0,3.0,3.0,0.5,0.30000000000000004,20.0,212,9760.0,0,0,13,0,13
167611,3.0,10.0,2.0,7.0,3.0,3.0,0.5,0.30000000000000004,20.0,213,9780.0,0,0,12,0,12
167611,3.0,10.0,2.0,7.0,3.0,3.0,0.5,0.30000000000000004,20.0,214,9780.0,0,0,12,0,12
167611,3.0,10.0,2.0,7.0,3.0,3.0,0.5,0.30000000000000004,20.0,215,9760.0,0,0,12,0,12
167611,3.0,10.0,2.0,7.0,3.0,3.0,0.5,0.30000000000000004,20.0,216,9780.0,0,0,11,0,11
167611,3.0,10.0,2.0,7.0,3.0,3.0,0.5,0.30000000000000004,20.0,217,9780.0,0,0,11,0,11
167611,3.0,10.0,2.0,7.0,3.0,3.0,0.5,0.30000000000000004,20.0,218,9800.0,0,0,11,0,11
167611,3.0,10.0,2.0,7.0,3.0,3.0,0.5,0.30000000000000004,20.0,219,9780.0,0,0,11,0,11
167611,3.0,10.0,2.0,7.0,3.0,3.0,0.5,0.30000000000000004,20.0,220,9800.0,0,0,11,0,11
167611,3.0,10.0,2.0,7.0,3.0,3.0,0.5,0.30000000000000004,20.0,221,9800.0,0,0,11,0,11
167611,3.0,10.0,2.0,7.0,3.0,3.0,0.5,0.30000000000000004,20.0,222,9780.0,0,0,12,0,12
167611,3.0,10.0,2.0,7.0,3.0,3.0,0.5,0.30000000000000004,20.0,223,9760.0,0,0,12,0,12
167611,3.0,10.0,2.0,7.0,3.0,3.0,0.5,0.30000000000000004,20.0,224,9760.0,0,0,12,0,12
167611,3.0,10.0,2.0,7.0,3.0,3.0,0.5,0.30000000000000004,20.0,225,9760.0,0,0,12,0,12
167611,3.0,10.0,2.0,7.0,3.0,3.0,0.5,0.30000000000000004,20.0,226,9760.0,0,0,12,0,12
167611,3.0,10.0,2.0,7.0,3.0,3.0,0.5,0.30000000000000004,20.0,227,9780.0,0,0,12,0,12
167611,3.0,10.0,2.0,7.0,3.0,3.0,0.5,0.30000000000000004,20.0,228,9800.0,0,0,10,0,10
167611,3.0,10.0,2.0,7.0,3.0,3.0,0.5,0.30000000000000004,20.0,229,9800.0,0,0,11,0,11
167611,3.0,10.0,2.0,7.0,3.0,3.0,0.5,0.30000000000000004,20.0,230,9780.0,0,0,12,0,12
167611,3.0,10.0,2.0,7.0,3.0,3.0,0.5,0.30000000000000004,20.0,231,9760.0,0,0,12,0,12
167611,3.0,10.0,2.0,7.0,3.0,3.0,0.5,0.30000000000000004,20.0,232,9760.0,0,0,13,0,13
167611,3.0,10.0,2.0,7.0,3.0,3.0,0.5,0.30000000000000004,20.0,233,9760.0,0,0,11,0,11
167611,3.0,10.0,2.0,7.0,3.0,3.0,0.5,0.30000000000000004,20.0,234,9780.0,0,0,11,0,11
167611,3.0,10.0,2.0,7.0,3.0,3.0,0.5,0.30000000000000004,20.0,235,9780.0,0,0,12,0,12
167611,3.0,10.0,2.0,7.0,3.0,3.0,0.5,0.30000000000000004,20.0,236,9780.0,0,0,12,0,12
167611,3.0,10.0,2.0,7.0,3.0,3.0,0.5,0.30000000000000004,20.0,237,9780.0,0,0,11,0,11
167611,3.0,10.0,2.0,7.0,3.0,3.0,0.5,0.30000000000000004,20.0,238,9780.0,0,0,12,0,12
167611,3.0,10.0,2.0,7.0,3.0,3.0,0.5,0.30000000000000004,20.0,239,9780.0,0,0,11,0,11
167611,3.0,10.0,2.0,7.0,3.0,3.0,0.5,0.30000000000000004,20.0,240,9780.0,0,0,12,0,12
167611,3.0,10.0,2.0,7.0,3.0,3.0,0.5,0.30000000000000004,20.0,241,9760.0,0,0,12,0,12
167611,3.0,10.0,2.0,7.0,3.0,3.0,0.5,0.30000000000000004,20.0,242,9800.0,0,0,11,0,11
167611,3.0,10.0,2.0,7.0,3.0,3.0,0.5,0.30000000000000004,20.0,243,9780.0,0,0,12,0,12
167611,3.0,10.0,2.0,7.0,3.0,3.0,0.5,0.30000000000000004,20.0,244,9760.0,0,0,12,0,12
167611,3.0,10.0,2.0,7.0,3.0,3.0,0.5,0.30000000000000004,20.0,245,9760.0,0,0,12,0,12
167611,3.0,10.0,2.0,7.0,3.0,3.0,0.5,0.30000000000000004,20.0,246,9780.0,0,0,12,0,12
167611,3.0,10.0,2.0,7.0,3.0,3.0,0.5,0.30000000000000004,20.0,247,9780.0,0,0,11,0,11
167611,3.0,10.0,2.0,7.0,3.0,3.0,0.5,0.30000000000000004,20.0,248,9800.0,0,0,11,0,11
167611,3.0,10.0,2.0,7.0,3.0,3.0,0.5,0.30000000000000004,20.0,249,9780.0,0,0,12,0,12
167611,3.0,10.0,2.0,7.0,3.0,3.0,0.5,0.30000000000000004,20.0,250,9780.0,0,0,12,0,12
167611,3.0,10.0,2.0,7.0,3.0,3.0,0.5,0.30000000000000004,20.0,251,9780.0,0,0,11,0,11
167611,3.0,10.0,2.0,7.0,3.0,3.0,0.5,0.30000000000000004,20.0,252,9780.0,0,0,11,0,11
167611,3.0,10.0,2.0,7.0,3.0,3.0,0.5,0.30000000000000004,20.0,253,9780.0,0,0,11,0,11
167611,3.0,10.0,2.0,7.0,3.0,3.0,0.5,0.30000000000000004,20.0,254,9800.0,0,0,11,0,11
167611,3.0,10.0,2.0,7.0,3.0,3.0,0.5,0.30000000000000004,20.0,255,9780.0,0,0,11,0,11
167611,3.0,10.0,2.0,7.0,3.0,3.0,0.5,0.30000000000000004,20.0,256,9800.0,0,0,11,0,11
167611,3.0,10.0,2.0,7.0,3.0,3.0,0.5,0.30000000000000004,20.0,257,9780.0,0,0,12,0,12
167611,3.0,10.0,2.0,7.0,3.0,3.0,0.5,0.30000000000000004,20.0,258,9780.0,0,0,12,0,12
167611,3.0,10.0,2.0,7.0,3.0,3.0,0.5,0.30000000000000004,20.0,259,9760.0,0,0,12,0,12
167611,3.0,10.0,2.0,7.0,3.0,3.0,0.5,0.30000000000000004,20.0,260,9760.0,0,0,12,0,12
167611,3.0,10.0,2.0,7.0,3.0,3.0,0.5,0.30000000000000004,20.0,261,9780.0,0,0,11,0,11
167611,3.0,10.0,2.0,7.0,3.0,3.0,0.5,0.30000000000000004,20.0,262,9800.0,0,0,11,0,11
167611,3.0,10.0,2.0,7.0,3.0,3.0,0.5,0.30000000000000004,20.0,263,9800.0,0,0,11,0,11
167611,3.0,10.0,2.0,7.0,3.0,3.0,0.5,0.30000000000000004,20.0,264,9780.0,0,0,11,0,11
167611,3.0,10.0,2.0,7.0,3.0,3.0,0.5,0.30000000000000004,20.0,265,9800.0,0,0,11,0,11
167611,3.0,10.0,2.0,7.0,3.0,3.0,0.5,0.30000000000000004,20.0,266,9780.0,0,0,12,0,12
167611,3.0,10.0,2.0,7.0,3.0,3.0,0.5,0.30000000000000004,20.0,267,9780.0,0,0,11,0,11
167611,3.0,10.0,2.0,7.0,3.0,3.0,0.5,0.30000000000000004,20.0,268,9780.0,0,0,11,0,11
167611,3.0,10.0,2.0,7.0,3.0,3.0,0.5,0.30000000000000004,20.0,269,9780.0,0,0,12,0,12
167611,3.0,10.0,2.0,7.0,3.0,3.0,0.5,0.30000000000000004,20.0,270,9780.0,0,0,11,0,11
167611,3.0,10.0,2.0,7.0,3.0,3.0,0.5,0.30000000000000004,20.0,271,9780.0,0,0,12,0,12
167611,3.0,10.0,2.0,7.0,3.0,3.0,0.5,0.30000000000000004,20.0,272,9760.0,0,0,13,0,13
167611,3.0,10.0,2.0,7.0,3.0,3.0,0.5,0.30000000000000004,20.0,273,9780.0,0,0,12,0,12
167611,3.0,10.0,2.0,7.0,3.0,3.0,0.5,0.30000000000000004,20.0,274,9760.0,0,0,12,0,12
167611,3.0,10.0,2.0,7.0,3.0,3.0,0.5,0.30000000000000004,20.0,275,9760.0,0,0,12,0,12
167611,3.0,10.0,2.0,7.0,3.0,3.0,0.5,0.30000000000000004,20.0,276,9760.0,0,0,12,0,12
167611,3.0,10.0,2.0,7.0,3.0,3.0,0.5,0.30000000000000004,20.0,277,9800.0,0,0,10,0,10
167611,3.0,10.0,2.0,7.0,3.0,3.0,0.5,0.30000000000000004,20.0,278,9820.0,0,0,11,0,11
167611,3.0,10.0,2.0,7.0,3.0,3.0,0.5,0.30000000000000004,20.0,279,9780.0,0,0,12,0,12
167611,3.0,10.0,2.0,7.0,3.0,3.0,0.5,0.30000000000000004,20.0,280,9760.0,0,0,12,0,12
167611,3.0,10.0,2.0,7.0,3.0,3.0,0.5,0.30000000000000004,20.0,281,9780.0,0,0,11,0,11
167611,3.0,10.0,2.0,7.0,3.0,3.0,0.5,0.30000000000000004,20.0,282,9780.0,0,0,12,0,12
167611,3.0,10.0,2.0,7.0,3.0,3.0,0.5,0.30000000000000004,20.0,283,9760.0,0,0,12,0,12
167611,3.0,10.0,2.0,7.0,3.0,3.0,0.5,0.30000000000000004,20.0,284,9760.0,0,0,12,0,12
167611,3.0,10.0,2.0,7.0,3.0,3.0,0.5,0.30000000000000004,20.0,285,9800.0,0,0,11,0,11
167611,3.0,10.0,2.0,7.0,3.0,3.0,0.5,0.30000000000000004,20.0,286,9800.0,0,0,11,0,11
167611,3.0,10.0,2.0,7.0,3.0,3.0,0.5,0.30000000000000004,20.0,287,9780.0,0,0,12,0,12
167611,3.0,10.0,2.0,7.0,3.0,3.0,0.5,0.30000000000000004,20.0,288,9760.0,0,0,12,0,12
167611,3.0,10.0,2.0,7.0,3.0,3.0,0.5,0.30000000000000004,20.0,289,9780.0,0,0,12,0,12
167611,3.0,10.0,2.0,7.0,3.0,3.0,0.5,0.30000000000000004,20.0,290,9760.0,0,0,12,0,12
167611,3.0,10.0,2.0,7.0,3.0,3.0,0.5,0.30000000000000004,20.0,291,9760.0,0,0,12,0,12
167611,3.0,10.0,2.0,7.0,3.0,3.0,0.5,0.30000000000000004,20.0,292,9780.0,0,0,12,0,12
167611,3.0,10.0,2.0,7.0,3.0,3.0,0.5,0.30000000000000004,20.0,293,9780.0,0,0,11,0,11
167611,3.0,10.0,2.0,7.0,3.0,3.0,0.5,0.30000000000000004,20.0,294,9780.0,0,0,12,0,12
167611,3.0,10.0,2.0,7.0,3.0,3.0,0.5,0.30000000000000004,20.0,295,9760.0,0,0,12,0,12
167611,3.0,10.0,2.0,7.0,3.0,3.0,0.5,0.30000000000000004,20.0,296,9780.0,0,0,11,0,11
167611,3.0,10.0,2.0,7.0,3.0,3.0,0.5,0.30000000000000004,20.0,297,9780.0,0,0,12,0,12
167611,3.0,10.0,2.0,7.0,3.0,3.0,0.5,0.30000000000000004,20.0,298,9760.0,0,0,12,0,12
167611,3.0,10.0,2.0,7.0,3.0,3.0,0.5,0.30000000000000004,20.0,299,9800.0,0,0,10,0,10
167611,3.0,10.0,2.0,7.0,3.0,3.0,0.5,0.30000000000000004,20.0,300,9800.0,0,0,10,0,10
167611,3.0,10.0,2.0,7.0,3.0,3.0,0.5,0.30000000000000004,20.0,301,9800.0,0,0,11,0,11
167611,3.0,10.0,2.0,7.0,3.0,3.0,0.5,0.30000000000000004,20.0,302,9780.0,0,0,12,0,12
167611,3.0,10.0,2.0,7.0,3.0,3.0,0.5,0.30000000000000004,20.0,303,9760.0,0,0,12,0,12
167611,3.0,10.0,2.0,7.0,3.0,3.0,0.5,0.30000000000000004,20.0,304,9780.0,0,0,12,0,12
167611,3.0,10.0,2.0,7.0,3.0,3.0,0.5,0.30000000000000004,20.0,305,9760.0,0,0,12,0,12
167611,3.0,10.0,2.0,7.0,3.0,3.0,0.5,0.30000000000000004,20.0,306,9760.0,0,0,12,0,12
167611,3.0,10.0,2.0,7.0,3.0,3.0,0.5,0.30000000000000004,20.0,307,9780.0,0,1,10,0,11
167611,3.0,10.0,2.0,7.0,3.0,3.0,0.5,0.30000000000000004,20.0,308,9780.0,0,1,11,0,12
167611,3.0,10.0,2.0,7.0,3.0,3.0,0.5,0.30000000000000004,20.0,309,9780.0,0,1,10,0,11
167611,3.0,10.0,2.0,7.0,3.0,3.0,0.5,0.30000000000000004,20.0,310,9800.0,0,1,10,0,11
167611,3.0,10.0,2.0,7.0,3.0,3.0,0.5,0.30000000000000004,20.0,311,9780.0,0,1,10,0,11
167611,3.0,10.0,2.0,7.0,3.0,3.0,0.5,0.30000000000000004,20.0,312,9780.0,0,1,11,0,12
167611,3.0,10.0,2.0,7.0,3.0,3.0,0.5,0.30000000000000004,20.0,313,9780.0,0,1,10,0,11
167611,3.0,10.0,2.0,7.0,3.0,3.0,0.5,0.30000000000000004,20.0,314,9780.0,0,1,11,0,12
167611,3.0,10.0,2.0,7.0,3.0,3.0,0.5,0.30000000000000004,20.0,315,9780.0,0,1,10,0,11
167611,3.0,10.0,2.0,7.0,3.0,3.0,0.5,0.30000000000000004,20.0,316,9800.0,0,1,10,0,11
167611,3.0,10.0,2.0,7.0,3.0,3.0,0.5,0.30000000000000004,20.0,317,9780.0,0,1,10,0,11
167611,3.0,10.0,2.0,7.0,3.0,3.0,0.5,0.30000000000000004,20.0,318,9780.0,0,1,11,0,12
167611,3.0,10.0,2.0,7.0,3.0,3.0,0.5,0.30000000000000004,20.0,319,9760.0,0,1,11,0,12
167611,3.0,10.0,2.0,7.0,3.0,3.0,0.5,0.30000000000000004,20.0,320,9760.0,0,1,11,0,12
167611,3.0,10.0,2.0,7.0,3.0,3.0,0.5,0.30000000000000004,20.0,321,9780.0,0,1,10,0,11
167611,3.0,10.0,2.0,7.0,3.0,3.0,0.5,0.30000000000000004,20.0,322,9780.0,0,1,11,0,12
167611,3.0,10.0,2.0,7.0,3.0,3.0,0.5,0.30000000000000004,20.0,323,9780.0,0,1,10,0,11
167611,3.0,10.0,2.0,7.0,3.0,3.0,0.5,0.30000000000000004,20.0,324,9780.0,0,1,11,0,12
167611,3.0,10.0,2.0,7.0,3.0,3.0,0.5,0.30000000000000004,20.0,325,9780.0,0,1,10,0,11
167611,3.0,10.0,2.0,7.0,3.0,3.0,0.5,0.30000000000000004,20.0,326,9800.0,0,1,10,0,11
167611,3.0,10.0,2.0,7.0,3.0,3.0,0.5,0.30000000000000004,20.0,327,9780.0,0,1,11,0,12
167611,3.0,10.0,2.0,7.0,3.0,3.0,0.5,0.30000000000000004,20.0,328,9760.0,0,1,11,0,12
167611,3.0,10.0,2.0,7.0,3.0,3.0,0.5,0.30000000000000004,20.0,329,9800.0,0,0,11,0,11
167611,3.0,10.0,2.0,7.0,3.0,3.0,0.5,0.30000000000000004,20.0,330,9780.0,0,0,11,0,11
167611,3.0,10.0,2.0,7.0,3.0,3.0,0.5,0.30000000000000004,20.0,331,9780.0,0,0,10,0,10
167611,3.0,10.0,2.0,7.0,3.0,3.0,0.5,0.30000000000000004,20.0,332,9800.0,0,0,11,0,11
167611,3.0,10.0,2.0,7.0,3.0,3.0,0.5,0.30000000000000004,20.0,333,9800.0,0,0,11,0,11
167611,3.0,10.0,2.0,7.0,3.0,3.0,0.5,0.30000000000000004,20.0,334,9780.0,0,0,11,0,11
167611,3.0,10.0,2.0,7.0,3.0,3.0,0.5,0.30000000000000004,20.0,335,9780.0,0,0,12,0,12
167611,3.0,10.0,2.0,7.0,3.0,3.0,0.5,0.30000000000000004,20.0,336,9780.0,0,0,12,0,12
167611,3.0,10.0,2.0,7.0,3.0,3.0,0.5,0.30000000000000004,20.0,337,9760.0,0,0,12,0,12
167611,3.0,10.0,2.0,7.0,3.0,3.0,0.5,0.30000000000000004,20.0,338,9760.0,0,0,12,0,12
167611,3.0,10.0,2.0,7.0,3.0,3.0,0.5,0.30000000000000004,20.0,339,9780.0,0,0,11,0,11
167611,3.0,10.0,2.0,7.0,3.0,3.0,0.5,0.30000000000000004,20.0,340,9800.0,0,0,11,0,11
167611,3.0,10.0,2.0,7.0,3.0,3.0,0.5,0.30000000000000004,20.0,341,9780.0,0,0,12,0,12
167611,3.0,10.0,2.0,7.0,3.0,3.0,0.5,0.30000000000000004,20.0,342,9760.0,0,0,12,0,12
167611,3.0,10.0,2.0,7.0,3.0,3.0,0.5,0.30000000000000004,20.0,343,9780.0,0,0,12,0,12
167611,3.0,10.0,2.0,7.0,3.0,3.0,0.5,0.30000000000000004,20.0,344,9760.0,0,0,12,0,12
167611,3.0,10.0,2.0,7.0,3.0,3.0,0.5,0.30000000000000004,20.0,345,9760.0,0,0,12,0,12
167611,3.0,10.0,2.0,7.0,3.0,3.0,0.5,0.30000000000000004,20.0,346,9760.0,0,0,12,0,12
167611,3.0,10.0,2.0,7.0,3.0,3.0,0.5,0.30000000000000004,20.0,347,9800.0,0,0,11,0,11
167611,3.0,10.0,2.0,7.0,3.0,3.0,0.5,0.30000000000000004,20.0,348,9780.0,0,0,11,0,11
167611,3.0,10.0,2.0,7.0,3.0,3.0,0.5,0.30000000000000004,20.0,349,9800.0,0,0,11,0,11
167611,3.0,10.0,2.0,7.0,3.0,3.0,0.5,0.30000000000000004,20.0,350,9800.0,0,0,11,0,11
167611,3.0,10.0,2.0,7.0,3.0,3.0,0.5,0.30000000000000004,20.0,351,9780.0,0,0,11,0,11
167611,3.0,10.0,2.0,7.0,3.0,3.0,0.5,0.30000000000000004,20.0,352,9780.0,0,0,12,0,12
167611,3.0,10.0,2.0,7.0,3.0,3.0,0.5,0.30000000000000004,20.0,353,9780.0,0,0,11,0,11
167611,3.0,10.0,2.0,7.0,3.0,3.0,0.5,0.30000000000000004,20.0,354,9780.0,0,0,11,0,11
167611,3.0,10.0,2.0,7.0,3.0,3.0,0.5,0.30000000000000004,20.0,355,9800.0,0,0,11,0,11
167611,3.0,10.0,2.0,7.0,3.0,3.0,0.5,0.30000000000000004,20.0,356,9780.0,0,0,12,0,12
167611,3.0,10.0,2.0,7.0,3.0,3.0,0.5,0.30000000000000004,20.0,357,9800.0,0,0,10,0,10
167611,3.0,10.0,2.0,7.0,3.0,3.0,0.5,0.30000000000000004,20.0,358,9800.0,0,1,10,0,11
167611,3.0,10.0,2.0,7.0,3.0,3.0,0.5,0.30000000000000004,20.0,359,9780.0,0,1,11,0,12
167611,3.0,10.0,2.0,7.0,3.0,3.0,0.5,0.30000000000000004,20.0,360,9760.0,0,1,11,0,12
167611,3.0,10.0,2.0,7.0,3.0,3.0,0.5,0.30000000000000004,20.0,361,9760.0,0,1,11,0,12
167611,3.0,10.0,2.0,7.0,3.0,3.0,0.5,0.30000000000000004,20.0,362,9760.0,0,1,11,0,12
167611,3.0,10.0,2.0,7.0,3.0,3.0,0.5,0.30000000000000004,20.0,363,9760.0,0,1,12,0,13
167611,3.0,10.0,2.0,7.0,3.0,3.0,0.5,0.30000000000000004,20.0,364,9760.0,0,1,11,0,12
167611,3.0,10.0,2.0,7.0,3.0,3.0,0.5,0.30000000000000004,20.0,365,9780.0,0,1,11,0,12
167611,3.0,10.0,2.0,7.0,3.0,3.0,0.5,0.30000000000000004,20.0,366,9780.0,0,1,11,0,12
167611,3.0,10.0,2.0,7.0,3.0,3.0,0.5,0.30000000000000004,20.0,367,9760.0,0,1,11,0,12
167611,3.0,10.0,2.0,7.0,3.0,3.0,0.5,0.30000000000000004,20.0,368,9760.0,0,1,11,0,12
167611,3.0,10.0,2.0,7.0,3.0,3.0,0.5,0.30000000000000004,20.0,369,9780.0,0,1,10,0,11
167611,3.0,10.0,2.0,7.0,3.0,3.0,0.5,0.30000000000000004,20.0,370,9800.0,0,1,9,0,10
167611,3.0,10.0,2.0,7.0,3.0,3.0,0.5,0.30000000000000004,20.0,371,9820.0,0,1,9,0,10
167611,3.0,10.0,2.0,7.0,3.0,3.0,0.5,0.30000000000000004,20.0,372,9800.0,0,2,10,0,12
167611,3.0,10.0,2.0,7.0,3.0,3.0,0.5,0.30000000000000004,20.0,373,9780.0,0,2,10,0,12
167611,3.0,10.0,2.0,7.0,3.0,3.0,0.5,0.30000000000000004,20.0,374,9760.0,0,2,10,0,12
167611,3.0,10.0,2.0,7.0,3.0,3.0,0.5,0.30000000000000004,20.0,375,9760.0,0,2,10,0,12
167611,3.0,10.0,2.0,7.0,3.0,3.0,0.5,0.30000000000000004,20.0,376,9760.0,0,2,10,0,12
167611,3.0,10.0,2.0,7.0,3.0,3.0,0.5,0.30000000000000004,20.0,377,9760.0,0,2,10,0,12
167611,3.0,10.0,2.0,7.0,3.0,3.0,0.5,0.30000000000000004,20.0,378,9800.0,0,2,8,0,10
167611,3.0,10.0,2.0,7.0,3.0,3.0,0.5,0.30000000000000004,20.0,379,9800.0,0,2,11,0,13
167611,3.0,10.0,2.0,7.0,3.0,3.0,0.5,0.30000000000000004,20.0,380,9780.0,0,1,10,0,11
167611,3.0,10.0,2.0,7.0,3.0,3.0,0.5,0.30000000000000004,20.0,381,9780.0,0,1,11,0,12
167611,3.0,10.0,2.0,7.0,3.0,3.0,0.5,0.30000000000000004,20.0,382,9760.0,0,1,11,0,12
167611,3.0,10.0,2.0,7.0,3.0,3.0,0.5,0.30000000000000004,20.0,383,9760.0,0,1,11,0,12
167611,3.0,10.0,2.0,7.0,3.0,3.0,0.5,0.30000000000000004,20.0,384,9760.0,0,1,11,0,12
167611,3.0,10.0,2.0,7.0,3.0,3.0,0.5,0.30000000000000004,20.0,385,9760.0,0,1,11,0,12
167611,3.0,10.0,2.0,7.0,3.0,3.0,0.5,0.30000000000000004,20.0,386,9800.0,0,2,10,0,12
167611,3.0,10.0,2.0,7.0,3.0,3.0,0.5,0.30000000000000004,20.0,387,9780.0,0,2,10,0,12
167611,3.0,10.0,2.0,7.0,3.0,3.0,0.5,0.30000000000000004,20.0,388,9780.0,0,2,10,0,12
167611,3.0,10.0,2.0,7.0,3.0,3.0,0.5,0.30000000000000004,20.0,389,9760.0,0,2,10,0,12
167611,3.0,10.0,2.0,7.0,3.0,3.0,0.5,0.30000000000000004,20.0,390,9760.0,0,2,10,0,12
167611,3.0,10.0,2.0,7.0,3.0,3.0,0.5,0.30000000000000004,20.0,391,9760.0,0,2,10,0,12
167611,3.0,10.0,2.0,7.0,3.0,3.0,0.5,0.30000000000000004,20.0,392,9760.0,0,2,10,0,12
167611,3.0,10.0,2.0,7.0,3.0,3.0,0.5,0.30000000000000004,20.0,393,9820.0,0,1,9,0,10
167611,3.0,10.0,2.0,7.0,3.0,3.0,0.5,0.30000000000000004,20.0,394,9800.0,0,1,10,0,11
167611,3.0,10.0,2.0,7.0,3.0,3.0,0.5,0.30000000000000004,20.0,395,9800.0,0,1,10,0,11
167611,3.0,10.0,2.0,7.0,3.0,3.0,0.5,0.30000000000000004,20.0,396,9780.0,0,1,11,0,12
167611,3.0,10.0,2.0,7.0,3.0,3.0,0.5,0.30000000000000004,20.0,397,9760.0,0,1,11,0,12
167611,3.0,10.0,2.0,7.0,3.0,3.0,0.5,0.30000000000000004,20.0,398,9760.0,0,1,11,0,12
167611,3.0,10.0,2.0,7.0,3.0,3.0,0.5,0.30000000000000004,20.0,399,9760.0,0,1,11,0,12
167611,3.0,10.0,2.0,7.0,3.0,3.0,0.5,0.30000000000000004,20.0,400,9780.0,0,1,10,0,11
167611,3.0,10.0,2.0,7.0,3.0,3.0,0.5,0.30000000000000004,20.0,401,9780.0,0,1,11,0,12
167611,3.0,10.0,2.0,7.0,3.0,3.0,0.5,0.30000000000000004,20.0,402,9780.0,0,1,11,0,12
167611,3.0,10.0,2.0,7.0,3.0,3.0,0.5,0.30000000000000004,20.0,403,9780.0,0,1,11,0,12
167611,3.0,10.0,2.0,7.0,3.0,3.0,0.5,0.30000000000000004,20.0,404,9760.0,0,1,11,0,12
167611,3.0,10.0,2.0,7.0,3.0,3.0,0.5,0.30000000000000004,20.0,405,9760.0,0,1,11,0,12
167611,3.0,10.0,2.0,7.0,3.0,3.0,0.5,0.30000000000000004,20.0,406,9760.0,0,1,11,0,12
167611,3.0,10.0,2.0,7.0,3.0,3.0,0.5,0.30000000000000004,20.0,407,9760.0,0,1,11,0,12
167611,3.0,10.0,2.0,7.0,3.0,3.0,0.5,0.30000000000000004,20.0,408,9800.0,0,0,11,0,11
167611,3.0,10.0,2.0,7.0,3.0,3.0,0.5,0.30000000000000004,20.0,409,9780.0,0,0,12,0,12
167611,3.0,10.0,2.0,7.0,3.0,3.0,0.5,0.30000000000000004,20.0,410,9800.0,0,0,11,0,11
167611,3.0,10.0,2.0,7.0,3.0,3.0,0.5,0.30000000000000004,20.0,411,9780.0,0,0,12,0,12
167611,3.0,10.0,2.0,7.0,3.0,3.0,0.5,0.30000000000000004,20.0,412,9760.0,0,0,12,0,12
167611,3.0,10.0,2.0,7.0,3.0,3.0,0.5,0.30000000000000004,20.0,413,9760.0,0,0,12,0,12
167611,3.0,10.0,2.0,7.0,3.0,3.0,0.5,0.30000000000000004,20.0,414,9780.0,0,0,11,0,11
167611,3.0,10.0,2.0,7.0,3.0,3.0,0.5,0.30000000000000004,20.0,415,9780.0,0,0,12,0,12
167611,3.0,10.0,2.0,7.0,3.0,3.0,0.5,0.30000000000000004,20.0,416,9760.0,0,0,13,0,13
167611,3.0,10.0,2.0,7.0,3.0,3.0,0.5,0.30000000000000004,20.0,417,9780.0,0,0,12,0,12
167611,3.0,10.0,2.0,7.0,3.0,3.0,0.5,0.30000000000000004,20.0,418,9780.0,0,0,12,0,12
167611,3.0,10.0,2.0,7.0,3.0,3.0,0.5,0.30000000000000004,20.0,419,9760.0,0,0,12,0,12
167611,3.0,10.0,2.0,7.0,3.0,3.0,0.5,0.30000000000000004,20.0,420,9760.0,0,0,12,0,12
167611,3.0,10.0,2.0,7.0,3.0,3.0,0.5,0.30000000000000004,20.0,421,9760.0,0,0,12,0,12
167611,3.0,10.0,2.0,7.0,3.0,3.0,0.5,0.30000000000000004,20.0,422,9780.0,0,0,12,0,12
167611,3.0,10.0,2.0,7.0,3.0,3.0,0.5,0.30000000000000004,20.0,423,9780.0,0,0,11,0,11
167611,3.0,10.0,2.0,7.0,3.0,3.0,0.5,0.30000000000000004,20.0,424,9800.0,0,0,11,0,11
167611,3.0,10.0,2.0,7.0,3.0,3.0,0.5,0.30000000000000004,20.0,425,9800.0,0,0,11,0,11
167611,3.0,10.0,2.0,7.0,3.0,3.0,0.5,0.30000000000000004,20.0,426,9780.0,0,0,12,0,12
167611,3.0,10.0,2.0,7.0,3.0,3.0,0.5,0.30000000000000004,20.0,427,9760.0,0,0,12,0,12
167611,3.0,10.0,2.0,7.0,3.0,3.0,0.5,0.30000000000000004,20.0,428,9760.0,0,0,12,0,12
167611,3.0,10.0,2.0,7.0,3.0,3.0,0.5,0.30000000000000004,20.0,429,9780.0,0,0,12,0,12
167611,3.0,10.0,2.0,7.0,3.0,3.0,0.5,0.30000000000000004,20.0,430,9760.0,0,0,12,0,12
167611,3.0,10.0,2.0,7.0,3.0,3.0,0.5,0.30000000000000004,20.0,431,9800.0,0,0,10,0,10
167611,3.0,10.0,2.0,7.0,3.0,3.0,0.5,0.30000000000000004,20.0,432,9800.0,0,0,12,0,12
167611,3.0,10.0,2.0,7.0,3.0,3.0,0.5,0.30000000000000004,20.0,433,9760.0,0,0,13,0,13
167611,3.0,10.0,2.0,7.0,3.0,3.0,0.5,0.30000000000000004,20.0,434,9760.0,0,0,12,0,12
167611,3.0,10.0,2.0,7.0,3.0,3.0,0.5,0.30000000000000004,20.0,435,9760.0,0,0,12,0,12
167611,3.0,10.0,2.0,7.0,3.0,3.0,0.5,0.30000000000000004,20.0,436,9780.0,0,0,11,0,11
167611,3.0,10.0,2.0,7.0,3.0,3.0,0.5,0.30000000000000004,20.0,437,9780.0,0,0,12,0,12
167611,3.0,10.0,2.0,7.0,3.0,3.0,0.5,0.30000000000000004,20.0,438,9760.0,0,0,12,0,12
167611,3.0,10.0,2.0,7.0,3.0,3.0,0.5,0.30000000000000004,20.0,439,9780.0,0,0,13,0,13
167611,3.0,10.0,2.0,7.0,3.0,3.0,0.5,0.30000000000000004,20.0,440,9760.0,0,0,11,0,11
167611,3.0,10.0,2.0,7.0,3.0,3.0,0.5,0.30000000000000004,20.0,441,9780.0,0,0,12,0,12
167611,3.0,10.0,2.0,7.0,3.0,3.0,0.5,0.30000000000000004,20.0,442,9760.0,0,0,12,0,12
167611,3.0,10.0,2.0,7.0,3.0,3.0,0.5,0.30000000000000004,20.0,443,9780.0,0,0,11,0,11
167611,3.0,10.0,2.0,7.0,3.0,3.0,0.5,0.30000000000000004,20.0,444,9780.0,0,0,11,0,11
167611,3.0,10.0,2.0,7.0,3.0,3.0,0.5,0.30000000000000004,20.0,445,9780.0,0,0,11,0,11
167611,3.0,10.0,2.0,7.0,3.0,3.0,0.5,0.30000000000000004,20.0,446,9800.0,0,0,11,0,11
167611,3.0,10.0,2.0,7.0,3.0,3.0,0.5,0.30000000000000004,20.0,447,9780.0,0,0,12,0,12
167611,3.0,10.0,2.0,7.0,3.0,3.0,0.5,0.30000000000000004,20.0,448,9780.0,0,0,12,0,12
167611,3.0,10.0,2.0,7.0,3.0,3.0,0.5,0.30000000000000004,20.0,449,9760.0,0,0,12,0,12
167611,3.0,10.0,2.0,7.0,3.0,3.0,0.5,0.30000000000000004,20.0,450,9760.0,0,0,12,0,12
167611,3.0,10.0,2.0,7.0,3.0,3.0,0.5,0.30000000000000004,20.0,451,9780.0,0,0,11,0,11
167611,3.0,10.0,2.0,7.0,3.0,3.0,0.5,0.30000000000000004,20.0,452,9780.0,0,0,11,0,11
167611,3.0,10.0,2.0,7.0,3.0,3.0,0.5,0.30000000000000004,20.0,453,9800.0,0,0,11,0,11
167611,3.0,10.0,2.0,7.0,3.0,3.0,0.5,0.30000000000000004,20.0,454,9780.0,0,0,13,0,13
167611,3.0,10.0,2.0,7.0,3.0,3.0,0.5,0.30000000000000004,20.0,455,9780.0,0,0,11,0,11
167611,3.0,10.0,2.0,7.0,3.0,3.0,0.5,0.30000000000000004,20.0,456,9780.0,0,0,12,0,12
167611,3.0,10.0,2.0,7.0,3.0,3.0,0.5,0.30000000000000004,20.0,457,9760.0,0,0,12,0,12
167611,3.0,10.0,2.0,7.0,3.0,3.0,0.5,0.30000000000000004,20.0,458,9760.0,0,0,12,0,12
167611,3.0,10.0,2.0,7.0,3.0,3.0,0.5,0.30000000000000004,20.0,459,9780.0,0,0,11,0,11
167611,3.0,10.0,2.0,7.0,3.0,3.0,0.5,0.30000000000000004,20.0,460,9800.0,0,0,10,0,10
167611,3.0,10.0,2.0,7.0,3.0,3.0,0.5,0.30000000000000004,20.0,461,9820.0,0,0,10,0,10
167611,3.0,10.0,2.0,7.0,3.0,3.0,0.5,0.30000000000000004,20.0,462,9820.0,0,0,11,0,11
167611,3.0,10.0,2.0,7.0,3.0,3.0,0.5,0.30000000000000004,20.0,463,9780.0,0,0,12,0,12
167611,3.0,10.0,2.0,7.0,3.0,3.0,0.5,0.30000000000000004,20.0,464,9760.0,0,0,12,0,12
167611,3.0,10.0,2.0,7.0,3.0,3.0,0.5,0.30000000000000004,20.0,465,9760.0,0,0,12,0,12
167611,3.0,10.0,2.0,7.0,3.0,3.0,0.5,0.30000000000000004,20.0,466,9760.0,0,0,12,0,12
167611,3.0,10.0,2.0,7.0,3.0,3.0,0.5,0.30000000000000004,20.0,467,9760.0,0,0,12,0,12
167611,3.0,10.0,2.0,7.0,3.0,3.0,0.5,0.30000000000000004,20.0,468,9800.0,0,0,10,0,10
167611,3.0,10.0,2.0,7.0,3.0,3.0,0.5,0.30000000000000004,20.0,469,9800.0,0,0,11,0,11
167611,3.0,10.0,2.0,7.0,3.0,3.0,0.5,0.30000000000000004,20.0,470,9800.0,0,0,11,0,11
167611,3.0,10.0,2.0,7.0,3.0,3.0,0.5,0.30000000000000004,20.0,471,9780.0,0,0,12,0,12
167611,3.0,10.0,2.0,7.0,3.0,3.0,0.5,0.30000000000000004,20.0,472,9760.0,0,0,12,0,12
167611,3.0,10.0,2.0,7.0,3.0,3.0,0.5,0.30000000000000004,20.0,473,9760.0,0,0,12,0,12
167611,3.0,10.0,2.0,7.0,3.0,3.0,0.5,0.30000000000000004,20.0,474,9760.0,0,0,12,0,12
167611,3.0,10.0,2.0,7.0,3.0,3.0,0.5,0.30000000000000004,20.0,475,9780.0,0,0,11,0,11
167611,3.0,10.0,2.0,7.0,3.0,3.0,0.5,0.30000000000000004,20.0,476,9800.0,0,0,12,0,12
167611,3.0,10.0,2.0,7.0,3.0,3.0,0.5,0.30000000000000004,20.0,477,9780.0,0,0,12,0,12
167611,3.0,10.0,2.0,7.0,3.0,3.0,0.5,0.30000000000000004,20.0,478,9760.0,0,0,13,0,13
167611,3.0,10.0,2.0,7.0,3.0,3.0,0.5,0.30000000000000004,20.0,479,9760.0,0,0,12,0,12
167611,3.0,10.0,2.0,7.0,3.0,3.0,0.5,0.30000000000000004,20.0,480,9760.0,0,0,12,0,12
167611,3.0,10.0,2.0,7.0,3.0,3.0,0.5,0.30000000000000004,20.0,481,9760.0,0,0,12,0,12
167611,3.0,10.0,2.0,7.0,3.0,3.0,0.5,0.30000000000000004,20.0,482,9760.0,0,0,12,0,12
167611,3.0,10.0,2.0,7.0,3.0,3.0,0.5,0.30000000000000004,20.0,483,9800.0,0,0,11,0,11
167611,3.0,10.0,2.0,7.0,3.0,3.0,0.5,0.30000000000000004,20.0,484,9780.0,0,0,13,0,13
167611,3.0,10.0,2.0,7.0,3.0,3.0,0.5,0.30000000000000004,20.0,485,9780.0,0,0,12,0,12
167611,3.0,10.0,2.0,7.0,3.0,3.0,0.5,0.30000000000000004,20.0,486,9760.0,0,0,12,0,12
167611,3.0,10.0,2.0,7.0,3.0,3.0,0.5,0.30000000000000004,20.0,487,9760.0,0,0,12,0,12
167611,3.0,10.0,2.0,7.0,3.0,3.0,0.5,0.30000000000000004,20.0,488,9760.0,0,0,12,0,12
167611,3.0,10.0,2.0,7.0,3.0,3.0,0.5,0.30000000000000004,20.0,489,9760.0,0,0,12,0,12
167611,3.0,10.0,2.0,7.0,3.0,3.0,0.5,0.30000000000000004,20.0,490,9760.0,0,0,13,0,13
167611,3.0,10.0,2.0,7.0,3.0,3.0,0.5,0.30000000000000004,20.0,491,9760.0,0,0,14,0,14
167611,3.0,10.0,2.0,7.0,3.0,3.0,0.5,0.30000000000000004,20.0,492,9780.0,0,0,11,0,11
167611,3.0,10.0,2.0,7.0,3.0,3.0,0.5,0.30000000000000004,20.0,493,9780.0,0,0,12,0,12
167611,3.0,10.0,2.0,7.0,3.0,3.0,0.5,0.30000000000000004,20.0,494,9760.0,0,0,12,0,12
167611,3.0,10.0,2.0,7.0,3.0,3.0,0.5,0.30000000000000004,20.0,495,9760.0,0,0,12,0,12
167611,3.0,10.0,2.0,7.0,3.0,3.0,0.5,0.30000000000000004,20.0,496,9760.0,0,0,12,0,12
167611,3.0,10.0,2.0,7.0,3.0,3.0,0.5,0.30000000000000004,20.0,497,9800.0,0,0,10,0,10
167611,3.0,10.0,2.0,7.0,3.0,3.0,0.5,0.30000000000000004,20.0,498,9800.0,0,0,12,0,12
167611,3.0,10.0,2.0,7.0,3.0,3.0,0.5,0.30000000000000004,20.0,499,9780.0,0,0,12,0,12