Exp Num,agent:svo_convergence_factor,agent:params:metabolism,agent:params:consumption_factor,agent:params:procreate_cost_factor,agent:params:procreate_req_factor,agent:params:start_energy_factor,agent:params:caught_chance,agent:params:caught_cooldown_factor,agent:params:maximum_age,Epoch,Resource,A,B,C,D,E
130270,2.0,15.0,4.0,1.0,3.0,2.0,0.1,0.5,10.0,0,1940.0,16,42,15,32,93
130270,2.0,15.0,4.0,1.0,3.0,2.0,0.1,0.5,10.0,1,0,20,53,20,33,109
130270,2.0,15.0,4.0,1.0,3.0,2.0,0.1,0.5,10.0,2,0,26,50,17,29,106
130270,2.0,15.0,4.0,1.0,3.0,2.0,0.1,0.5,10.0,3,0,24,26,9,21,70
130270,2.0,15.0,4.0,1.0,3.0,2.0,0.1,0.5,10.0,4,0,18,16,6,12,46
130270,2.0,15.0,4.0,1.0,3.0,2.0,0.1,0.5,10.0,5,0,12,14,3,5,31
130270,2.0,15.0,4.0,1.0,3.0,2.0,0.1,0.5,10.0,6,0,8,10,0,4,19
130270,2.0,15.0,4.0,1.0,3.0,2.0,0.1,0.5,10.0,7,0,5,5,0,2,11
130270,2.0,15.0,4.0,1.0,3.0,2.0,0.1,0.5,10.0,8,0,2,4,0,1,6
130270,2.0,15.0,4.0,1.0,3.0,2.0,0.1,0.5,10.0,9,0,2,2,0,0,4
130270,2.0,15.0,4.0,1.0,3.0,2.0,0.1,0.5,10.0,10,0,1,1,0,0,2
130270,2.0,15.0,4.0,1.0,3.0,2.0,0.1,0.5,10.0,11,0,1,0,0,0,1