Exp Num,agent:svo_convergence_factor,agent:params:metabolism,agent:params:consumption_factor,agent:params:procreate_cost_factor,agent:params:procreate_req_factor,agent:params:start_energy_factor,agent:params:caught_chance,agent:params:caught_cooldown_factor,agent:params:maximum_age,Epoch,Resource,A,B,C,D,E
156736,3.0,5.0,4.0,9.0,1.0,3.0,0.5,0.30000000000000004,20.0,0,3720.0,21,22,11,25,75
156736,3.0,5.0,4.0,9.0,1.0,3.0,0.5,0.30000000000000004,20.0,1,3810.0,28,24,16,28,91
156736,3.0,5.0,4.0,9.0,1.0,3.0,0.5,0.30000000000000004,20.0,2,3542.5,28,23,16,26,91
156736,3.0,5.0,4.0,9.0,1.0,3.0,0.5,0.30000000000000004,20.0,3,3968.125,29,26,19,24,96
156736,3.0,5.0,4.0,9.0,1.0,3.0,0.5,0.30000000000000004,20.0,4,4500.15625,30,28,22,25,103
156736,3.0,5.0,4.0,9.0,1.0,3.0,0.5,0.30000000000000004,20.0,5,4965.1953125,24,25,24,27,96
156736,3.0,5.0,4.0,9.0,1.0,3.0,0.5,0.30000000000000004,20.0,6,5606.494140625,18,21,23,25,83
156736,3.0,5.0,4.0,9.0,1.0,3.0,0.5,0.30000000000000004,20.0,7,5948.11767578125,17,24,26,29,89
156736,3.0,5.0,4.0,9.0,1.0,3.0,0.5,0.30000000000000004,20.0,8,6035.1470947265625,18,27,35,37,106
156736,3.0,5.0,4.0,9.0,1.0,3.0,0.5,0.30000000000000004,20.0,9,5843.933868408203,15,25,40,45,109
156736,3.0,5.0,4.0,9.0,1.0,3.0,0.5,0.30000000000000004,20.0,10,5404.917335510254,16,28,54,55,128
156736,3.0,5.0,4.0,9.0,1.0,3.0,0.5,0.30000000000000004,20.0,11,5616.146669387817,17,32,67,64,147
156736,3.0,5.0,4.0,9.0,1.0,3.0,0.5,0.30000000000000004,20.0,12,6100.183336734772,17,35,79,67,162
156736,3.0,5.0,4.0,9.0,1.0,3.0,0.5,0.30000000000000004,20.0,13,6685.229170918465,17,38,87,66,173
156736,3.0,5.0,4.0,9.0,1.0,3.0,0.5,0.30000000000000004,20.0,14,7456.536463648081,13,36,96,63,175
156736,3.0,5.0,4.0,9.0,1.0,3.0,0.5,0.30000000000000004,20.0,15,8600.670579560101,11,35,103,62,179
156736,3.0,5.0,4.0,9.0,1.0,3.0,0.5,0.30000000000000004,20.0,16,9060.0,10,39,105,58,182
156736,3.0,5.0,4.0,9.0,1.0,3.0,0.5,0.30000000000000004,20.0,17,8980.0,8,38,107,53,178
156736,3.0,5.0,4.0,9.0,1.0,3.0,0.5,0.30000000000000004,20.0,18,8780.0,7,37,116,49,182
156736,3.0,5.0,4.0,9.0,1.0,3.0,0.5,0.30000000000000004,20.0,19,8500.0,6,38,128,38,191
156736,3.0,5.0,4.0,9.0,1.0,3.0,0.5,0.30000000000000004,20.0,20,8440.0,6,38,148,34,210
156736,3.0,5.0,4.0,9.0,1.0,3.0,0.5,0.30000000000000004,20.0,21,8580.0,5,41,161,32,222
156736,3.0,5.0,4.0,9.0,1.0,3.0,0.5,0.30000000000000004,20.0,22,9060.0,2,40,169,30,224
156736,3.0,5.0,4.0,9.0,1.0,3.0,0.5,0.30000000000000004,20.0,23,8980.0,2,40,169,28,223
156736,3.0,5.0,4.0,9.0,1.0,3.0,0.5,0.30000000000000004,20.0,24,8920.0,2,38,173,27,224
156736,3.0,5.0,4.0,9.0,1.0,3.0,0.5,0.30000000000000004,20.0,25,9080.0,2,37,176,26,225
156736,3.0,5.0,4.0,9.0,1.0,3.0,0.5,0.30000000000000004,20.0,26,9060.0,2,35,174,23,218
156736,3.0,5.0,4.0,9.0,1.0,3.0,0.5,0.30000000000000004,20.0,27,9020.0,1,27,173,23,207
156736,3.0,5.0,4.0,9.0,1.0,3.0,0.5,0.30000000000000004,20.0,28,8740.0,0,25,178,22,209
156736,3.0,5.0,4.0,9.0,1.0,3.0,0.5,0.30000000000000004,20.0,29,8580.0,0,23,186,22,214
156736,3.0,5.0,4.0,9.0,1.0,3.0,0.5,0.30000000000000004,20.0,30,8680.0,0,25,198,21,227
156736,3.0,5.0,4.0,9.0,1.0,3.0,0.5,0.30000000000000004,20.0,31,8920.0,0,23,210,18,236
156736,3.0,5.0,4.0,9.0,1.0,3.0,0.5,0.30000000000000004,20.0,32,9040.0,0,21,210,17,233
156736,3.0,5.0,4.0,9.0,1.0,3.0,0.5,0.30000000000000004,20.0,33,8840.0,0,19,199,15,220
156736,3.0,5.0,4.0,9.0,1.0,3.0,0.5,0.30000000000000004,20.0,34,8500.0,0,16,204,14,220
156736,3.0,5.0,4.0,9.0,1.0,3.0,0.5,0.30000000000000004,20.0,35,8540.0,0,13,215,12,228
156736,3.0,5.0,4.0,9.0,1.0,3.0,0.5,0.30000000000000004,20.0,36,8540.0,0,14,222,10,236
156736,3.0,5.0,4.0,9.0,1.0,3.0,0.5,0.30000000000000004,20.0,37,8940.0,0,14,236,7,250
156736,3.0,5.0,4.0,9.0,1.0,3.0,0.5,0.30000000000000004,20.0,38,8920.0,0,10,245,4,255
156736,3.0,5.0,4.0,9.0,1.0,3.0,0.5,0.30000000000000004,20.0,39,9060.0,0,10,247,2,257
156736,3.0,5.0,4.0,9.0,1.0,3.0,0.5,0.30000000000000004,20.0,40,9060.0,0,7,248,2,255
156736,3.0,5.0,4.0,9.0,1.0,3.0,0.5,0.30000000000000004,20.0,41,9080.0,0,7,243,1,250
156736,3.0,5.0,4.0,9.0,1.0,3.0,0.5,0.30000000000000004,20.0,42,9200.0,0,7,243,1,250
156736,3.0,5.0,4.0,9.0,1.0,3.0,0.5,0.30000000000000004,20.0,43,9220.0,0,5,238,1,243
156736,3.0,5.0,4.0,9.0,1.0,3.0,0.5,0.30000000000000004,20.0,44,9180.0,0,5,223,1,228
156736,3.0,5.0,4.0,9.0,1.0,3.0,0.5,0.30000000000000004,20.0,45,8840.0,0,4,214,0,218
156736,3.0,5.0,4.0,9.0,1.0,3.0,0.5,0.30000000000000004,20.0,46,8500.0,0,2,216,0,218
156736,3.0,5.0,4.0,9.0,1.0,3.0,0.5,0.30000000000000004,20.0,47,8240.0,0,1,228,0,229
156736,3.0,5.0,4.0,9.0,1.0,3.0,0.5,0.30000000000000004,20.0,48,8300.0,0,1,240,0,241
156736,3.0,5.0,4.0,9.0,1.0,3.0,0.5,0.30000000000000004,20.0,49,8480.0,0,0,262,0,262
156736,3.0,5.0,4.0,9.0,1.0,3.0,0.5,0.30000000000000004,20.0,50,8920.0,0,0,266,0,266
156736,3.0,5.0,4.0,9.0,1.0,3.0,0.5,0.30000000000000004,20.0,51,8900.0,0,0,262,0,262
156736,3.0,5.0,4.0,9.0,1.0,3.0,0.5,0.30000000000000004,20.0,52,9120.0,0,0,264,0,264
156736,3.0,5.0,4.0,9.0,1.0,3.0,0.5,0.30000000000000004,20.0,53,9180.0,0,0,256,0,256
156736,3.0,5.0,4.0,9.0,1.0,3.0,0.5,0.30000000000000004,20.0,54,9320.0,0,0,249,0,249
156736,3.0,5.0,4.0,9.0,1.0,3.0,0.5,0.30000000000000004,20.0,55,9260.0,0,0,244,0,244
156736,3.0,5.0,4.0,9.0,1.0,3.0,0.5,0.30000000000000004,20.0,56,9040.0,0,0,236,0,236
156736,3.0,5.0,4.0,9.0,1.0,3.0,0.5,0.30000000000000004,20.0,57,8820.0,0,0,234,0,234
156736,3.0,5.0,4.0,9.0,1.0,3.0,0.5,0.30000000000000004,20.0,58,8440.0,0,0,233,0,233
156736,3.0,5.0,4.0,9.0,1.0,3.0,0.5,0.30000000000000004,20.0,59,8420.0,0,0,242,0,242
156736,3.0,5.0,4.0,9.0,1.0,3.0,0.5,0.30000000000000004,20.0,60,8700.0,0,0,249,0,249
156736,3.0,5.0,4.0,9.0,1.0,3.0,0.5,0.30000000000000004,20.0,61,8780.0,0,0,251,0,251
156736,3.0,5.0,4.0,9.0,1.0,3.0,0.5,0.30000000000000004,20.0,62,8800.0,0,0,254,0,254
156736,3.0,5.0,4.0,9.0,1.0,3.0,0.5,0.30000000000000004,20.0,63,9060.0,0,0,253,0,253
156736,3.0,5.0,4.0,9.0,1.0,3.0,0.5,0.30000000000000004,20.0,64,9200.0,0,0,253,0,253
156736,3.0,5.0,4.0,9.0,1.0,3.0,0.5,0.30000000000000004,20.0,65,9200.0,0,0,242,0,242
156736,3.0,5.0,4.0,9.0,1.0,3.0,0.5,0.30000000000000004,20.0,66,8880.0,0,0,235,0,235
156736,3.0,5.0,4.0,9.0,1.0,3.0,0.5,0.30000000000000004,20.0,67,8800.0,0,0,232,0,232
156736,3.0,5.0,4.0,9.0,1.0,3.0,0.5,0.30000000000000004,20.0,68,8700.0,0,0,240,0,240
156736,3.0,5.0,4.0,9.0,1.0,3.0,0.5,0.30000000000000004,20.0,69,8700.0,0,0,247,0,247
156736,3.0,5.0,4.0,9.0,1.0,3.0,0.5,0.30000000000000004,20.0,70,8960.0,0,0,250,0,250
156736,3.0,5.0,4.0,9.0,1.0,3.0,0.5,0.30000000000000004,20.0,71,8920.0,0,0,250,0,250
156736,3.0,5.0,4.0,9.0,1.0,3.0,0.5,0.30000000000000004,20.0,72,8920.0,0,0,247,0,247
156736,3.0,5.0,4.0,9.0,1.0,3.0,0.5,0.30000000000000004,20.0,73,8960.0,0,0,235,0,235
156736,3.0,5.0,4.0,9.0,1.0,3.0,0.5,0.30000000000000004,20.0,74,8700.0,0,0,235,0,235
156736,3.0,5.0,4.0,9.0,1.0,3.0,0.5,0.30000000000000004,20.0,75,8440.0,0,0,236,0,236
156736,3.0,5.0,4.0,9.0,1.0,3.0,0.5,0.30000000000000004,20.0,76,8640.0,0,0,249,0,249
156736,3.0,5.0,4.0,9.0,1.0,3.0,0.5,0.30000000000000004,20.0,77,8960.0,0,0,257,0,257
156736,3.0,5.0,4.0,9.0,1.0,3.0,0.5,0.30000000000000004,20.0,78,9000.0,0,0,263,0,263
156736,3.0,5.0,4.0,9.0,1.0,3.0,0.5,0.30000000000000004,20.0,79,8920.0,0,0,256,0,256
156736,3.0,5.0,4.0,9.0,1.0,3.0,0.5,0.30000000000000004,20.0,80,9100.0,0,0,247,0,247
156736,3.0,5.0,4.0,9.0,1.0,3.0,0.5,0.30000000000000004,20.0,81,9000.0,0,0,237,0,237
156736,3.0,5.0,4.0,9.0,1.0,3.0,0.5,0.30000000000000004,20.0,82,8780.0,0,0,235,0,235
156736,3.0,5.0,4.0,9.0,1.0,3.0,0.5,0.30000000000000004,20.0,83,8660.0,0,0,248,0,248
156736,3.0,5.0,4.0,9.0,1.0,3.0,0.5,0.30000000000000004,20.0,84,8820.0,0,0,250,0,250
156736,3.0,5.0,4.0,9.0,1.0,3.0,0.5,0.30000000000000004,20.0,85,9060.0,0,0,253,0,253
156736,3.0,5.0,4.0,9.0,1.0,3.0,0.5,0.30000000000000004,20.0,86,9020.0,0,0,243,0,243
156736,3.0,5.0,4.0,9.0,1.0,3.0,0.5,0.30000000000000004,20.0,87,8840.0,0,0,245,0,245
156736,3.0,5.0,4.0,9.0,1.0,3.0,0.5,0.30000000000000004,20.0,88,8960.0,0,0,244,0,244
156736,3.0,5.0,4.0,9.0,1.0,3.0,0.5,0.30000000000000004,20.0,89,8900.0,0,0,242,0,242
156736,3.0,5.0,4.0,9.0,1.0,3.0,0.5,0.30000000000000004,20.0,90,8820.0,0,0,239,0,239
156736,3.0,5.0,4.0,9.0,1.0,3.0,0.5,0.30000000000000004,20.0,91,8580.0,0,0,236,0,236
156736,3.0,5.0,4.0,9.0,1.0,3.0,0.5,0.30000000000000004,20.0,92,8580.0,0,0,244,0,244
156736,3.0,5.0,4.0,9.0,1.0,3.0,0.5,0.30000000000000004,20.0,93,8720.0,0,0,247,0,247
156736,3.0,5.0,4.0,9.0,1.0,3.0,0.5,0.30000000000000004,20.0,94,8820.0,0,0,255,0,255
156736,3.0,5.0,4.0,9.0,1.0,3.0,0.5,0.30000000000000004,20.0,95,8880.0,0,0,255,0,255
156736,3.0,5.0,4.0,9.0,1.0,3.0,0.5,0.30000000000000004,20.0,96,9080.0,0,0,248,0,248
156736,3.0,5.0,4.0,9.0,1.0,3.0,0.5,0.30000000000000004,20.0,97,8980.0,0,0,245,0,245
156736,3.0,5.0,4.0,9.0,1.0,3.0,0.5,0.30000000000000004,20.0,98,8840.0,0,0,242,0,242
156736,3.0,5.0,4.0,9.0,1.0,3.0,0.5,0.30000000000000004,20.0,99,8900.0,0,0,247,0,247
156736,3.0,5.0,4.0,9.0,1.0,3.0,0.5,0.30000000000000004,20.0,100,9060.0,0,0,248,0,248
156736,3.0,5.0,4.0,9.0,1.0,3.0,0.5,0.30000000000000004,20.0,101,8900.0,0,0,247,0,247
156736,3.0,5.0,4.0,9.0,1.0,3.0,0.5,0.30000000000000004,20.0,102,8940.0,0,0,243,0,243
156736,3.0,5.0,4.0,9.0,1.0,3.0,0.5,0.30000000000000004,20.0,103,8800.0,0,0,239,0,239
156736,3.0,5.0,4.0,9.0,1.0,3.0,0.5,0.30000000000000004,20.0,104,8700.0,0,0,242,0,242
156736,3.0,5.0,4.0,9.0,1.0,3.0,0.5,0.30000000000000004,20.0,105,8760.0,0,0,246,0,246
156736,3.0,5.0,4.0,9.0,1.0,3.0,0.5,0.30000000000000004,20.0,106,8780.0,0,0,251,0,251
156736,3.0,5.0,4.0,9.0,1.0,3.0,0.5,0.30000000000000004,20.0,107,9200.0,0,0,253,0,253
156736,3.0,5.0,4.0,9.0,1.0,3.0,0.5,0.30000000000000004,20.0,108,9160.0,0,0,245,0,245
156736,3.0,5.0,4.0,9.0,1.0,3.0,0.5,0.30000000000000004,20.0,109,8940.0,0,0,233,0,233
156736,3.0,5.0,4.0,9.0,1.0,3.0,0.5,0.30000000000000004,20.0,110,8560.0,0,0,234,0,234
156736,3.0,5.0,4.0,9.0,1.0,3.0,0.5,0.30000000000000004,20.0,111,8620.0,0,0,244,0,244
156736,3.0,5.0,4.0,9.0,1.0,3.0,0.5,0.30000000000000004,20.0,112,8660.0,0,0,245,0,245
156736,3.0,5.0,4.0,9.0,1.0,3.0,0.5,0.30000000000000004,20.0,113,8980.0,0,0,251,0,251
156736,3.0,5.0,4.0,9.0,1.0,3.0,0.5,0.30000000000000004,20.0,114,9080.0,0,0,252,0,252
156736,3.0,5.0,4.0,9.0,1.0,3.0,0.5,0.30000000000000004,20.0,115,8900.0,0,0,245,0,245
156736,3.0,5.0,4.0,9.0,1.0,3.0,0.5,0.30000000000000004,20.0,116,8580.0,0,0,231,0,231
156736,3.0,5.0,4.0,9.0,1.0,3.0,0.5,0.30000000000000004,20.0,117,8340.0,0,0,245,0,245
156736,3.0,5.0,4.0,9.0,1.0,3.0,0.5,0.30000000000000004,20.0,118,8900.0,0,0,257,0,257
156736,3.0,5.0,4.0,9.0,1.0,3.0,0.5,0.30000000000000004,20.0,119,8900.0,0,0,265,0,265
156736,3.0,5.0,4.0,9.0,1.0,3.0,0.5,0.30000000000000004,20.0,120,9020.0,0,0,253,0,253
156736,3.0,5.0,4.0,9.0,1.0,3.0,0.5,0.30000000000000004,20.0,121,9040.0,0,0,255,0,255
156736,3.0,5.0,4.0,9.0,1.0,3.0,0.5,0.30000000000000004,20.0,122,9260.0,0,0,252,0,252
156736,3.0,5.0,4.0,9.0,1.0,3.0,0.5,0.30000000000000004,20.0,123,9220.0,0,0,244,0,244
156736,3.0,5.0,4.0,9.0,1.0,3.0,0.5,0.30000000000000004,20.0,124,8940.0,0,0,243,0,243
156736,3.0,5.0,4.0,9.0,1.0,3.0,0.5,0.30000000000000004,20.0,125,8960.0,0,0,234,0,234
156736,3.0,5.0,4.0,9.0,1.0,3.0,0.5,0.30000000000000004,20.0,126,8480.0,0,0,236,0,236
156736,3.0,5.0,4.0,9.0,1.0,3.0,0.5,0.30000000000000004,20.0,127,8380.0,0,0,239,0,239
156736,3.0,5.0,4.0,9.0,1.0,3.0,0.5,0.30000000000000004,20.0,128,8280.0,0,0,242,0,242
156736,3.0,5.0,4.0,9.0,1.0,3.0,0.5,0.30000000000000004,20.0,129,8700.0,0,0,258,0,258
156736,3.0,5.0,4.0,9.0,1.0,3.0,0.5,0.30000000000000004,20.0,130,8920.0,0,0,264,0,264
156736,3.0,5.0,4.0,9.0,1.0,3.0,0.5,0.30000000000000004,20.0,131,8980.0,0,0,267,0,267
156736,3.0,5.0,4.0,9.0,1.0,3.0,0.5,0.30000000000000004,20.0,132,9180.0,0,0,258,0,258
156736,3.0,5.0,4.0,9.0,1.0,3.0,0.5,0.30000000000000004,20.0,133,9260.0,0,0,252,0,252
156736,3.0,5.0,4.0,9.0,1.0,3.0,0.5,0.30000000000000004,20.0,134,9200.0,0,0,241,0,241
156736,3.0,5.0,4.0,9.0,1.0,3.0,0.5,0.30000000000000004,20.0,135,9080.0,0,0,236,0,236
156736,3.0,5.0,4.0,9.0,1.0,3.0,0.5,0.30000000000000004,20.0,136,8960.0,0,0,228,0,228
156736,3.0,5.0,4.0,9.0,1.0,3.0,0.5,0.30000000000000004,20.0,137,8540.0,0,0,236,0,236
156736,3.0,5.0,4.0,9.0,1.0,3.0,0.5,0.30000000000000004,20.0,138,8640.0,0,0,246,0,246
156736,3.0,5.0,4.0,9.0,1.0,3.0,0.5,0.30000000000000004,20.0,139,8780.0,0,0,257,0,257
156736,3.0,5.0,4.0,9.0,1.0,3.0,0.5,0.30000000000000004,20.0,140,9040.0,0,0,239,0,239
156736,3.0,5.0,4.0,9.0,1.0,3.0,0.5,0.30000000000000004,20.0,141,8640.0,0,0,238,0,238
156736,3.0,5.0,4.0,9.0,1.0,3.0,0.5,0.30000000000000004,20.0,142,8640.0,0,0,238,0,238
156736,3.0,5.0,4.0,9.0,1.0,3.0,0.5,0.30000000000000004,20.0,143,8540.0,0,0,246,0,246
156736,3.0,5.0,4.0,9.0,1.0,3.0,0.5,0.30000000000000004,20.0,144,8840.0,0,0,260,0,260
156736,3.0,5.0,4.0,9.0,1.0,3.0,0.5,0.30000000000000004,20.0,145,9160.0,0,0,248,0,248
156736,3.0,5.0,4.0,9.0,1.0,3.0,0.5,0.30000000000000004,20.0,146,8940.0,0,0,253,0,253
156736,3.0,5.0,4.0,9.0,1.0,3.0,0.5,0.30000000000000004,20.0,147,9100.0,0,0,252,0,252
156736,3.0,5.0,4.0,9.0,1.0,3.0,0.5,0.30000000000000004,20.0,148,9140.0,0,0,243,0,243
156736,3.0,5.0,4.0,9.0,1.0,3.0,0.5,0.30000000000000004,20.0,149,8700.0,0,0,237,0,237
156736,3.0,5.0,4.0,9.0,1.0,3.0,0.5,0.30000000000000004,20.0,150,8780.0,0,0,247,0,247
156736,3.0,5.0,4.0,9.0,1.0,3.0,0.5,0.30000000000000004,20.0,151,9020.0,0,0,252,0,252
156736,3.0,5.0,4.0,9.0,1.0,3.0,0.5,0.30000000000000004,20.0,152,9020.0,0,0,248,0,248
156736,3.0,5.0,4.0,9.0,1.0,3.0,0.5,0.30000000000000004,20.0,153,8900.0,0,0,243,0,243
156736,3.0,5.0,4.0,9.0,1.0,3.0,0.5,0.30000000000000004,20.0,154,8640.0,0,0,238,0,238
156736,3.0,5.0,4.0,9.0,1.0,3.0,0.5,0.30000000000000004,20.0,155,8560.0,0,0,242,0,242
156736,3.0,5.0,4.0,9.0,1.0,3.0,0.5,0.30000000000000004,20.0,156,8580.0,0,0,243,0,243
156736,3.0,5.0,4.0,9.0,1.0,3.0,0.5,0.30000000000000004,20.0,157,8660.0,0,0,260,0,260
156736,3.0,5.0,4.0,9.0,1.0,3.0,0.5,0.30000000000000004,20.0,158,8780.0,0,0,273,0,273
156736,3.0,5.0,4.0,9.0,1.0,3.0,0.5,0.30000000000000004,20.0,159,9080.0,0,0,265,0,265
156736,3.0,5.0,4.0,9.0,1.0,3.0,0.5,0.30000000000000004,20.0,160,8940.0,0,0,262,0,262
156736,3.0,5.0,4.0,9.0,1.0,3.0,0.5,0.30000000000000004,20.0,161,9080.0,0,0,265,0,265
156736,3.0,5.0,4.0,9.0,1.0,3.0,0.5,0.30000000000000004,20.0,162,9400.0,0,0,255,0,255
156736,3.0,5.0,4.0,9.0,1.0,3.0,0.5,0.30000000000000004,20.0,163,9120.0,0,0,239,0,239
156736,3.0,5.0,4.0,9.0,1.0,3.0,0.5,0.30000000000000004,20.0,164,9060.0,0,0,241,0,241
156736,3.0,5.0,4.0,9.0,1.0,3.0,0.5,0.30000000000000004,20.0,165,8780.0,0,0,230,0,230
156736,3.0,5.0,4.0,9.0,1.0,3.0,0.5,0.30000000000000004,20.0,166,8540.0,0,0,233,0,233
156736,3.0,5.0,4.0,9.0,1.0,3.0,0.5,0.30000000000000004,20.0,167,8640.0,0,0,240,0,240
156736,3.0,5.0,4.0,9.0,1.0,3.0,0.5,0.30000000000000004,20.0,168,8720.0,0,0,246,0,246
156736,3.0,5.0,4.0,9.0,1.0,3.0,0.5,0.30000000000000004,20.0,169,8820.0,0,0,254,0,254
156736,3.0,5.0,4.0,9.0,1.0,3.0,0.5,0.30000000000000004,20.0,170,8980.0,0,0,244,0,244
156736,3.0,5.0,4.0,9.0,1.0,3.0,0.5,0.30000000000000004,20.0,171,8820.0,0,0,238,0,238
156736,3.0,5.0,4.0,9.0,1.0,3.0,0.5,0.30000000000000004,20.0,172,8640.0,0,0,230,0,230
156736,3.0,5.0,4.0,9.0,1.0,3.0,0.5,0.30000000000000004,20.0,173,8440.0,0,0,245,0,245
156736,3.0,5.0,4.0,9.0,1.0,3.0,0.5,0.30000000000000004,20.0,174,8620.0,0,0,259,0,259
156736,3.0,5.0,4.0,9.0,1.0,3.0,0.5,0.30000000000000004,20.0,175,8900.0,0,0,260,0,260
156736,3.0,5.0,4.0,9.0,1.0,3.0,0.5,0.30000000000000004,20.0,176,9280.0,0,0,264,0,264
156736,3.0,5.0,4.0,9.0,1.0,3.0,0.5,0.30000000000000004,20.0,177,9120.0,0,0,260,0,260
156736,3.0,5.0,4.0,9.0,1.0,3.0,0.5,0.30000000000000004,20.0,178,9100.0,0,0,250,0,250
156736,3.0,5.0,4.0,9.0,1.0,3.0,0.5,0.30000000000000004,20.0,179,9100.0,0,0,238,0,238
156736,3.0,5.0,4.0,9.0,1.0,3.0,0.5,0.30000000000000004,20.0,180,9160.0,0,0,232,0,232
156736,3.0,5.0,4.0,9.0,1.0,3.0,0.5,0.30000000000000004,20.0,181,9020.0,0,0,230,0,230
156736,3.0,5.0,4.0,9.0,1.0,3.0,0.5,0.30000000000000004,20.0,182,8460.0,0,0,229,0,229
156736,3.0,5.0,4.0,9.0,1.0,3.0,0.5,0.30000000000000004,20.0,183,8320.0,0,0,233,0,233
156736,3.0,5.0,4.0,9.0,1.0,3.0,0.5,0.30000000000000004,20.0,184,8360.0,0,0,251,0,251
156736,3.0,5.0,4.0,9.0,1.0,3.0,0.5,0.30000000000000004,20.0,185,8840.0,0,0,258,0,258
156736,3.0,5.0,4.0,9.0,1.0,3.0,0.5,0.30000000000000004,20.0,186,8740.0,0,0,261,0,261
156736,3.0,5.0,4.0,9.0,1.0,3.0,0.5,0.30000000000000004,20.0,187,9220.0,0,0,258,0,258
156736,3.0,5.0,4.0,9.0,1.0,3.0,0.5,0.30000000000000004,20.0,188,9060.0,0,0,251,0,251
156736,3.0,5.0,4.0,9.0,1.0,3.0,0.5,0.30000000000000004,20.0,189,9140.0,0,0,246,0,246
156736,3.0,5.0,4.0,9.0,1.0,3.0,0.5,0.30000000000000004,20.0,190,9020.0,0,0,237,0,237
156736,3.0,5.0,4.0,9.0,1.0,3.0,0.5,0.30000000000000004,20.0,191,8800.0,0,0,238,0,238
156736,3.0,5.0,4.0,9.0,1.0,3.0,0.5,0.30000000000000004,20.0,192,8580.0,0,0,239,0,239
156736,3.0,5.0,4.0,9.0,1.0,3.0,0.5,0.30000000000000004,20.0,193,8740.0,0,0,250,0,250
156736,3.0,5.0,4.0,9.0,1.0,3.0,0.5,0.30000000000000004,20.0,194,8900.0,0,0,252,0,252
156736,3.0,5.0,4.0,9.0,1.0,3.0,0.5,0.30000000000000004,20.0,195,9180.0,0,0,254,0,254
156736,3.0,5.0,4.0,9.0,1.0,3.0,0.5,0.30000000000000004,20.0,196,9040.0,0,0,244,0,244
156736,3.0,5.0,4.0,9.0,1.0,3.0,0.5,0.30000000000000004,20.0,197,8780.0,0,0,231,0,231
156736,3.0,5.0,4.0,9.0,1.0,3.0,0.5,0.30000000000000004,20.0,198,8720.0,0,0,234,0,234
156736,3.0,5.0,4.0,9.0,1.0,3.0,0.5,0.30000000000000004,20.0,199,8560.0,0,0,240,0,240
156736,3.0,5.0,4.0,9.0,1.0,3.0,0.5,0.30000000000000004,20.0,200,8680.0,0,0,247,0,247
156736,3.0,5.0,4.0,9.0,1.0,3.0,0.5,0.30000000000000004,20.0,201,8960.0,0,0,256,0,256
156736,3.0,5.0,4.0,9.0,1.0,3.0,0.5,0.30000000000000004,20.0,202,9000.0,0,0,258,0,258
156736,3.0,5.0,4.0,9.0,1.0,3.0,0.5,0.30000000000000004,20.0,203,9060.0,0,0,255,0,255
156736,3.0,5.0,4.0,9.0,1.0,3.0,0.5,0.30000000000000004,20.0,204,8760.0,0,0,251,0,251
156736,3.0,5.0,4.0,9.0,1.0,3.0,0.5,0.30000000000000004,20.0,205,9020.0,0,0,240,0,240
156736,3.0,5.0,4.0,9.0,1.0,3.0,0.5,0.30000000000000004,20.0,206,9000.0,0,0,238,0,238
156736,3.0,5.0,4.0,9.0,1.0,3.0,0.5,0.30000000000000004,20.0,207,8820.0,0,0,240,0,240
156736,3.0,5.0,4.0,9.0,1.0,3.0,0.5,0.30000000000000004,20.0,208,8820.0,0,0,246,0,246
156736,3.0,5.0,4.0,9.0,1.0,3.0,0.5,0.30000000000000004,20.0,209,8780.0,0,0,252,0,252
156736,3.0,5.0,4.0,9.0,1.0,3.0,0.5,0.30000000000000004,20.0,210,9000.0,0,0,252,0,252
156736,3.0,5.0,4.0,9.0,1.0,3.0,0.5,0.30000000000000004,20.0,211,8940.0,0,0,241,0,241
156736,3.0,5.0,4.0,9.0,1.0,3.0,0.5,0.30000000000000004,20.0,212,8580.0,0,0,238,0,238
156736,3.0,5.0,4.0,9.0,1.0,3.0,0.5,0.30000000000000004,20.0,213,8560.0,0,0,247,0,247
156736,3.0,5.0,4.0,9.0,1.0,3.0,0.5,0.30000000000000004,20.0,214,8880.0,0,0,248,0,248
156736,3.0,5.0,4.0,9.0,1.0,3.0,0.5,0.30000000000000004,20.0,215,8960.0,0,0,252,0,252
156736,3.0,5.0,4.0,9.0,1.0,3.0,0.5,0.30000000000000004,20.0,216,9100.0,0,0,253,0,253
156736,3.0,5.0,4.0,9.0,1.0,3.0,0.5,0.30000000000000004,20.0,217,9020.0,0,0,247,0,247
156736,3.0,5.0,4.0,9.0,1.0,3.0,0.5,0.30000000000000004,20.0,218,8960.0,0,0,248,0,248
156736,3.0,5.0,4.0,9.0,1.0,3.0,0.5,0.30000000000000004,20.0,219,8940.0,0,0,238,0,238
156736,3.0,5.0,4.0,9.0,1.0,3.0,0.5,0.30000000000000004,20.0,220,8860.0,0,0,240,0,240
156736,3.0,5.0,4.0,9.0,1.0,3.0,0.5,0.30000000000000004,20.0,221,8720.0,0,0,241,0,241
156736,3.0,5.0,4.0,9.0,1.0,3.0,0.5,0.30000000000000004,20.0,222,8440.0,0,0,240,0,240
156736,3.0,5.0,4.0,9.0,1.0,3.0,0.5,0.30000000000000004,20.0,223,8660.0,0,0,253,0,253
156736,3.0,5.0,4.0,9.0,1.0,3.0,0.5,0.30000000000000004,20.0,224,8940.0,0,0,262,0,262
156736,3.0,5.0,4.0,9.0,1.0,3.0,0.5,0.30000000000000004,20.0,225,8980.0,0,0,261,0,261
156736,3.0,5.0,4.0,9.0,1.0,3.0,0.5,0.30000000000000004,20.0,226,9120.0,0,0,254,0,254
156736,3.0,5.0,4.0,9.0,1.0,3.0,0.5,0.30000000000000004,20.0,227,9180.0,0,0,247,0,247
156736,3.0,5.0,4.0,9.0,1.0,3.0,0.5,0.30000000000000004,20.0,228,8940.0,0,0,238,0,238
156736,3.0,5.0,4.0,9.0,1.0,3.0,0.5,0.30000000000000004,20.0,229,8920.0,0,0,242,0,242
156736,3.0,5.0,4.0,9.0,1.0,3.0,0.5,0.30000000000000004,20.0,230,8740.0,0,0,235,0,235
156736,3.0,5.0,4.0,9.0,1.0,3.0,0.5,0.30000000000000004,20.0,231,8580.0,0,0,241,0,241
156736,3.0,5.0,4.0,9.0,1.0,3.0,0.5,0.30000000000000004,20.0,232,8800.0,0,0,253,0,253
156736,3.0,5.0,4.0,9.0,1.0,3.0,0.5,0.30000000000000004,20.0,233,8920.0,0,0,258,0,258
156736,3.0,5.0,4.0,9.0,1.0,3.0,0.5,0.30000000000000004,20.0,234,9100.0,0,0,256,0,256
156736,3.0,5.0,4.0,9.0,1.0,3.0,0.5,0.30000000000000004,20.0,235,9080.0,0,0,247,0,247
156736,3.0,5.0,4.0,9.0,1.0,3.0,0.5,0.30000000000000004,20.0,236,8820.0,0,0,241,0,241
156736,3.0,5.0,4.0,9.0,1.0,3.0,0.5,0.30000000000000004,20.0,237,8680.0,0,0,232,0,232
156736,3.0,5.0,4.0,9.0,1.0,3.0,0.5,0.30000000000000004,20.0,238,8440.0,0,0,239,0,239
156736,3.0,5.0,4.0,9.0,1.0,3.0,0.5,0.30000000000000004,20.0,239,8660.0,0,0,251,0,251
156736,3.0,5.0,4.0,9.0,1.0,3.0,0.5,0.30000000000000004,20.0,240,8880.0,0,0,261,0,261
156736,3.0,5.0,4.0,9.0,1.0,3.0,0.5,0.30000000000000004,20.0,241,9080.0,0,0,259,0,259
156736,3.0,5.0,4.0,9.0,1.0,3.0,0.5,0.30000000000000004,20.0,242,8840.0,0,0,259,0,259
156736,3.0,5.0,4.0,9.0,1.0,3.0,0.5,0.30000000000000004,20.0,243,8920.0,0,0,250,0,250
156736,3.0,5.0,4.0,9.0,1.0,3.0,0.5,0.30000000000000004,20.0,244,9020.0,0,0,246,0,246
156736,3.0,5.0,4.0,9.0,1.0,3.0,0.5,0.30000000000000004,20.0,245,8960.0,0,0,247,0,247
156736,3.0,5.0,4.0,9.0,1.0,3.0,0.5,0.30000000000000004,20.0,246,9100.0,0,0,242,0,242
156736,3.0,5.0,4.0,9.0,1.0,3.0,0.5,0.30000000000000004,20.0,247,8860.0,0,0,231,0,231
156736,3.0,5.0,4.0,9.0,1.0,3.0,0.5,0.30000000000000004,20.0,248,8740.0,0,0,230,0,230
156736,3.0,5.0,4.0,9.0,1.0,3.0,0.5,0.30000000000000004,20.0,249,8460.0,0,0,239,0,239
156736,3.0,5.0,4.0,9.0,1.0,3.0,0.5,0.30000000000000004,20.0,250,8640.0,0,0,249,0,249
156736,3.0,5.0,4.0,9.0,1.0,3.0,0.5,0.30000000000000004,20.0,251,8860.0,0,0,254,0,254
156736,3.0,5.0,4.0,9.0,1.0,3.0,0.5,0.30000000000000004,20.0,252,9100.0,0,0,247,0,247
156736,3.0,5.0,4.0,9.0,1.0,3.0,0.5,0.30000000000000004,20.0,253,8920.0,0,0,248,0,248
156736,3.0,5.0,4.0,9.0,1.0,3.0,0.5,0.30000000000000004,20.0,254,8800.0,0,0,243,0,243
156736,3.0,5.0,4.0,9.0,1.0,3.0,0.5,0.30000000000000004,20.0,255,8860.0,0,0,246,0,246
156736,3.0,5.0,4.0,9.0,1.0,3.0,0.5,0.30000000000000004,20.0,256,9040.0,0,0,249,0,249
156736,3.0,5.0,4.0,9.0,1.0,3.0,0.5,0.30000000000000004,20.0,257,8980.0,0,0,245,0,245
156736,3.0,5.0,4.0,9.0,1.0,3.0,0.5,0.30000000000000004,20.0,258,8800.0,0,0,241,0,241
156736,3.0,5.0,4.0,9.0,1.0,3.0,0.5,0.30000000000000004,20.0,259,8760.0,0,0,237,0,237
156736,3.0,5.0,4.0,9.0,1.0,3.0,0.5,0.30000000000000004,20.0,260,8580.0,0,0,247,0,247
156736,3.0,5.0,4.0,9.0,1.0,3.0,0.5,0.30000000000000004,20.0,261,8840.0,0,0,253,0,253
156736,3.0,5.0,4.0,9.0,1.0,3.0,0.5,0.30000000000000004,20.0,262,9100.0,0,0,253,0,253
156736,3.0,5.0,4.0,9.0,1.0,3.0,0.5,0.30000000000000004,20.0,263,9000.0,0,0,254,0,254
156736,3.0,5.0,4.0,9.0,1.0,3.0,0.5,0.30000000000000004,20.0,264,8940.0,0,0,238,0,238
156736,3.0,5.0,4.0,9.0,1.0,3.0,0.5,0.30000000000000004,20.0,265,8800.0,0,0,237,0,237
156736,3.0,5.0,4.0,9.0,1.0,3.0,0.5,0.30000000000000004,20.0,266,8480.0,0,0,241,0,241
156736,3.0,5.0,4.0,9.0,1.0,3.0,0.5,0.30000000000000004,20.0,267,8720.0,0,0,256,0,256
156736,3.0,5.0,4.0,9.0,1.0,3.0,0.5,0.30000000000000004,20.0,268,9080.0,0,0,261,0,261
156736,3.0,5.0,4.0,9.0,1.0,3.0,0.5,0.30000000000000004,20.0,269,8980.0,0,0,249,0,249
156736,3.0,5.0,4.0,9.0,1.0,3.0,0.5,0.30000000000000004,20.0,270,9020.0,0,0,250,0,250
156736,3.0,5.0,4.0,9.0,1.0,3.0,0.5,0.30000000000000004,20.0,271,9100.0,0,0,250,0,250
156736,3.0,5.0,4.0,9.0,1.0,3.0,0.5,0.30000000000000004,20.0,272,8960.0,0,0,245,0,245
156736,3.0,5.0,4.0,9.0,1.0,3.0,0.5,0.30000000000000004,20.0,273,8940.0,0,0,236,0,236
156736,3.0,5.0,4.0,9.0,1.0,3.0,0.5,0.30000000000000004,20.0,274,8960.0,0,0,226,0,226
156736,3.0,5.0,4.0,9.0,1.0,3.0,0.5,0.30000000000000004,20.0,275,8560.0,0,0,234,0,234
156736,3.0,5.0,4.0,9.0,1.0,3.0,0.5,0.30000000000000004,20.0,276,8480.0,0,0,244,0,244
156736,3.0,5.0,4.0,9.0,1.0,3.0,0.5,0.30000000000000004,20.0,277,8760.0,0,0,256,0,256
156736,3.0,5.0,4.0,9.0,1.0,3.0,0.5,0.30000000000000004,20.0,278,9080.0,0,0,253,0,253
156736,3.0,5.0,4.0,9.0,1.0,3.0,0.5,0.30000000000000004,20.0,279,9040.0,0,0,241,0,241
156736,3.0,5.0,4.0,9.0,1.0,3.0,0.5,0.30000000000000004,20.0,280,8840.0,0,0,233,0,233
156736,3.0,5.0,4.0,9.0,1.0,3.0,0.5,0.30000000000000004,20.0,281,8600.0,0,0,237,0,237
156736,3.0,5.0,4.0,9.0,1.0,3.0,0.5,0.30000000000000004,20.0,282,8380.0,0,0,237,0,237
156736,3.0,5.0,4.0,9.0,1.0,3.0,0.5,0.30000000000000004,20.0,283,8600.0,0,0,255,0,255
156736,3.0,5.0,4.0,9.0,1.0,3.0,0.5,0.30000000000000004,20.0,284,9120.0,0,0,259,0,259
156736,3.0,5.0,4.0,9.0,1.0,3.0,0.5,0.30000000000000004,20.0,285,9040.0,0,0,255,0,255
156736,3.0,5.0,4.0,9.0,1.0,3.0,0.5,0.30000000000000004,20.0,286,9040.0,0,0,251,0,251
156736,3.0,5.0,4.0,9.0,1.0,3.0,0.5,0.30000000000000004,20.0,287,9160.0,0,0,246,0,246
156736,3.0,5.0,4.0,9.0,1.0,3.0,0.5,0.30000000000000004,20.0,288,8980.0,0,0,239,0,239
156736,3.0,5.0,4.0,9.0,1.0,3.0,0.5,0.30000000000000004,20.0,289,8720.0,0,0,237,0,237
156736,3.0,5.0,4.0,9.0,1.0,3.0,0.5,0.30000000000000004,20.0,290,8680.0,0,0,245,0,245
156736,3.0,5.0,4.0,9.0,1.0,3.0,0.5,0.30000000000000004,20.0,291,8700.0,0,0,246,0,246
156736,3.0,5.0,4.0,9.0,1.0,3.0,0.5,0.30000000000000004,20.0,292,9020.0,0,0,252,0,252
156736,3.0,5.0,4.0,9.0,1.0,3.0,0.5,0.30000000000000004,20.0,293,8860.0,0,0,253,0,253
156736,3.0,5.0,4.0,9.0,1.0,3.0,0.5,0.30000000000000004,20.0,294,9040.0,0,0,238,0,238
156736,3.0,5.0,4.0,9.0,1.0,3.0,0.5,0.30000000000000004,20.0,295,8740.0,0,0,237,0,237
156736,3.0,5.0,4.0,9.0,1.0,3.0,0.5,0.30000000000000004,20.0,296,8740.0,0,0,243,0,243
156736,3.0,5.0,4.0,9.0,1.0,3.0,0.5,0.30000000000000004,20.0,297,9020.0,0,0,254,0,254
156736,3.0,5.0,4.0,9.0,1.0,3.0,0.5,0.30000000000000004,20.0,298,9240.0,0,0,253,0,253
156736,3.0,5.0,4.0,9.0,1.0,3.0,0.5,0.30000000000000004,20.0,299,9060.0,0,0,237,0,237
156736,3.0,5.0,4.0,9.0,1.0,3.0,0.5,0.30000000000000004,20.0,300,8740.0,0,0,231,0,231
156736,3.0,5.0,4.0,9.0,1.0,3.0,0.5,0.30000000000000004,20.0,301,8420.0,0,0,231,0,231
156736,3.0,5.0,4.0,9.0,1.0,3.0,0.5,0.30000000000000004,20.0,302,8140.0,0,0,243,0,243
156736,3.0,5.0,4.0,9.0,1.0,3.0,0.5,0.30000000000000004,20.0,303,8720.0,0,0,258,0,258
156736,3.0,5.0,4.0,9.0,1.0,3.0,0.5,0.30000000000000004,20.0,304,9020.0,0,0,266,0,266
156736,3.0,5.0,4.0,9.0,1.0,3.0,0.5,0.30000000000000004,20.0,305,9000.0,0,0,266,0,266
156736,3.0,5.0,4.0,9.0,1.0,3.0,0.5,0.30000000000000004,20.0,306,8960.0,0,0,265,0,265
156736,3.0,5.0,4.0,9.0,1.0,3.0,0.5,0.30000000000000004,20.0,307,9040.0,0,0,265,0,265
156736,3.0,5.0,4.0,9.0,1.0,3.0,0.5,0.30000000000000004,20.0,308,9400.0,0,0,254,0,254
156736,3.0,5.0,4.0,9.0,1.0,3.0,0.5,0.30000000000000004,20.0,309,9240.0,0,0,245,0,245
156736,3.0,5.0,4.0,9.0,1.0,3.0,0.5,0.30000000000000004,20.0,310,9100.0,0,0,231,0,231
156736,3.0,5.0,4.0,9.0,1.0,3.0,0.5,0.30000000000000004,20.0,311,9020.0,0,0,225,0,225
156736,3.0,5.0,4.0,9.0,1.0,3.0,0.5,0.30000000000000004,20.0,312,8940.0,0,0,223,0,223
156736,3.0,5.0,4.0,9.0,1.0,3.0,0.5,0.30000000000000004,20.0,313,8660.0,0,0,220,0,220
156736,3.0,5.0,4.0,9.0,1.0,3.0,0.5,0.30000000000000004,20.0,314,8160.0,0,0,225,0,225
156736,3.0,5.0,4.0,9.0,1.0,3.0,0.5,0.30000000000000004,20.0,315,7920.0,0,0,243,0,243
156736,3.0,5.0,4.0,9.0,1.0,3.0,0.5,0.30000000000000004,20.0,316,8180.0,0,0,268,0,268
156736,3.0,5.0,4.0,9.0,1.0,3.0,0.5,0.30000000000000004,20.0,317,8580.0,0,0,283,0,283
156736,3.0,5.0,4.0,9.0,1.0,3.0,0.5,0.30000000000000004,20.0,318,8700.0,0,0,290,0,290
156736,3.0,5.0,4.0,9.0,1.0,3.0,0.5,0.30000000000000004,20.0,319,8740.0,0,0,289,0,289
156736,3.0,5.0,4.0,9.0,1.0,3.0,0.5,0.30000000000000004,20.0,320,8920.0,0,0,297,0,297
156736,3.0,5.0,4.0,9.0,1.0,3.0,0.5,0.30000000000000004,20.0,321,9060.0,0,0,287,0,287
156736,3.0,5.0,4.0,9.0,1.0,3.0,0.5,0.30000000000000004,20.0,322,9280.0,0,0,280,0,280
156736,3.0,5.0,4.0,9.0,1.0,3.0,0.5,0.30000000000000004,20.0,323,9420.0,0,0,271,0,271
156736,3.0,5.0,4.0,9.0,1.0,3.0,0.5,0.30000000000000004,20.0,324,9460.0,0,0,256,0,256
156736,3.0,5.0,4.0,9.0,1.0,3.0,0.5,0.30000000000000004,20.0,325,9220.0,0,0,242,0,242
156736,3.0,5.0,4.0,9.0,1.0,3.0,0.5,0.30000000000000004,20.0,326,9260.0,0,0,222,0,222
156736,3.0,5.0,4.0,9.0,1.0,3.0,0.5,0.30000000000000004,20.0,327,9060.0,0,0,215,0,215
156736,3.0,5.0,4.0,9.0,1.0,3.0,0.5,0.30000000000000004,20.0,328,8980.0,0,0,203,0,203
156736,3.0,5.0,4.0,9.0,1.0,3.0,0.5,0.30000000000000004,20.0,329,8680.0,0,0,198,0,198
156736,3.0,5.0,4.0,9.0,1.0,3.0,0.5,0.30000000000000004,20.0,330,8380.0,0,0,197,0,197
156736,3.0,5.0,4.0,9.0,1.0,3.0,0.5,0.30000000000000004,20.0,331,7900.0,0,0,219,0,219
156736,3.0,5.0,4.0,9.0,1.0,3.0,0.5,0.30000000000000004,20.0,332,7875.0,0,0,241,0,241
156736,3.0,5.0,4.0,9.0,1.0,3.0,0.5,0.30000000000000004,20.0,333,8463.75,0,0,266,0,266
156736,3.0,5.0,4.0,9.0,1.0,3.0,0.5,0.30000000000000004,20.0,334,8880.0,0,0,279,0,279
156736,3.0,5.0,4.0,9.0,1.0,3.0,0.5,0.30000000000000004,20.0,335,8840.0,0,0,282,0,282
156736,3.0,5.0,4.0,9.0,1.0,3.0,0.5,0.30000000000000004,20.0,336,8940.0,0,0,285,0,285
156736,3.0,5.0,4.0,9.0,1.0,3.0,0.5,0.30000000000000004,20.0,337,9320.0,0,0,281,0,281
156736,3.0,5.0,4.0,9.0,1.0,3.0,0.5,0.30000000000000004,20.0,338,9160.0,0,0,267,0,267
156736,3.0,5.0,4.0,9.0,1.0,3.0,0.5,0.30000000000000004,20.0,339,9120.0,0,0,261,0,261
156736,3.0,5.0,4.0,9.0,1.0,3.0,0.5,0.30000000000000004,20.0,340,9300.0,0,0,254,0,254
156736,3.0,5.0,4.0,9.0,1.0,3.0,0.5,0.30000000000000004,20.0,341,9140.0,0,0,247,0,247
156736,3.0,5.0,4.0,9.0,1.0,3.0,0.5,0.30000000000000004,20.0,342,9240.0,0,0,236,0,236
156736,3.0,5.0,4.0,9.0,1.0,3.0,0.5,0.30000000000000004,20.0,343,8860.0,0,0,227,0,227
156736,3.0,5.0,4.0,9.0,1.0,3.0,0.5,0.30000000000000004,20.0,344,8760.0,0,0,229,0,229
156736,3.0,5.0,4.0,9.0,1.0,3.0,0.5,0.30000000000000004,20.0,345,8420.0,0,0,225,0,225
156736,3.0,5.0,4.0,9.0,1.0,3.0,0.5,0.30000000000000004,20.0,346,8120.0,0,0,232,0,232
156736,3.0,5.0,4.0,9.0,1.0,3.0,0.5,0.30000000000000004,20.0,347,8380.0,0,0,245,0,245
156736,3.0,5.0,4.0,9.0,1.0,3.0,0.5,0.30000000000000004,20.0,348,8740.0,0,0,255,0,255
156736,3.0,5.0,4.0,9.0,1.0,3.0,0.5,0.30000000000000004,20.0,349,8840.0,0,0,250,0,250
156736,3.0,5.0,4.0,9.0,1.0,3.0,0.5,0.30000000000000004,20.0,350,8960.0,0,0,252,0,252
156736,3.0,5.0,4.0,9.0,1.0,3.0,0.5,0.30000000000000004,20.0,351,9200.0,0,0,255,0,255
156736,3.0,5.0,4.0,9.0,1.0,3.0,0.5,0.30000000000000004,20.0,352,9260.0,0,0,250,0,250
156736,3.0,5.0,4.0,9.0,1.0,3.0,0.5,0.30000000000000004,20.0,353,9060.0,0,0,240,0,240
156736,3.0,5.0,4.0,9.0,1.0,3.0,0.5,0.30000000000000004,20.0,354,8780.0,0,0,240,0,240
156736,3.0,5.0,4.0,9.0,1.0,3.0,0.5,0.30000000000000004,20.0,355,8740.0,0,0,249,0,249
156736,3.0,5.0,4.0,9.0,1.0,3.0,0.5,0.30000000000000004,20.0,356,9080.0,0,0,248,0,248
156736,3.0,5.0,4.0,9.0,1.0,3.0,0.5,0.30000000000000004,20.0,357,8940.0,0,0,251,0,251
156736,3.0,5.0,4.0,9.0,1.0,3.0,0.5,0.30000000000000004,20.0,358,8980.0,0,0,243,0,243
156736,3.0,5.0,4.0,9.0,1.0,3.0,0.5,0.30000000000000004,20.0,359,8740.0,0,0,235,0,235
156736,3.0,5.0,4.0,9.0,1.0,3.0,0.5,0.30000000000000004,20.0,360,8720.0,0,0,228,0,228
156736,3.0,5.0,4.0,9.0,1.0,3.0,0.5,0.30000000000000004,20.0,361,8420.0,0,0,238,0,238
156736,3.0,5.0,4.0,9.0,1.0,3.0,0.5,0.30000000000000004,20.0,362,8540.0,0,0,251,0,251
156736,3.0,5.0,4.0,9.0,1.0,3.0,0.5,0.30000000000000004,20.0,363,8920.0,0,0,262,0,262
156736,3.0,5.0,4.0,9.0,1.0,3.0,0.5,0.30000000000000004,20.0,364,9060.0,0,0,261,0,261
156736,3.0,5.0,4.0,9.0,1.0,3.0,0.5,0.30000000000000004,20.0,365,9160.0,0,0,252,0,252
156736,3.0,5.0,4.0,9.0,1.0,3.0,0.5,0.30000000000000004,20.0,366,9140.0,0,0,245,0,245
156736,3.0,5.0,4.0,9.0,1.0,3.0,0.5,0.30000000000000004,20.0,367,9100.0,0,0,229,0,229
156736,3.0,5.0,4.0,9.0,1.0,3.0,0.5,0.30000000000000004,20.0,368,8840.0,0,0,234,0,234
156736,3.0,5.0,4.0,9.0,1.0,3.0,0.5,0.30000000000000004,20.0,369,8480.0,0,0,237,0,237
156736,3.0,5.0,4.0,9.0,1.0,3.0,0.5,0.30000000000000004,20.0,370,8760.0,0,0,246,0,246
156736,3.0,5.0,4.0,9.0,1.0,3.0,0.5,0.30000000000000004,20.0,371,8980.0,0,0,254,0,254
156736,3.0,5.0,4.0,9.0,1.0,3.0,0.5,0.30000000000000004,20.0,372,9100.0,0,0,255,0,255
156736,3.0,5.0,4.0,9.0,1.0,3.0,0.5,0.30000000000000004,20.0,373,9040.0,0,0,244,0,244
156736,3.0,5.0,4.0,9.0,1.0,3.0,0.5,0.30000000000000004,20.0,374,8900.0,0,0,241,0,241
156736,3.0,5.0,4.0,9.0,1.0,3.0,0.5,0.30000000000000004,20.0,375,8940.0,0,0,232,0,232
156736,3.0,5.0,4.0,9.0,1.0,3.0,0.5,0.30000000000000004,20.0,376,8520.0,0,0,238,0,238
156736,3.0,5.0,4.0,9.0,1.0,3.0,0.5,0.30000000000000004,20.0,377,8640.0,0,0,243,0,243
156736,3.0,5.0,4.0,9.0,1.0,3.0,0.5,0.30000000000000004,20.0,378,8880.0,0,0,248,0,248
156736,3.0,5.0,4.0,9.0,1.0,3.0,0.5,0.30000000000000004,20.0,379,8740.0,0,0,248,0,248
156736,3.0,5.0,4.0,9.0,1.0,3.0,0.5,0.30000000000000004,20.0,380,8920.0,0,0,253,0,253
156736,3.0,5.0,4.0,9.0,1.0,3.0,0.5,0.30000000000000004,20.0,381,9040.0,0,0,255,0,255
156736,3.0,5.0,4.0,9.0,1.0,3.0,0.5,0.30000000000000004,20.0,382,8880.0,0,0,251,0,251
156736,3.0,5.0,4.0,9.0,1.0,3.0,0.5,0.30000000000000004,20.0,383,9200.0,0,0,246,0,246
156736,3.0,5.0,4.0,9.0,1.0,3.0,0.5,0.30000000000000004,20.0,384,9240.0,0,0,233,0,233
156736,3.0,5.0,4.0,9.0,1.0,3.0,0.5,0.30000000000000004,20.0,385,8840.0,0,0,227,0,227
156736,3.0,5.0,4.0,9.0,1.0,3.0,0.5,0.30000000000000004,20.0,386,8760.0,0,0,222,0,222
156736,3.0,5.0,4.0,9.0,1.0,3.0,0.5,0.30000000000000004,20.0,387,8360.0,0,0,237,0,237
156736,3.0,5.0,4.0,9.0,1.0,3.0,0.5,0.30000000000000004,20.0,388,8380.0,0,0,250,0,250
156736,3.0,5.0,4.0,9.0,1.0,3.0,0.5,0.30000000000000004,20.0,389,8840.0,0,0,261,0,261
156736,3.0,5.0,4.0,9.0,1.0,3.0,0.5,0.30000000000000004,20.0,390,9080.0,0,0,259,0,259
156736,3.0,5.0,4.0,9.0,1.0,3.0,0.5,0.30000000000000004,20.0,391,9020.0,0,0,252,0,252
156736,3.0,5.0,4.0,9.0,1.0,3.0,0.5,0.30000000000000004,20.0,392,9000.0,0,0,244,0,244
156736,3.0,5.0,4.0,9.0,1.0,3.0,0.5,0.30000000000000004,20.0,393,8900.0,0,0,244,0,244
156736,3.0,5.0,4.0,9.0,1.0,3.0,0.5,0.30000000000000004,20.0,394,8900.0,0,0,246,0,246
156736,3.0,5.0,4.0,9.0,1.0,3.0,0.5,0.30000000000000004,20.0,395,8840.0,0,0,248,0,248
156736,3.0,5.0,4.0,9.0,1.0,3.0,0.5,0.30000000000000004,20.0,396,8900.0,0,0,244,0,244
156736,3.0,5.0,4.0,9.0,1.0,3.0,0.5,0.30000000000000004,20.0,397,8880.0,0,0,245,0,245
156736,3.0,5.0,4.0,9.0,1.0,3.0,0.5,0.30000000000000004,20.0,398,8880.0,0,0,248,0,248
156736,3.0,5.0,4.0,9.0,1.0,3.0,0.5,0.30000000000000004,20.0,399,8740.0,0,0,239,0,239
156736,3.0,5.0,4.0,9.0,1.0,3.0,0.5,0.30000000000000004,20.0,400,8760.0,0,0,248,0,248
156736,3.0,5.0,4.0,9.0,1.0,3.0,0.5,0.30000000000000004,20.0,401,8780.0,0,0,246,0,246
156736,3.0,5.0,4.0,9.0,1.0,3.0,0.5,0.30000000000000004,20.0,402,8860.0,0,0,250,0,250
156736,3.0,5.0,4.0,9.0,1.0,3.0,0.5,0.30000000000000004,20.0,403,8960.0,0,0,255,0,255
156736,3.0,5.0,4.0,9.0,1.0,3.0,0.5,0.30000000000000004,20.0,404,9120.0,0,0,258,0,258
156736,3.0,5.0,4.0,9.0,1.0,3.0,0.5,0.30000000000000004,20.0,405,8900.0,0,0,247,0,247
156736,3.0,5.0,4.0,9.0,1.0,3.0,0.5,0.30000000000000004,20.0,406,9100.0,0,0,243,0,243
156736,3.0,5.0,4.0,9.0,1.0,3.0,0.5,0.30000000000000004,20.0,407,8880.0,0,0,238,0,238
156736,3.0,5.0,4.0,9.0,1.0,3.0,0.5,0.30000000000000004,20.0,408,8720.0,0,0,238,0,238
156736,3.0,5.0,4.0,9.0,1.0,3.0,0.5,0.30000000000000004,20.0,409,8420.0,0,0,238,0,238
156736,3.0,5.0,4.0,9.0,1.0,3.0,0.5,0.30000000000000004,20.0,410,8620.0,0,0,249,0,249
156736,3.0,5.0,4.0,9.0,1.0,3.0,0.5,0.30000000000000004,20.0,411,8880.0,0,0,263,0,263
156736,3.0,5.0,4.0,9.0,1.0,3.0,0.5,0.30000000000000004,20.0,412,9100.0,0,0,262,0,262
156736,3.0,5.0,4.0,9.0,1.0,3.0,0.5,0.30000000000000004,20.0,413,9080.0,0,0,256,0,256
156736,3.0,5.0,4.0,9.0,1.0,3.0,0.5,0.30000000000000004,20.0,414,8980.0,0,0,249,0,249
156736,3.0,5.0,4.0,9.0,1.0,3.0,0.5,0.30000000000000004,20.0,415,8960.0,0,0,242,0,242
156736,3.0,5.0,4.0,9.0,1.0,3.0,0.5,0.30000000000000004,20.0,416,9060.0,0,0,236,0,236
156736,3.0,5.0,4.0,9.0,1.0,3.0,0.5,0.30000000000000004,20.0,417,8700.0,0,0,242,0,242
156736,3.0,5.0,4.0,9.0,1.0,3.0,0.5,0.30000000000000004,20.0,418,8820.0,0,0,249,0,249
156736,3.0,5.0,4.0,9.0,1.0,3.0,0.5,0.30000000000000004,20.0,419,8860.0,0,0,246,0,246
156736,3.0,5.0,4.0,9.0,1.0,3.0,0.5,0.30000000000000004,20.0,420,8900.0,0,0,243,0,243
156736,3.0,5.0,4.0,9.0,1.0,3.0,0.5,0.30000000000000004,20.0,421,8700.0,0,0,234,0,234
156736,3.0,5.0,4.0,9.0,1.0,3.0,0.5,0.30000000000000004,20.0,422,8480.0,0,0,242,0,242
156736,3.0,5.0,4.0,9.0,1.0,3.0,0.5,0.30000000000000004,20.0,423,8720.0,0,0,252,0,252
156736,3.0,5.0,4.0,9.0,1.0,3.0,0.5,0.30000000000000004,20.0,424,9120.0,0,0,260,0,260
156736,3.0,5.0,4.0,9.0,1.0,3.0,0.5,0.30000000000000004,20.0,425,9040.0,0,0,259,0,259
156736,3.0,5.0,4.0,9.0,1.0,3.0,0.5,0.30000000000000004,20.0,426,8920.0,0,0,252,0,252
156736,3.0,5.0,4.0,9.0,1.0,3.0,0.5,0.30000000000000004,20.0,427,8960.0,0,0,243,0,243
156736,3.0,5.0,4.0,9.0,1.0,3.0,0.5,0.30000000000000004,20.0,428,8800.0,0,0,249,0,249
156736,3.0,5.0,4.0,9.0,1.0,3.0,0.5,0.30000000000000004,20.0,429,9060.0,0,0,249,0,249
156736,3.0,5.0,4.0,9.0,1.0,3.0,0.5,0.30000000000000004,20.0,430,9160.0,0,0,247,0,247
156736,3.0,5.0,4.0,9.0,1.0,3.0,0.5,0.30000000000000004,20.0,431,9020.0,0,0,237,0,237
156736,3.0,5.0,4.0,9.0,1.0,3.0,0.5,0.30000000000000004,20.0,432,8840.0,0,0,226,0,226
156736,3.0,5.0,4.0,9.0,1.0,3.0,0.5,0.30000000000000004,20.0,433,8560.0,0,0,237,0,237
156736,3.0,5.0,4.0,9.0,1.0,3.0,0.5,0.30000000000000004,20.0,434,8720.0,0,0,246,0,246
156736,3.0,5.0,4.0,9.0,1.0,3.0,0.5,0.30000000000000004,20.0,435,8840.0,0,0,249,0,249
156736,3.0,5.0,4.0,9.0,1.0,3.0,0.5,0.30000000000000004,20.0,436,8980.0,0,0,251,0,251
156736,3.0,5.0,4.0,9.0,1.0,3.0,0.5,0.30000000000000004,20.0,437,8780.0,0,0,235,0,235
156736,3.0,5.0,4.0,9.0,1.0,3.0,0.5,0.30000000000000004,20.0,438,8540.0,0,0,234,0,234
156736,3.0,5.0,4.0,9.0,1.0,3.0,0.5,0.30000000000000004,20.0,439,8360.0,0,0,246,0,246
156736,3.0,5.0,4.0,9.0,1.0,3.0,0.5,0.30000000000000004,20.0,440,9020.0,0,0,259,0,259
156736,3.0,5.0,4.0,9.0,1.0,3.0,0.5,0.30000000000000004,20.0,441,9180.0,0,0,262,0,262
156736,3.0,5.0,4.0,9.0,1.0,3.0,0.5,0.30000000000000004,20.0,442,9220.0,0,0,252,0,252
156736,3.0,5.0,4.0,9.0,1.0,3.0,0.5,0.30000000000000004,20.0,443,8980.0,0,0,243,0,243
156736,3.0,5.0,4.0,9.0,1.0,3.0,0.5,0.30000000000000004,20.0,444,8780.0,0,0,243,0,243
156736,3.0,5.0,4.0,9.0,1.0,3.0,0.5,0.30000000000000004,20.0,445,8920.0,0,0,239,0,239
156736,3.0,5.0,4.0,9.0,1.0,3.0,0.5,0.30000000000000004,20.0,446,8760.0,0,0,247,0,247
156736,3.0,5.0,4.0,9.0,1.0,3.0,0.5,0.30000000000000004,20.0,447,8860.0,0,0,251,0,251
156736,3.0,5.0,4.0,9.0,1.0,3.0,0.5,0.30000000000000004,20.0,448,9040.0,0,0,253,0,253
156736,3.0,5.0,4.0,9.0,1.0,3.0,0.5,0.30000000000000004,20.0,449,8960.0,0,0,249,0,249
156736,3.0,5.0,4.0,9.0,1.0,3.0,0.5,0.30000000000000004,20.0,450,8900.0,0,0,239,0,239
156736,3.0,5.0,4.0,9.0,1.0,3.0,0.5,0.30000000000000004,20.0,451,8660.0,0,0,234,0,234
156736,3.0,5.0,4.0,9.0,1.0,3.0,0.5,0.30000000000000004,20.0,452,8360.0,0,0,236,0,236
156736,3.0,5.0,4.0,9.0,1.0,3.0,0.5,0.30000000000000004,20.0,453,8560.0,0,0,252,0,252
156736,3.0,5.0,4.0,9.0,1.0,3.0,0.5,0.30000000000000004,20.0,454,9020.0,0,0,260,0,260
156736,3.0,5.0,4.0,9.0,1.0,3.0,0.5,0.30000000000000004,20.0,455,8880.0,0,0,258,0,258
156736,3.0,5.0,4.0,9.0,1.0,3.0,0.5,0.30000000000000004,20.0,456,9180.0,0,0,247,0,247
156736,3.0,5.0,4.0,9.0,1.0,3.0,0.5,0.30000000000000004,20.0,457,8940.0,0,0,237,0,237
156736,3.0,5.0,4.0,9.0,1.0,3.0,0.5,0.30000000000000004,20.0,458,8720.0,0,0,242,0,242
156736,3.0,5.0,4.0,9.0,1.0,3.0,0.5,0.30000000000000004,20.0,459,8740.0,0,0,240,0,240
156736,3.0,5.0,4.0,9.0,1.0,3.0,0.5,0.30000000000000004,20.0,460,8760.0,0,0,247,0,247
156736,3.0,5.0,4.0,9.0,1.0,3.0,0.5,0.30000000000000004,20.0,461,8980.0,0,0,252,0,252
156736,3.0,5.0,4.0,9.0,1.0,3.0,0.5,0.30000000000000004,20.0,462,9120.0,0,0,256,0,256
156736,3.0,5.0,4.0,9.0,1.0,3.0,0.5,0.30000000000000004,20.0,463,9020.0,0,0,254,0,254
156736,3.0,5.0,4.0,9.0,1.0,3.0,0.5,0.30000000000000004,20.0,464,8960.0,0,0,237,0,237
156736,3.0,5.0,4.0,9.0,1.0,3.0,0.5,0.30000000000000004,20.0,465,8740.0,0,0,238,0,238
156736,3.0,5.0,4.0,9.0,1.0,3.0,0.5,0.30000000000000004,20.0,466,8580.0,0,0,239,0,239
156736,3.0,5.0,4.0,9.0,1.0,3.0,0.5,0.30000000000000004,20.0,467,8540.0,0,0,233,0,233
156736,3.0,5.0,4.0,9.0,1.0,3.0,0.5,0.30000000000000004,20.0,468,8440.0,0,0,249,0,249
156736,3.0,5.0,4.0,9.0,1.0,3.0,0.5,0.30000000000000004,20.0,469,8820.0,0,0,260,0,260
156736,3.0,5.0,4.0,9.0,1.0,3.0,0.5,0.30000000000000004,20.0,470,9040.0,0,0,263,0,263
156736,3.0,5.0,4.0,9.0,1.0,3.0,0.5,0.30000000000000004,20.0,471,9080.0,0,0,265,0,265
156736,3.0,5.0,4.0,9.0,1.0,3.0,0.5,0.30000000000000004,20.0,472,9040.0,0,0,259,0,259
156736,3.0,5.0,4.0,9.0,1.0,3.0,0.5,0.30000000000000004,20.0,473,8860.0,0,0,258,0,258
156736,3.0,5.0,4.0,9.0,1.0,3.0,0.5,0.30000000000000004,20.0,474,9160.0,0,0,252,0,252
156736,3.0,5.0,4.0,9.0,1.0,3.0,0.5,0.30000000000000004,20.0,475,9280.0,0,0,246,0,246
156736,3.0,5.0,4.0,9.0,1.0,3.0,0.5,0.30000000000000004,20.0,476,8900.0,0,0,239,0,239
156736,3.0,5.0,4.0,9.0,1.0,3.0,0.5,0.30000000000000004,20.0,477,8880.0,0,0,241,0,241
156736,3.0,5.0,4.0,9.0,1.0,3.0,0.5,0.30000000000000004,20.0,478,8680.0,0,0,239,0,239
156736,3.0,5.0,4.0,9.0,1.0,3.0,0.5,0.30000000000000004,20.0,479,8620.0,0,0,242,0,242
156736,3.0,5.0,4.0,9.0,1.0,3.0,0.5,0.30000000000000004,20.0,480,8680.0,0,0,244,0,244
156736,3.0,5.0,4.0,9.0,1.0,3.0,0.5,0.30000000000000004,20.0,481,8820.0,0,0,247,0,247
156736,3.0,5.0,4.0,9.0,1.0,3.0,0.5,0.30000000000000004,20.0,482,8680.0,0,0,246,0,246
156736,3.0,5.0,4.0,9.0,1.0,3.0,0.5,0.30000000000000004,20.0,483,8720.0,0,0,254,0,254
156736,3.0,5.0,4.0,9.0,1.0,3.0,0.5,0.30000000000000004,20.0,484,9160.0,0,0,251,0,251
156736,3.0,5.0,4.0,9.0,1.0,3.0,0.5,0.30000000000000004,20.0,485,8960.0,0,0,256,0,256
156736,3.0,5.0,4.0,9.0,1.0,3.0,0.5,0.30000000000000004,20.0,486,9100.0,0,0,254,0,254
156736,3.0,5.0,4.0,9.0,1.0,3.0,0.5,0.30000000000000004,20.0,487,9220.0,0,0,245,0,245
156736,3.0,5.0,4.0,9.0,1.0,3.0,0.5,0.30000000000000004,20.0,488,8960.0,0,0,234,0,234
156736,3.0,5.0,4.0,9.0,1.0,3.0,0.5,0.30000000000000004,20.0,489,8680.0,0,0,231,0,231
156736,3.0,5.0,4.0,9.0,1.0,3.0,0.5,0.30000000000000004,20.0,490,8660.0,0,0,231,0,231
156736,3.0,5.0,4.0,9.0,1.0,3.0,0.5,0.30000000000000004,20.0,491,8400.0,0,0,235,0,235
156736,3.0,5.0,4.0,9.0,1.0,3.0,0.5,0.30000000000000004,20.0,492,8580.0,0,0,243,0,243
156736,3.0,5.0,4.0,9.0,1.0,3.0,0.5,0.30000000000000004,20.0,493,8520.0,0,0,253,0,253
156736,3.0,5.0,4.0,9.0,1.0,3.0,0.5,0.30000000000000004,20.0,494,8900.0,0,0,257,0,257
156736,3.0,5.0,4.0,9.0,1.0,3.0,0.5,0.30000000000000004,20.0,495,9040.0,0,0,254,0,254
156736,3.0,5.0,4.0,9.0,1.0,3.0,0.5,0.30000000000000004,20.0,496,8940.0,0,0,247,0,247
156736,3.0,5.0,4.0,9.0,1.0,3.0,0.5,0.30000000000000004,20.0,497,8980.0,0,0,244,0,244
156736,3.0,5.0,4.0,9.0,1.0,3.0,0.5,0.30000000000000004,20.0,498,8860.0,0,0,246,0,246
156736,3.0,5.0,4.0,9.0,1.0,3.0,0.5,0.30000000000000004,20.0,499,8940.0,0,0,251,0,251