Exp Num,agent:svo_convergence_factor,agent:params:metabolism,agent:params:consumption_factor,agent:params:procreate_cost_factor,agent:params:procreate_req_factor,agent:params:start_energy_factor,agent:params:caught_chance,agent:params:caught_cooldown_factor,agent:params:maximum_age,Epoch,Resource,A,B,C,D,E
14495,1.0,5.0,3.0,5.0,3.0,2.0,0.5,0.5,10.0,0,3500.0,24,20,13,29,71
14495,1.0,5.0,3.0,5.0,3.0,2.0,0.5,0.5,10.0,1,2965.0,24,20,13,29,71
14495,1.0,5.0,3.0,5.0,3.0,2.0,0.5,0.5,10.0,2,2821.25,24,20,13,29,71
14495,1.0,5.0,3.0,5.0,3.0,2.0,0.5,0.5,10.0,3,2926.5625,24,20,13,29,71
14495,1.0,5.0,3.0,5.0,3.0,2.0,0.5,0.5,10.0,4,3058.203125,22,20,13,28,69
14495,1.0,5.0,3.0,5.0,3.0,2.0,0.5,0.5,10.0,5,3267.75390625,22,20,13,28,69
14495,1.0,5.0,3.0,5.0,3.0,2.0,0.5,0.5,10.0,6,3559.6923828125,23,24,17,33,79
14495,1.0,5.0,3.0,5.0,3.0,2.0,0.5,0.5,10.0,7,3714.615478515625,16,21,15,29,65
14495,1.0,5.0,3.0,5.0,3.0,2.0,0.5,0.5,10.0,8,3743.2693481445312,15,25,15,33,69
14495,1.0,5.0,3.0,5.0,3.0,2.0,0.5,0.5,10.0,9,3554.086685180664,15,25,19,36,73
14495,1.0,5.0,3.0,5.0,3.0,2.0,0.5,0.5,10.0,10,3527.60835647583,8,16,15,25,46
14495,1.0,5.0,3.0,5.0,3.0,2.0,0.5,0.5,10.0,11,3704.5104455947876,5,15,12,20,35
14495,1.0,5.0,3.0,5.0,3.0,2.0,0.5,0.5,10.0,12,3985.6380569934845,3,15,15,18,35
14495,1.0,5.0,3.0,5.0,3.0,2.0,0.5,0.5,10.0,13,4217.047571241856,2,15,18,18,38
14495,1.0,5.0,3.0,5.0,3.0,2.0,0.5,0.5,10.0,14,4431.3094640523195,2,20,23,21,48
14495,1.0,5.0,3.0,5.0,3.0,2.0,0.5,0.5,10.0,15,4504.136830065399,2,20,29,23,55
14495,1.0,5.0,3.0,5.0,3.0,2.0,0.5,0.5,10.0,16,4460.171037581749,2,24,32,27,62
14495,1.0,5.0,3.0,5.0,3.0,2.0,0.5,0.5,10.0,17,4285.213796977187,2,26,44,32,75
14495,1.0,5.0,3.0,5.0,3.0,2.0,0.5,0.5,10.0,18,3811.517246221483,2,26,50,33,81
14495,1.0,5.0,3.0,5.0,3.0,2.0,0.5,0.5,10.0,19,3249.396557776854,1,29,62,37,95
14495,1.0,5.0,3.0,5.0,3.0,2.0,0.5,0.5,10.0,20,3401.7456972210675,0,25,60,32,88
14495,1.0,5.0,3.0,5.0,3.0,2.0,0.5,0.5,10.0,21,3442.1821215263344,0,26,61,33,89
14495,1.0,5.0,3.0,5.0,3.0,2.0,0.5,0.5,10.0,22,3522.727651907918,0,24,64,32,90
14495,1.0,5.0,3.0,5.0,3.0,2.0,0.5,0.5,10.0,23,3578.409564884897,0,24,65,35,91
14495,1.0,5.0,3.0,5.0,3.0,2.0,0.5,0.5,10.0,24,3708.011956106121,0,23,67,34,91
14495,1.0,5.0,3.0,5.0,3.0,2.0,0.5,0.5,10.0,25,3810.0149451326515,0,22,67,35,90
14495,1.0,5.0,3.0,5.0,3.0,2.0,0.5,0.5,10.0,26,3757.518681415814,0,21,71,35,92
14495,1.0,5.0,3.0,5.0,3.0,2.0,0.5,0.5,10.0,27,3556.898351769768,0,22,75,34,97
14495,1.0,5.0,3.0,5.0,3.0,2.0,0.5,0.5,10.0,28,3411.1229397122097,0,15,78,30,93
14495,1.0,5.0,3.0,5.0,3.0,2.0,0.5,0.5,10.0,29,3258.9036746402617,0,13,78,27,91
14495,1.0,5.0,3.0,5.0,3.0,2.0,0.5,0.5,10.0,30,3068.629593300327,0,12,80,26,92
14495,1.0,5.0,3.0,5.0,3.0,2.0,0.5,0.5,10.0,31,3115.786991625409,0,10,75,25,85
14495,1.0,5.0,3.0,5.0,3.0,2.0,0.5,0.5,10.0,32,3084.7337395317613,0,9,80,24,89
14495,1.0,5.0,3.0,5.0,3.0,2.0,0.5,0.5,10.0,33,3150.9171744147015,0,10,85,19,95
14495,1.0,5.0,3.0,5.0,3.0,2.0,0.5,0.5,10.0,34,3218.646468018377,0,9,83,16,92
14495,1.0,5.0,3.0,5.0,3.0,2.0,0.5,0.5,10.0,35,3213.3080850229717,0,9,89,16,98
14495,1.0,5.0,3.0,5.0,3.0,2.0,0.5,0.5,10.0,36,3146.6351062787144,0,9,91,14,100
14495,1.0,5.0,3.0,5.0,3.0,2.0,0.5,0.5,10.0,37,3078.293882848393,0,9,89,12,98
14495,1.0,5.0,3.0,5.0,3.0,2.0,0.5,0.5,10.0,38,3037.867353560491,0,9,96,9,105
14495,1.0,5.0,3.0,5.0,3.0,2.0,0.5,0.5,10.0,39,2972.334191950614,0,8,95,4,103
14495,1.0,5.0,3.0,5.0,3.0,2.0,0.5,0.5,10.0,40,2890.417739938267,0,7,89,4,96
14495,1.0,5.0,3.0,5.0,3.0,2.0,0.5,0.5,10.0,41,2728.022174922834,0,6,91,3,97
14495,1.0,5.0,3.0,5.0,3.0,2.0,0.5,0.5,10.0,42,2675.0277186535423,0,7,90,3,97
14495,1.0,5.0,3.0,5.0,3.0,2.0,0.5,0.5,10.0,43,2713.784648316928,0,6,90,3,96
14495,1.0,5.0,3.0,5.0,3.0,2.0,0.5,0.5,10.0,44,2762.2308103961595,0,5,87,3,92
14495,1.0,5.0,3.0,5.0,3.0,2.0,0.5,0.5,10.0,45,2822.788512995199,0,4,84,3,88
14495,1.0,5.0,3.0,5.0,3.0,2.0,0.5,0.5,10.0,46,2868.485641243999,0,4,86,3,90
14495,1.0,5.0,3.0,5.0,3.0,2.0,0.5,0.5,10.0,47,2925.6070515549986,0,3,88,2,91
14495,1.0,5.0,3.0,5.0,3.0,2.0,0.5,0.5,10.0,48,2892.008814443748,0,2,90,2,92
14495,1.0,5.0,3.0,5.0,3.0,2.0,0.5,0.5,10.0,49,2730.0110180546853,0,2,90,2,92
14495,1.0,5.0,3.0,5.0,3.0,2.0,0.5,0.5,10.0,50,2497.5137725683567,0,1,87,2,88
14495,1.0,5.0,3.0,5.0,3.0,2.0,0.5,0.5,10.0,51,2461.8922157104457,0,1,90,2,91
14495,1.0,5.0,3.0,5.0,3.0,2.0,0.5,0.5,10.0,52,2522.3652696380573,0,1,88,2,89
14495,1.0,5.0,3.0,5.0,3.0,2.0,0.5,0.5,10.0,53,2507.9565870475717,0,0,85,2,85
14495,1.0,5.0,3.0,5.0,3.0,2.0,0.5,0.5,10.0,54,2474.9457338094644,0,0,84,1,84
14495,1.0,5.0,3.0,5.0,3.0,2.0,0.5,0.5,10.0,55,2463.6821672618307,0,0,83,1,83
14495,1.0,5.0,3.0,5.0,3.0,2.0,0.5,0.5,10.0,56,2419.6027090772886,0,0,85,1,85
14495,1.0,5.0,3.0,5.0,3.0,2.0,0.5,0.5,10.0,57,2364.5033863466106,0,0,85,1,85
14495,1.0,5.0,3.0,5.0,3.0,2.0,0.5,0.5,10.0,58,2340.629232933263,0,0,88,0,88
14495,1.0,5.0,3.0,5.0,3.0,2.0,0.5,0.5,10.0,59,2370.786541166579,0,0,83,0,83
14495,1.0,5.0,3.0,5.0,3.0,2.0,0.5,0.5,10.0,60,2438.4831764582236,0,0,81,0,81
14495,1.0,5.0,3.0,5.0,3.0,2.0,0.5,0.5,10.0,61,2463.1039705727794,0,0,81,0,81
14495,1.0,5.0,3.0,5.0,3.0,2.0,0.5,0.5,10.0,62,2508.8799632159744,0,0,77,0,77
14495,1.0,5.0,3.0,5.0,3.0,2.0,0.5,0.5,10.0,63,2401.099954019968,0,0,78,0,78
14495,1.0,5.0,3.0,5.0,3.0,2.0,0.5,0.5,10.0,64,2251.3749425249603,0,0,79,0,79
14495,1.0,5.0,3.0,5.0,3.0,2.0,0.5,0.5,10.0,65,2079.2186781562004,0,0,80,0,80
14495,1.0,5.0,3.0,5.0,3.0,2.0,0.5,0.5,10.0,66,2014.0233476952508,0,0,80,0,80
14495,1.0,5.0,3.0,5.0,3.0,2.0,0.5,0.5,10.0,67,2172.5291846190635,0,0,75,0,75
14495,1.0,5.0,3.0,5.0,3.0,2.0,0.5,0.5,10.0,68,2325.661480773829,0,0,73,0,73
14495,1.0,5.0,3.0,5.0,3.0,2.0,0.5,0.5,10.0,69,2547.0768509672866,0,0,70,0,70
14495,1.0,5.0,3.0,5.0,3.0,2.0,0.5,0.5,10.0,70,2793.8460637091084,0,0,71,0,71
14495,1.0,5.0,3.0,5.0,3.0,2.0,0.5,0.5,10.0,71,2907.3075796363855,0,0,69,0,69
14495,1.0,5.0,3.0,5.0,3.0,2.0,0.5,0.5,10.0,72,2974.1344745454817,0,0,69,0,69
14495,1.0,5.0,3.0,5.0,3.0,2.0,0.5,0.5,10.0,73,3012.668093181852,0,0,68,0,68
14495,1.0,5.0,3.0,5.0,3.0,2.0,0.5,0.5,10.0,74,2985.835116477315,0,0,68,0,68
14495,1.0,5.0,3.0,5.0,3.0,2.0,0.5,0.5,10.0,75,2862.293895596644,0,0,70,0,70
14495,1.0,5.0,3.0,5.0,3.0,2.0,0.5,0.5,10.0,76,2632.8673694958047,0,0,69,0,69
14495,1.0,5.0,3.0,5.0,3.0,2.0,0.5,0.5,10.0,77,2391.084211869756,0,0,68,0,68
14495,1.0,5.0,3.0,5.0,3.0,2.0,0.5,0.5,10.0,78,2043.8552648371951,0,0,75,0,75
14495,1.0,5.0,3.0,5.0,3.0,2.0,0.5,0.5,10.0,79,1984.819081046494,0,0,78,0,78
14495,1.0,5.0,3.0,5.0,3.0,2.0,0.5,0.5,10.0,80,2151.0238513081176,0,0,78,0,78
14495,1.0,5.0,3.0,5.0,3.0,2.0,0.5,0.5,10.0,81,2343.779814135147,0,0,75,0,75
14495,1.0,5.0,3.0,5.0,3.0,2.0,0.5,0.5,10.0,82,2614.7247676689335,0,0,77,0,77
14495,1.0,5.0,3.0,5.0,3.0,2.0,0.5,0.5,10.0,83,2893.405959586167,0,0,72,0,72
14495,1.0,5.0,3.0,5.0,3.0,2.0,0.5,0.5,10.0,84,3196.7574494827086,0,0,69,0,69
14495,1.0,5.0,3.0,5.0,3.0,2.0,0.5,0.5,10.0,85,3425.946811853386,0,0,70,0,70
14495,1.0,5.0,3.0,5.0,3.0,2.0,0.5,0.5,10.0,86,3622.433514816732,0,0,69,0,69
14495,1.0,5.0,3.0,5.0,3.0,2.0,0.5,0.5,10.0,87,3748.0418935209145,0,0,69,0,69
14495,1.0,5.0,3.0,5.0,3.0,2.0,0.5,0.5,10.0,88,3830.0523669011436,0,0,62,0,62
14495,1.0,5.0,3.0,5.0,3.0,2.0,0.5,0.5,10.0,89,4067.56545862643,0,0,56,0,56
14495,1.0,5.0,3.0,5.0,3.0,2.0,0.5,0.5,10.0,90,4334.456823283037,0,0,57,0,57
14495,1.0,5.0,3.0,5.0,3.0,2.0,0.5,0.5,10.0,91,4668.071029103796,0,0,57,0,57
14495,1.0,5.0,3.0,5.0,3.0,2.0,0.5,0.5,10.0,92,5010.088786379745,0,0,65,0,65
14495,1.0,5.0,3.0,5.0,3.0,2.0,0.5,0.5,10.0,93,5332.610982974682,0,0,72,0,72
14495,1.0,5.0,3.0,5.0,3.0,2.0,0.5,0.5,10.0,94,5645.7637287183525,0,0,80,0,80
14495,1.0,5.0,3.0,5.0,3.0,2.0,0.5,0.5,10.0,95,5902.204660897941,0,0,89,0,89
14495,1.0,5.0,3.0,5.0,3.0,2.0,0.5,0.5,10.0,96,6087.755826122426,0,0,102,0,102
14495,1.0,5.0,3.0,5.0,3.0,2.0,0.5,0.5,10.0,97,6154.694782653032,0,0,112,0,112
14495,1.0,5.0,3.0,5.0,3.0,2.0,0.5,0.5,10.0,98,6118.36847831629,0,0,124,0,124
14495,1.0,5.0,3.0,5.0,3.0,2.0,0.5,0.5,10.0,99,5892.960597895362,0,0,135,0,135
14495,1.0,5.0,3.0,5.0,3.0,2.0,0.5,0.5,10.0,100,5416.200747369203,0,0,154,0,154
14495,1.0,5.0,3.0,5.0,3.0,2.0,0.5,0.5,10.0,101,4565.250934211504,0,0,172,0,172
14495,1.0,5.0,3.0,5.0,3.0,2.0,0.5,0.5,10.0,102,4506.56366776438,0,0,178,0,178
14495,1.0,5.0,3.0,5.0,3.0,2.0,0.5,0.5,10.0,103,4898.204584705474,0,0,175,0,175
14495,1.0,5.0,3.0,5.0,3.0,2.0,0.5,0.5,10.0,104,5402.755730881843,0,0,173,0,173
14495,1.0,5.0,3.0,5.0,3.0,2.0,0.5,0.5,10.0,105,6048.444663602304,0,0,171,0,171
14495,1.0,5.0,3.0,5.0,3.0,2.0,0.5,0.5,10.0,106,6810.55582950288,0,0,164,0,164
14495,1.0,5.0,3.0,5.0,3.0,2.0,0.5,0.5,10.0,107,7388.194786878601,0,0,161,0,161
14495,1.0,5.0,3.0,5.0,3.0,2.0,0.5,0.5,10.0,108,7915.243483598251,0,0,162,0,162
14495,1.0,5.0,3.0,5.0,3.0,2.0,0.5,0.5,10.0,109,8304.054354497814,0,0,155,0,155
14495,1.0,5.0,3.0,5.0,3.0,2.0,0.5,0.5,10.0,110,8335.0,0,0,144,0,144
14495,1.0,5.0,3.0,5.0,3.0,2.0,0.5,0.5,10.0,111,8125.0,0,0,153,0,153
14495,1.0,5.0,3.0,5.0,3.0,2.0,0.5,0.5,10.0,112,8125.0,0,0,139,0,139
14495,1.0,5.0,3.0,5.0,3.0,2.0,0.5,0.5,10.0,113,8245.0,0,0,134,0,134
14495,1.0,5.0,3.0,5.0,3.0,2.0,0.5,0.5,10.0,114,8185.0,0,0,140,0,140
14495,1.0,5.0,3.0,5.0,3.0,2.0,0.5,0.5,10.0,115,8020.0,0,0,152,0,152
14495,1.0,5.0,3.0,5.0,3.0,2.0,0.5,0.5,10.0,116,7795.0,0,0,172,0,172
14495,1.0,5.0,3.0,5.0,3.0,2.0,0.5,0.5,10.0,117,7283.75,0,0,195,0,195
14495,1.0,5.0,3.0,5.0,3.0,2.0,0.5,0.5,10.0,118,6344.6875,0,0,213,0,213
14495,1.0,5.0,3.0,5.0,3.0,2.0,0.5,0.5,10.0,119,5875.859375,0,0,223,0,223
14495,1.0,5.0,3.0,5.0,3.0,2.0,0.5,0.5,10.0,120,6129.82421875,0,0,228,0,228
14495,1.0,5.0,3.0,5.0,3.0,2.0,0.5,0.5,10.0,121,6477.2802734375,0,0,229,0,229
14495,1.0,5.0,3.0,5.0,3.0,2.0,0.5,0.5,10.0,122,6881.600341796875,0,0,229,0,229
14495,1.0,5.0,3.0,5.0,3.0,2.0,0.5,0.5,10.0,123,7312.000427246094,0,0,227,0,227
14495,1.0,5.0,3.0,5.0,3.0,2.0,0.5,0.5,10.0,124,7850.000534057617,0,0,223,0,223
14495,1.0,5.0,3.0,5.0,3.0,2.0,0.5,0.5,10.0,125,8357.500667572021,0,0,220,0,220
14495,1.0,5.0,3.0,5.0,3.0,2.0,0.5,0.5,10.0,126,8425.0,0,0,211,0,211
14495,1.0,5.0,3.0,5.0,3.0,2.0,0.5,0.5,10.0,127,8155.0,0,0,215,0,215
14495,1.0,5.0,3.0,5.0,3.0,2.0,0.5,0.5,10.0,128,7810.0,0,0,205,0,205
14495,1.0,5.0,3.0,5.0,3.0,2.0,0.5,0.5,10.0,129,7482.5,0,0,199,0,199
14495,1.0,5.0,3.0,5.0,3.0,2.0,0.5,0.5,10.0,130,6968.125,0,0,200,0,200
14495,1.0,5.0,3.0,5.0,3.0,2.0,0.5,0.5,10.0,131,6130.15625,0,0,208,0,208
14495,1.0,5.0,3.0,5.0,3.0,2.0,0.5,0.5,10.0,132,5712.6953125,0,0,219,0,219
14495,1.0,5.0,3.0,5.0,3.0,2.0,0.5,0.5,10.0,133,5820.869140625,0,0,211,0,211
14495,1.0,5.0,3.0,5.0,3.0,2.0,0.5,0.5,10.0,134,5941.08642578125,0,0,212,0,212
14495,1.0,5.0,3.0,5.0,3.0,2.0,0.5,0.5,10.0,135,6121.3580322265625,0,0,220,0,220
14495,1.0,5.0,3.0,5.0,3.0,2.0,0.5,0.5,10.0,136,6256.697540283203,0,0,223,0,223
14495,1.0,5.0,3.0,5.0,3.0,2.0,0.5,0.5,10.0,137,6290.871925354004,0,0,222,0,222
14495,1.0,5.0,3.0,5.0,3.0,2.0,0.5,0.5,10.0,138,6168.589906692505,0,0,221,0,221
14495,1.0,5.0,3.0,5.0,3.0,2.0,0.5,0.5,10.0,139,6045.737383365631,0,0,218,0,218
14495,1.0,5.0,3.0,5.0,3.0,2.0,0.5,0.5,10.0,140,5937.171729207039,0,0,216,0,216
14495,1.0,5.0,3.0,5.0,3.0,2.0,0.5,0.5,10.0,141,5756.464661508799,0,0,208,0,208
14495,1.0,5.0,3.0,5.0,3.0,2.0,0.5,0.5,10.0,142,5560.580826885998,0,0,200,0,200
14495,1.0,5.0,3.0,5.0,3.0,2.0,0.5,0.5,10.0,143,5345.726033607498,0,0,197,0,197
14495,1.0,5.0,3.0,5.0,3.0,2.0,0.5,0.5,10.0,144,5182.157542009372,0,0,189,0,189
14495,1.0,5.0,3.0,5.0,3.0,2.0,0.5,0.5,10.0,145,5172.696927511715,0,0,185,0,185
14495,1.0,5.0,3.0,5.0,3.0,2.0,0.5,0.5,10.0,146,5145.871159389644,0,0,190,0,190
14495,1.0,5.0,3.0,5.0,3.0,2.0,0.5,0.5,10.0,147,5307.338949237055,0,0,185,0,185
14495,1.0,5.0,3.0,5.0,3.0,2.0,0.5,0.5,10.0,148,5389.173686546319,0,0,185,0,185
14495,1.0,5.0,3.0,5.0,3.0,2.0,0.5,0.5,10.0,149,5476.467108182898,0,0,181,0,181
14495,1.0,5.0,3.0,5.0,3.0,2.0,0.5,0.5,10.0,150,5495.583885228623,0,0,179,0,179
14495,1.0,5.0,3.0,5.0,3.0,2.0,0.5,0.5,10.0,151,5369.47985653578,0,0,182,0,182
14495,1.0,5.0,3.0,5.0,3.0,2.0,0.5,0.5,10.0,152,4941.849820669724,0,0,180,0,180
14495,1.0,5.0,3.0,5.0,3.0,2.0,0.5,0.5,10.0,153,4857.3122758371555,0,0,185,0,185
14495,1.0,5.0,3.0,5.0,3.0,2.0,0.5,0.5,10.0,154,4856.640344796444,0,0,171,0,171
14495,1.0,5.0,3.0,5.0,3.0,2.0,0.5,0.5,10.0,155,4915.800430995555,0,0,166,0,166
14495,1.0,5.0,3.0,5.0,3.0,2.0,0.5,0.5,10.0,156,4914.7505387444435,0,0,165,0,165
14495,1.0,5.0,3.0,5.0,3.0,2.0,0.5,0.5,10.0,157,4793.438173430554,0,0,166,0,166
14495,1.0,5.0,3.0,5.0,3.0,2.0,0.5,0.5,10.0,158,4566.797716788193,0,0,169,0,169
14495,1.0,5.0,3.0,5.0,3.0,2.0,0.5,0.5,10.0,159,4598.49714598524,0,0,168,0,168
14495,1.0,5.0,3.0,5.0,3.0,2.0,0.5,0.5,10.0,160,4653.12143248155,0,0,167,0,167
14495,1.0,5.0,3.0,5.0,3.0,2.0,0.5,0.5,10.0,161,4691.401790601938,0,0,164,0,164
14495,1.0,5.0,3.0,5.0,3.0,2.0,0.5,0.5,10.0,162,4739.252238252422,0,0,158,0,158
14495,1.0,5.0,3.0,5.0,3.0,2.0,0.5,0.5,10.0,163,4724.065297815528,0,0,154,0,154
14495,1.0,5.0,3.0,5.0,3.0,2.0,0.5,0.5,10.0,164,4585.081622269409,0,0,155,0,155
14495,1.0,5.0,3.0,5.0,3.0,2.0,0.5,0.5,10.0,165,4291.352027836761,0,0,159,0,159
14495,1.0,5.0,3.0,5.0,3.0,2.0,0.5,0.5,10.0,166,4254.190034795952,0,0,155,0,155
14495,1.0,5.0,3.0,5.0,3.0,2.0,0.5,0.5,10.0,167,4327.73754349494,0,0,157,0,157
14495,1.0,5.0,3.0,5.0,3.0,2.0,0.5,0.5,10.0,168,4299.671929368675,0,0,151,0,151
14495,1.0,5.0,3.0,5.0,3.0,2.0,0.5,0.5,10.0,169,4294.589911710844,0,0,146,0,146
14495,1.0,5.0,3.0,5.0,3.0,2.0,0.5,0.5,10.0,170,4288.237389638554,0,0,144,0,144
14495,1.0,5.0,3.0,5.0,3.0,2.0,0.5,0.5,10.0,171,4100.296737048193,0,0,143,0,143
14495,1.0,5.0,3.0,5.0,3.0,2.0,0.5,0.5,10.0,172,3970.370921310241,0,0,148,0,148
14495,1.0,5.0,3.0,5.0,3.0,2.0,0.5,0.5,10.0,173,4017.9636516378014,0,0,145,0,145
14495,1.0,5.0,3.0,5.0,3.0,2.0,0.5,0.5,10.0,174,3957.4545645472517,0,0,142,0,142
14495,1.0,5.0,3.0,5.0,3.0,2.0,0.5,0.5,10.0,175,3986.818205684065,0,0,138,0,138
14495,1.0,5.0,3.0,5.0,3.0,2.0,0.5,0.5,10.0,176,3978.522757105082,0,0,128,0,128
14495,1.0,5.0,3.0,5.0,3.0,2.0,0.5,0.5,10.0,177,3788.1534463813523,0,0,133,0,133
14495,1.0,5.0,3.0,5.0,3.0,2.0,0.5,0.5,10.0,178,3640.19180797669,0,0,132,0,132
14495,1.0,5.0,3.0,5.0,3.0,2.0,0.5,0.5,10.0,179,3530.239759970863,0,0,130,0,130
14495,1.0,5.0,3.0,5.0,3.0,2.0,0.5,0.5,10.0,180,3542.799699963579,0,0,131,0,131
14495,1.0,5.0,3.0,5.0,3.0,2.0,0.5,0.5,10.0,181,3543.499624954474,0,0,126,0,126
14495,1.0,5.0,3.0,5.0,3.0,2.0,0.5,0.5,10.0,182,3559.3745311930925,0,0,122,0,122
14495,1.0,5.0,3.0,5.0,3.0,2.0,0.5,0.5,10.0,183,3474.218163991365,0,0,126,0,126
14495,1.0,5.0,3.0,5.0,3.0,2.0,0.5,0.5,10.0,184,3412.7727049892064,0,0,125,0,125
14495,1.0,5.0,3.0,5.0,3.0,2.0,0.5,0.5,10.0,185,3335.965881236508,0,0,119,0,119
14495,1.0,5.0,3.0,5.0,3.0,2.0,0.5,0.5,10.0,186,3374.957351545635,0,0,123,0,123
14495,1.0,5.0,3.0,5.0,3.0,2.0,0.5,0.5,10.0,187,3333.696689432044,0,0,119,0,119
14495,1.0,5.0,3.0,5.0,3.0,2.0,0.5,0.5,10.0,188,3327.1208617900547,0,0,117,0,117
14495,1.0,5.0,3.0,5.0,3.0,2.0,0.5,0.5,10.0,189,3408.9010772375686,0,0,109,0,109
14495,1.0,5.0,3.0,5.0,3.0,2.0,0.5,0.5,10.0,190,3286.126346546961,0,0,109,0,109
14495,1.0,5.0,3.0,5.0,3.0,2.0,0.5,0.5,10.0,191,3132.657933183701,0,0,112,0,112
14495,1.0,5.0,3.0,5.0,3.0,2.0,0.5,0.5,10.0,192,2985.8224164796266,0,0,113,0,113
14495,1.0,5.0,3.0,5.0,3.0,2.0,0.5,0.5,10.0,193,3117.278020599533,0,0,109,0,109
14495,1.0,5.0,3.0,5.0,3.0,2.0,0.5,0.5,10.0,194,3176.5975257494165,0,0,105,0,105
14495,1.0,5.0,3.0,5.0,3.0,2.0,0.5,0.5,10.0,195,3160.746907186771,0,0,103,0,103
14495,1.0,5.0,3.0,5.0,3.0,2.0,0.5,0.5,10.0,196,3080.9336339834636,0,0,106,0,106
14495,1.0,5.0,3.0,5.0,3.0,2.0,0.5,0.5,10.0,197,2966.167042479329,0,0,106,0,106
14495,1.0,5.0,3.0,5.0,3.0,2.0,0.5,0.5,10.0,198,2852.7088030991617,0,0,104,0,104
14495,1.0,5.0,3.0,5.0,3.0,2.0,0.5,0.5,10.0,199,2845.886003873952,0,0,104,0,104
14495,1.0,5.0,3.0,5.0,3.0,2.0,0.5,0.5,10.0,200,2852.35750484244,0,0,104,0,104
14495,1.0,5.0,3.0,5.0,3.0,2.0,0.5,0.5,10.0,201,2815.4468810530498,0,0,101,0,101
14495,1.0,5.0,3.0,5.0,3.0,2.0,0.5,0.5,10.0,202,2844.308601316312,0,0,101,0,101
14495,1.0,5.0,3.0,5.0,3.0,2.0,0.5,0.5,10.0,203,2835.38575164539,0,0,97,0,97
14495,1.0,5.0,3.0,5.0,3.0,2.0,0.5,0.5,10.0,204,2824.2321895567375,0,0,93,0,93
14495,1.0,5.0,3.0,5.0,3.0,2.0,0.5,0.5,10.0,205,2615.2902369459216,0,0,95,0,95
14495,1.0,5.0,3.0,5.0,3.0,2.0,0.5,0.5,10.0,206,2594.1127961824022,0,0,94,0,94
14495,1.0,5.0,3.0,5.0,3.0,2.0,0.5,0.5,10.0,207,2582.640995228003,0,0,95,0,95
14495,1.0,5.0,3.0,5.0,3.0,2.0,0.5,0.5,10.0,208,2598.3012440350035,0,0,95,0,95
14495,1.0,5.0,3.0,5.0,3.0,2.0,0.5,0.5,10.0,209,2677.8765550437543,0,0,87,0,87
14495,1.0,5.0,3.0,5.0,3.0,2.0,0.5,0.5,10.0,210,2747.345693804693,0,0,84,0,84
14495,1.0,5.0,3.0,5.0,3.0,2.0,0.5,0.5,10.0,211,2774.182117255866,0,0,85,0,85
14495,1.0,5.0,3.0,5.0,3.0,2.0,0.5,0.5,10.0,212,2777.727646569833,0,0,86,0,86
14495,1.0,5.0,3.0,5.0,3.0,2.0,0.5,0.5,10.0,213,2722.159558212291,0,0,84,0,84
14495,1.0,5.0,3.0,5.0,3.0,2.0,0.5,0.5,10.0,214,2517.6994477653634,0,0,90,0,90
14495,1.0,5.0,3.0,5.0,3.0,2.0,0.5,0.5,10.0,215,2427.1243097067045,0,0,91,0,91
14495,1.0,5.0,3.0,5.0,3.0,2.0,0.5,0.5,10.0,216,2478.905387133381,0,0,87,0,87
14495,1.0,5.0,3.0,5.0,3.0,2.0,0.5,0.5,10.0,217,2528.6317339167263,0,0,84,0,84
14495,1.0,5.0,3.0,5.0,3.0,2.0,0.5,0.5,10.0,218,2620.7896673959076,0,0,79,0,79
14495,1.0,5.0,3.0,5.0,3.0,2.0,0.5,0.5,10.0,219,2720.9870842448845,0,0,80,0,80
14495,1.0,5.0,3.0,5.0,3.0,2.0,0.5,0.5,10.0,220,2741.2338553061054,0,0,79,0,79
14495,1.0,5.0,3.0,5.0,3.0,2.0,0.5,0.5,10.0,221,2721.5423191326317,0,0,79,0,79
14495,1.0,5.0,3.0,5.0,3.0,2.0,0.5,0.5,10.0,222,2591.9278989157897,0,0,81,0,81
14495,1.0,5.0,3.0,5.0,3.0,2.0,0.5,0.5,10.0,223,2384.909873644737,0,0,82,0,82
14495,1.0,5.0,3.0,5.0,3.0,2.0,0.5,0.5,10.0,224,2291.1373420559216,0,0,87,0,87
14495,1.0,5.0,3.0,5.0,3.0,2.0,0.5,0.5,10.0,225,2278.921677569902,0,0,79,0,79
14495,1.0,5.0,3.0,5.0,3.0,2.0,0.5,0.5,10.0,226,2293.6520969623775,0,0,76,0,76
14495,1.0,5.0,3.0,5.0,3.0,2.0,0.5,0.5,10.0,227,2222.065121202972,0,0,75,0,75
14495,1.0,5.0,3.0,5.0,3.0,2.0,0.5,0.5,10.0,228,2117.581401503715,0,0,77,0,77
14495,1.0,5.0,3.0,5.0,3.0,2.0,0.5,0.5,10.0,229,2136.9767518796434,0,0,79,0,79
14495,1.0,5.0,3.0,5.0,3.0,2.0,0.5,0.5,10.0,230,2236.2209398495543,0,0,78,0,78
14495,1.0,5.0,3.0,5.0,3.0,2.0,0.5,0.5,10.0,231,2345.276174811943,0,0,76,0,76
14495,1.0,5.0,3.0,5.0,3.0,2.0,0.5,0.5,10.0,232,2406.5952185149285,0,0,76,0,76
14495,1.0,5.0,3.0,5.0,3.0,2.0,0.5,0.5,10.0,233,2423.244023143661,0,0,74,0,74
14495,1.0,5.0,3.0,5.0,3.0,2.0,0.5,0.5,10.0,234,2399.055028929576,0,0,75,0,75
14495,1.0,5.0,3.0,5.0,3.0,2.0,0.5,0.5,10.0,235,2338.81878616197,0,0,68,0,68
14495,1.0,5.0,3.0,5.0,3.0,2.0,0.5,0.5,10.0,236,2173.5234827024624,0,0,74,0,74
14495,1.0,5.0,3.0,5.0,3.0,2.0,0.5,0.5,10.0,237,1951.9043533780778,0,0,72,0,72
14495,1.0,5.0,3.0,5.0,3.0,2.0,0.5,0.5,10.0,238,1989.8804417225974,0,0,72,0,72
14495,1.0,5.0,3.0,5.0,3.0,2.0,0.5,0.5,10.0,239,1977.350552153247,0,0,68,0,68
14495,1.0,5.0,3.0,5.0,3.0,2.0,0.5,0.5,10.0,240,1961.6881901915585,0,0,73,0,73
14495,1.0,5.0,3.0,5.0,3.0,2.0,0.5,0.5,10.0,241,2032.1102377394482,0,0,72,0,72
14495,1.0,5.0,3.0,5.0,3.0,2.0,0.5,0.5,10.0,242,2120.1377971743104,0,0,72,0,72
14495,1.0,5.0,3.0,5.0,3.0,2.0,0.5,0.5,10.0,243,2155.172246467888,0,0,70,0,70
14495,1.0,5.0,3.0,5.0,3.0,2.0,0.5,0.5,10.0,244,2153.9653080848598,0,0,71,0,71
14495,1.0,5.0,3.0,5.0,3.0,2.0,0.5,0.5,10.0,245,2107.456635106075,0,0,71,0,71
14495,1.0,5.0,3.0,5.0,3.0,2.0,0.5,0.5,10.0,246,2004.3207938825935,0,0,73,0,73
14495,1.0,5.0,3.0,5.0,3.0,2.0,0.5,0.5,10.0,247,1980.4009923532421,0,0,71,0,71
14495,1.0,5.0,3.0,5.0,3.0,2.0,0.5,0.5,10.0,248,1920.501240441553,0,0,66,0,66
14495,1.0,5.0,3.0,5.0,3.0,2.0,0.5,0.5,10.0,249,1785.6265505519414,0,0,65,0,65
14495,1.0,5.0,3.0,5.0,3.0,2.0,0.5,0.5,10.0,250,1722.0331881899265,0,0,66,0,66
14495,1.0,5.0,3.0,5.0,3.0,2.0,0.5,0.5,10.0,251,1837.5414852374079,0,0,66,0,66
14495,1.0,5.0,3.0,5.0,3.0,2.0,0.5,0.5,10.0,252,1876.92685654676,0,0,64,0,64
14495,1.0,5.0,3.0,5.0,3.0,2.0,0.5,0.5,10.0,253,1851.1585706834503,0,0,62,0,62
14495,1.0,5.0,3.0,5.0,3.0,2.0,0.5,0.5,10.0,254,1863.9482133543129,0,0,60,0,60
14495,1.0,5.0,3.0,5.0,3.0,2.0,0.5,0.5,10.0,255,1789.9352666928912,0,0,65,0,65
14495,1.0,5.0,3.0,5.0,3.0,2.0,0.5,0.5,10.0,256,1787.4190833661141,0,0,63,0,63
14495,1.0,5.0,3.0,5.0,3.0,2.0,0.5,0.5,10.0,257,1799.2738542076427,0,0,61,0,61
14495,1.0,5.0,3.0,5.0,3.0,2.0,0.5,0.5,10.0,258,1754.0923177595532,0,0,58,0,58
14495,1.0,5.0,3.0,5.0,3.0,2.0,0.5,0.5,10.0,259,1682.6153971994418,0,0,62,0,62
14495,1.0,5.0,3.0,5.0,3.0,2.0,0.5,0.5,10.0,260,1623.2692464993024,0,0,60,0,60
14495,1.0,5.0,3.0,5.0,3.0,2.0,0.5,0.5,10.0,261,1639.086558124128,0,0,57,0,57
14495,1.0,5.0,3.0,5.0,3.0,2.0,0.5,0.5,10.0,262,1673.85819765516,0,0,55,0,55
14495,1.0,5.0,3.0,5.0,3.0,2.0,0.5,0.5,10.0,263,1627.3227470689499,0,0,57,0,57
14495,1.0,5.0,3.0,5.0,3.0,2.0,0.5,0.5,10.0,264,1554.1534338361873,0,0,57,0,57
14495,1.0,5.0,3.0,5.0,3.0,2.0,0.5,0.5,10.0,265,1507.691792295234,0,0,56,0,56
14495,1.0,5.0,3.0,5.0,3.0,2.0,0.5,0.5,10.0,266,1554.6147403690427,0,0,53,0,53
14495,1.0,5.0,3.0,5.0,3.0,2.0,0.5,0.5,10.0,267,1538.2684254613034,0,0,55,0,55
14495,1.0,5.0,3.0,5.0,3.0,2.0,0.5,0.5,10.0,268,1472.8355318266292,0,0,54,0,54
14495,1.0,5.0,3.0,5.0,3.0,2.0,0.5,0.5,10.0,269,1436.0444147832866,0,0,56,0,56
14495,1.0,5.0,3.0,5.0,3.0,2.0,0.5,0.5,10.0,270,1435.0555184791083,0,0,50,0,50
14495,1.0,5.0,3.0,5.0,3.0,2.0,0.5,0.5,10.0,271,1433.8193980988854,0,0,52,0,52
14495,1.0,5.0,3.0,5.0,3.0,2.0,0.5,0.5,10.0,272,1432.2742476236067,0,0,50,0,50
14495,1.0,5.0,3.0,5.0,3.0,2.0,0.5,0.5,10.0,273,1400.3428095295085,0,0,49,0,49
14495,1.0,5.0,3.0,5.0,3.0,2.0,0.5,0.5,10.0,274,1345.4285119118856,0,0,51,0,51
14495,1.0,5.0,3.0,5.0,3.0,2.0,0.5,0.5,10.0,275,1306.785639889857,0,0,49,0,49
14495,1.0,5.0,3.0,5.0,3.0,2.0,0.5,0.5,10.0,276,1348.4820498623212,0,0,49,0,49
14495,1.0,5.0,3.0,5.0,3.0,2.0,0.5,0.5,10.0,277,1400.6025623279015,0,0,49,0,49
14495,1.0,5.0,3.0,5.0,3.0,2.0,0.5,0.5,10.0,278,1465.753202909877,0,0,47,0,47
14495,1.0,5.0,3.0,5.0,3.0,2.0,0.5,0.5,10.0,279,1502.1915036373462,0,0,46,0,46
14495,1.0,5.0,3.0,5.0,3.0,2.0,0.5,0.5,10.0,280,1502.7393795466828,0,0,44,0,44
14495,1.0,5.0,3.0,5.0,3.0,2.0,0.5,0.5,10.0,281,1533.4242244333536,0,0,44,0,44
14495,1.0,5.0,3.0,5.0,3.0,2.0,0.5,0.5,10.0,282,1466.780280541692,0,0,45,0,45
14495,1.0,5.0,3.0,5.0,3.0,2.0,0.5,0.5,10.0,283,1383.475350677115,0,0,45,0,45
14495,1.0,5.0,3.0,5.0,3.0,2.0,0.5,0.5,10.0,284,1234.3441883463938,0,0,44,0,44
14495,1.0,5.0,3.0,5.0,3.0,2.0,0.5,0.5,10.0,285,1197.9302354329923,0,0,48,0,48
14495,1.0,5.0,3.0,5.0,3.0,2.0,0.5,0.5,10.0,286,1272.4127942912403,0,0,45,0,45
14495,1.0,5.0,3.0,5.0,3.0,2.0,0.5,0.5,10.0,287,1350.5159928640503,0,0,42,0,42
14495,1.0,5.0,3.0,5.0,3.0,2.0,0.5,0.5,10.0,288,1448.144991080063,0,0,43,0,43
14495,1.0,5.0,3.0,5.0,3.0,2.0,0.5,0.5,10.0,289,1555.1812388500787,0,0,42,0,42
14495,1.0,5.0,3.0,5.0,3.0,2.0,0.5,0.5,10.0,290,1613.9765485625983,0,0,42,0,42
14495,1.0,5.0,3.0,5.0,3.0,2.0,0.5,0.5,10.0,291,1687.470685703248,0,0,39,0,39
14495,1.0,5.0,3.0,5.0,3.0,2.0,0.5,0.5,10.0,292,1689.3383571290597,0,0,40,0,40
14495,1.0,5.0,3.0,5.0,3.0,2.0,0.5,0.5,10.0,293,1646.6729464113246,0,0,41,0,41
14495,1.0,5.0,3.0,5.0,3.0,2.0,0.5,0.5,10.0,294,1548.3411830141558,0,0,43,0,43
14495,1.0,5.0,3.0,5.0,3.0,2.0,0.5,0.5,10.0,295,1410.4264787676948,0,0,44,0,44
14495,1.0,5.0,3.0,5.0,3.0,2.0,0.5,0.5,10.0,296,1238.0330984596185,0,0,41,0,41
14495,1.0,5.0,3.0,5.0,3.0,2.0,0.5,0.5,10.0,297,1142.541373074523,0,0,46,0,46
14495,1.0,5.0,3.0,5.0,3.0,2.0,0.5,0.5,10.0,298,1158.1767163431539,0,0,41,0,41
14495,1.0,5.0,3.0,5.0,3.0,2.0,0.5,0.5,10.0,299,1117.7208954289424,0,0,44,0,44
14495,1.0,5.0,3.0,5.0,3.0,2.0,0.5,0.5,10.0,300,1187.151119286178,0,0,43,0,43
14495,1.0,5.0,3.0,5.0,3.0,2.0,0.5,0.5,10.0,301,1243.9388991077226,0,0,43,0,43
14495,1.0,5.0,3.0,5.0,3.0,2.0,0.5,0.5,10.0,302,1359.9236238846534,0,0,41,0,41
14495,1.0,5.0,3.0,5.0,3.0,2.0,0.5,0.5,10.0,303,1474.9045298558167,0,0,40,0,40
14495,1.0,5.0,3.0,5.0,3.0,2.0,0.5,0.5,10.0,304,1543.6306623197709,0,0,41,0,41
14495,1.0,5.0,3.0,5.0,3.0,2.0,0.5,0.5,10.0,305,1554.5383278997135,0,0,37,0,37
14495,1.0,5.0,3.0,5.0,3.0,2.0,0.5,0.5,10.0,306,1523.1729098746418,0,0,38,0,38
14495,1.0,5.0,3.0,5.0,3.0,2.0,0.5,0.5,10.0,307,1483.9661373433023,0,0,37,0,37
14495,1.0,5.0,3.0,5.0,3.0,2.0,0.5,0.5,10.0,308,1419.957671679128,0,0,33,0,33
14495,1.0,5.0,3.0,5.0,3.0,2.0,0.5,0.5,10.0,309,1294.94708959891,0,0,37,0,37
14495,1.0,5.0,3.0,5.0,3.0,2.0,0.5,0.5,10.0,310,1123.6838619986374,0,0,37,0,37
14495,1.0,5.0,3.0,5.0,3.0,2.0,0.5,0.5,10.0,311,984.6048274982968,0,0,38,0,38
14495,1.0,5.0,3.0,5.0,3.0,2.0,0.5,0.5,10.0,312,1050.756034372871,0,0,37,0,37
14495,1.0,5.0,3.0,5.0,3.0,2.0,0.5,0.5,10.0,313,1118.4450429660887,0,0,37,0,37
14495,1.0,5.0,3.0,5.0,3.0,2.0,0.5,0.5,10.0,314,1188.0563037076108,0,0,37,0,37
14495,1.0,5.0,3.0,5.0,3.0,2.0,0.5,0.5,10.0,315,1305.0703796345135,0,0,36,0,36
14495,1.0,5.0,3.0,5.0,3.0,2.0,0.5,0.5,10.0,316,1391.3379745431419,0,0,35,0,35
14495,1.0,5.0,3.0,5.0,3.0,2.0,0.5,0.5,10.0,317,1469.1724681789274,0,0,35,0,35
14495,1.0,5.0,3.0,5.0,3.0,2.0,0.5,0.5,10.0,318,1506.4655852236592,0,0,35,0,35
14495,1.0,5.0,3.0,5.0,3.0,2.0,0.5,0.5,10.0,319,1478.081981529574,0,0,34,0,34
14495,1.0,5.0,3.0,5.0,3.0,2.0,0.5,0.5,10.0,320,1427.6024769119676,0,0,33,0,33
14495,1.0,5.0,3.0,5.0,3.0,2.0,0.5,0.5,10.0,321,1394.5030961399596,0,0,31,0,31
14495,1.0,5.0,3.0,5.0,3.0,2.0,0.5,0.5,10.0,322,1308.1288701749495,0,0,35,0,35
14495,1.0,5.0,3.0,5.0,3.0,2.0,0.5,0.5,10.0,323,1155.1610877186868,0,0,39,0,39
14495,1.0,5.0,3.0,5.0,3.0,2.0,0.5,0.5,10.0,324,1053.9513596483584,0,0,40,0,40
14495,1.0,5.0,3.0,5.0,3.0,2.0,0.5,0.5,10.0,325,1107.439199560448,0,0,40,0,40
14495,1.0,5.0,3.0,5.0,3.0,2.0,0.5,0.5,10.0,326,1159.2989994505601,0,0,36,0,36
14495,1.0,5.0,3.0,5.0,3.0,2.0,0.5,0.5,10.0,327,1134.1237493132003,0,0,38,0,38
14495,1.0,5.0,3.0,5.0,3.0,2.0,0.5,0.5,10.0,328,1132.6546866415003,0,0,38,0,38
14495,1.0,5.0,3.0,5.0,3.0,2.0,0.5,0.5,10.0,329,1115.8183583018754,0,0,39,0,39
14495,1.0,5.0,3.0,5.0,3.0,2.0,0.5,0.5,10.0,330,1064.7729478773442,0,0,41,0,41
14495,1.0,5.0,3.0,5.0,3.0,2.0,0.5,0.5,10.0,331,1105.9661848466803,0,0,38,0,38
14495,1.0,5.0,3.0,5.0,3.0,2.0,0.5,0.5,10.0,332,1127.4577310583504,0,0,39,0,39
14495,1.0,5.0,3.0,5.0,3.0,2.0,0.5,0.5,10.0,333,1109.322163822938,0,0,39,0,39
14495,1.0,5.0,3.0,5.0,3.0,2.0,0.5,0.5,10.0,334,1056.6527047786724,0,0,38,0,38
14495,1.0,5.0,3.0,5.0,3.0,2.0,0.5,0.5,10.0,335,1005.8158809733404,0,0,37,0,37
14495,1.0,5.0,3.0,5.0,3.0,2.0,0.5,0.5,10.0,336,987.2698512166755,0,0,35,0,35
14495,1.0,5.0,3.0,5.0,3.0,2.0,0.5,0.5,10.0,337,994.0873140208444,0,0,36,0,36
14495,1.0,5.0,3.0,5.0,3.0,2.0,0.5,0.5,10.0,338,957.6091425260554,0,0,36,0,36
14495,1.0,5.0,3.0,5.0,3.0,2.0,0.5,0.5,10.0,339,1017.0114281575693,0,0,35,0,35
14495,1.0,5.0,3.0,5.0,3.0,2.0,0.5,0.5,10.0,340,1046.2642851969617,0,0,34,0,34
14495,1.0,5.0,3.0,5.0,3.0,2.0,0.5,0.5,10.0,341,1127.830356496202,0,0,30,0,30
14495,1.0,5.0,3.0,5.0,3.0,2.0,0.5,0.5,10.0,342,1184.7879456202527,0,0,32,0,32
14495,1.0,5.0,3.0,5.0,3.0,2.0,0.5,0.5,10.0,343,1240.9849320253159,0,0,30,0,30
14495,1.0,5.0,3.0,5.0,3.0,2.0,0.5,0.5,10.0,344,1281.2311650316449,0,0,31,0,31
14495,1.0,5.0,3.0,5.0,3.0,2.0,0.5,0.5,10.0,345,1316.5389562895562,0,0,29,0,29
14495,1.0,5.0,3.0,5.0,3.0,2.0,0.5,0.5,10.0,346,1330.6736953619452,0,0,30,0,30
14495,1.0,5.0,3.0,5.0,3.0,2.0,0.5,0.5,10.0,347,1303.3421192024316,0,0,30,0,30
14495,1.0,5.0,3.0,5.0,3.0,2.0,0.5,0.5,10.0,348,1209.1776490030395,0,0,31,0,31
14495,1.0,5.0,3.0,5.0,3.0,2.0,0.5,0.5,10.0,349,1076.4720612537994,0,0,35,0,35
14495,1.0,5.0,3.0,5.0,3.0,2.0,0.5,0.5,10.0,350,940.5900765672493,0,0,36,0,36
14495,1.0,5.0,3.0,5.0,3.0,2.0,0.5,0.5,10.0,351,905.7375957090617,0,0,34,0,34
14495,1.0,5.0,3.0,5.0,3.0,2.0,0.5,0.5,10.0,352,952.1719946363271,0,0,36,0,36
14495,1.0,5.0,3.0,5.0,3.0,2.0,0.5,0.5,10.0,353,995.2149932954089,0,0,35,0,35
14495,1.0,5.0,3.0,5.0,3.0,2.0,0.5,0.5,10.0,354,1034.0187416192612,0,0,37,0,37
14495,1.0,5.0,3.0,5.0,3.0,2.0,0.5,0.5,10.0,355,1052.5234270240765,0,0,37,0,37
14495,1.0,5.0,3.0,5.0,3.0,2.0,0.5,0.5,10.0,356,1060.6542837800955,0,0,35,0,35
14495,1.0,5.0,3.0,5.0,3.0,2.0,0.5,0.5,10.0,357,1100.8178547251193,0,0,31,0,31
14495,1.0,5.0,3.0,5.0,3.0,2.0,0.5,0.5,10.0,358,1136.022318406399,0,0,31,0,31
14495,1.0,5.0,3.0,5.0,3.0,2.0,0.5,0.5,10.0,359,1105.0278980079988,0,0,32,0,32
14495,1.0,5.0,3.0,5.0,3.0,2.0,0.5,0.5,10.0,360,1021.2848725099984,0,0,33,0,33
14495,1.0,5.0,3.0,5.0,3.0,2.0,0.5,0.5,10.0,361,916.606090637498,0,0,29,0,29
14495,1.0,5.0,3.0,5.0,3.0,2.0,0.5,0.5,10.0,362,785.7576132968725,0,0,32,0,32
14495,1.0,5.0,3.0,5.0,3.0,2.0,0.5,0.5,10.0,363,757.1970166210906,0,0,32,0,32
14495,1.0,5.0,3.0,5.0,3.0,2.0,0.5,0.5,10.0,364,766.4962707763632,0,0,33,0,33
14495,1.0,5.0,3.0,5.0,3.0,2.0,0.5,0.5,10.0,365,913.120338470454,0,0,30,0,30
14495,1.0,5.0,3.0,5.0,3.0,2.0,0.5,0.5,10.0,366,1096.4004230880676,0,0,28,0,28
14495,1.0,5.0,3.0,5.0,3.0,2.0,0.5,0.5,10.0,367,1250.5005288600844,0,0,25,0,25
14495,1.0,5.0,3.0,5.0,3.0,2.0,0.5,0.5,10.0,368,1488.1256610751054,0,0,25,0,25
14495,1.0,5.0,3.0,5.0,3.0,2.0,0.5,0.5,10.0,369,1725.1570763438817,0,0,23,0,23
14495,1.0,5.0,3.0,5.0,3.0,2.0,0.5,0.5,10.0,370,1961.446345429852,0,0,23,0,23
14495,1.0,5.0,3.0,5.0,3.0,2.0,0.5,0.5,10.0,371,2211.8079317873153,0,0,20,0,20
14495,1.0,5.0,3.0,5.0,3.0,2.0,0.5,0.5,10.0,372,2524.7599147341443,0,0,19,0,19
14495,1.0,5.0,3.0,5.0,3.0,2.0,0.5,0.5,10.0,373,2915.9498934176804,0,0,17,0,17
14495,1.0,5.0,3.0,5.0,3.0,2.0,0.5,0.5,10.0,374,3434.9373667721006,0,0,17,0,17
14495,1.0,5.0,3.0,5.0,3.0,2.0,0.5,0.5,10.0,375,4068.6717084651254,0,0,15,0,15
14495,1.0,5.0,3.0,5.0,3.0,2.0,0.5,0.5,10.0,376,4905.839635581407,0,0,14,0,14
14495,1.0,5.0,3.0,5.0,3.0,2.0,0.5,0.5,10.0,377,5952.2995444767585,0,0,14,0,14
14495,1.0,5.0,3.0,5.0,3.0,2.0,0.5,0.5,10.0,378,7230.374430595948,0,0,16,0,16
14495,1.0,5.0,3.0,5.0,3.0,2.0,0.5,0.5,10.0,379,8812.968038244935,0,0,17,0,17
14495,1.0,5.0,3.0,5.0,3.0,2.0,0.5,0.5,10.0,380,9760.0,0,0,20,0,20
14495,1.0,5.0,3.0,5.0,3.0,2.0,0.5,0.5,10.0,381,9700.0,0,0,23,0,23
14495,1.0,5.0,3.0,5.0,3.0,2.0,0.5,0.5,10.0,382,9655.0,0,0,26,0,26
14495,1.0,5.0,3.0,5.0,3.0,2.0,0.5,0.5,10.0,383,9655.0,0,0,28,0,28
14495,1.0,5.0,3.0,5.0,3.0,2.0,0.5,0.5,10.0,384,9595.0,0,0,31,0,31
14495,1.0,5.0,3.0,5.0,3.0,2.0,0.5,0.5,10.0,385,9550.0,0,0,36,0,36
14495,1.0,5.0,3.0,5.0,3.0,2.0,0.5,0.5,10.0,386,9505.0,0,0,38,0,38
14495,1.0,5.0,3.0,5.0,3.0,2.0,0.5,0.5,10.0,387,9445.0,0,0,42,0,42
14495,1.0,5.0,3.0,5.0,3.0,2.0,0.5,0.5,10.0,388,9385.0,0,0,50,0,50
14495,1.0,5.0,3.0,5.0,3.0,2.0,0.5,0.5,10.0,389,9280.0,0,0,55,0,55
14495,1.0,5.0,3.0,5.0,3.0,2.0,0.5,0.5,10.0,390,9205.0,0,0,62,0,62
14495,1.0,5.0,3.0,5.0,3.0,2.0,0.5,0.5,10.0,391,9130.0,0,0,67,0,67
14495,1.0,5.0,3.0,5.0,3.0,2.0,0.5,0.5,10.0,392,9040.0,0,0,73,0,73
14495,1.0,5.0,3.0,5.0,3.0,2.0,0.5,0.5,10.0,393,8965.0,0,0,82,0,82
14495,1.0,5.0,3.0,5.0,3.0,2.0,0.5,0.5,10.0,394,8815.0,0,0,92,0,92
14495,1.0,5.0,3.0,5.0,3.0,2.0,0.5,0.5,10.0,395,8665.0,0,0,104,0,104
14495,1.0,5.0,3.0,5.0,3.0,2.0,0.5,0.5,10.0,396,8545.0,0,0,115,0,115
14495,1.0,5.0,3.0,5.0,3.0,2.0,0.5,0.5,10.0,397,8380.0,0,0,122,0,122
14495,1.0,5.0,3.0,5.0,3.0,2.0,0.5,0.5,10.0,398,8215.0,0,0,140,0,140
14495,1.0,5.0,3.0,5.0,3.0,2.0,0.5,0.5,10.0,399,8020.0,0,0,157,0,157
14495,1.0,5.0,3.0,5.0,3.0,2.0,0.5,0.5,10.0,400,7705.0,0,0,177,0,177
14495,1.0,5.0,3.0,5.0,3.0,2.0,0.5,0.5,10.0,401,7081.25,0,0,200,0,200
14495,1.0,5.0,3.0,5.0,3.0,2.0,0.5,0.5,10.0,402,6046.5625,0,0,217,0,217
14495,1.0,5.0,3.0,5.0,3.0,2.0,0.5,0.5,10.0,403,6073.203125,0,0,229,0,229
14495,1.0,5.0,3.0,5.0,3.0,2.0,0.5,0.5,10.0,404,6376.50390625,0,0,230,0,230
14495,1.0,5.0,3.0,5.0,3.0,2.0,0.5,0.5,10.0,405,6800.6298828125,0,0,226,0,226
14495,1.0,5.0,3.0,5.0,3.0,2.0,0.5,0.5,10.0,406,7420.787353515625,0,0,222,0,222
14495,1.0,5.0,3.0,5.0,3.0,2.0,0.5,0.5,10.0,407,8015.984191894531,0,0,215,0,215
14495,1.0,5.0,3.0,5.0,3.0,2.0,0.5,0.5,10.0,408,8560.0,0,0,221,0,221
14495,1.0,5.0,3.0,5.0,3.0,2.0,0.5,0.5,10.0,409,8380.0,0,0,220,0,220
14495,1.0,5.0,3.0,5.0,3.0,2.0,0.5,0.5,10.0,410,8275.0,0,0,215,0,215
14495,1.0,5.0,3.0,5.0,3.0,2.0,0.5,0.5,10.0,411,7855.0,0,0,214,0,214
14495,1.0,5.0,3.0,5.0,3.0,2.0,0.5,0.5,10.0,412,7688.75,0,0,199,0,199
14495,1.0,5.0,3.0,5.0,3.0,2.0,0.5,0.5,10.0,413,7165.9375,0,0,203,0,203
14495,1.0,5.0,3.0,5.0,3.0,2.0,0.5,0.5,10.0,414,6317.421875,0,0,212,0,212
14495,1.0,5.0,3.0,5.0,3.0,2.0,0.5,0.5,10.0,415,5571.77734375,0,0,215,0,215
14495,1.0,5.0,3.0,5.0,3.0,2.0,0.5,0.5,10.0,416,5734.7216796875,0,0,209,0,209
14495,1.0,5.0,3.0,5.0,3.0,2.0,0.5,0.5,10.0,417,5908.402099609375,0,0,210,0,210
14495,1.0,5.0,3.0,5.0,3.0,2.0,0.5,0.5,10.0,418,5975.502624511719,0,0,216,0,216
14495,1.0,5.0,3.0,5.0,3.0,2.0,0.5,0.5,10.0,419,6149.378280639648,0,0,217,0,217
14495,1.0,5.0,3.0,5.0,3.0,2.0,0.5,0.5,10.0,420,6321.722850799561,0,0,215,0,215
14495,1.0,5.0,3.0,5.0,3.0,2.0,0.5,0.5,10.0,421,6357.153563499451,0,0,216,0,216
14495,1.0,5.0,3.0,5.0,3.0,2.0,0.5,0.5,10.0,422,6296.441954374313,0,0,216,0,216
14495,1.0,5.0,3.0,5.0,3.0,2.0,0.5,0.5,10.0,423,6040.552442967892,0,0,215,0,215
14495,1.0,5.0,3.0,5.0,3.0,2.0,0.5,0.5,10.0,424,5795.690553709865,0,0,217,0,217
14495,1.0,5.0,3.0,5.0,3.0,2.0,0.5,0.5,10.0,425,5609.613192137331,0,0,201,0,201
14495,1.0,5.0,3.0,5.0,3.0,2.0,0.5,0.5,10.0,426,5377.0164901716635,0,0,194,0,194
14495,1.0,5.0,3.0,5.0,3.0,2.0,0.5,0.5,10.0,427,5161.270612714579,0,0,191,0,191
14495,1.0,5.0,3.0,5.0,3.0,2.0,0.5,0.5,10.0,428,5071.588265893224,0,0,187,0,187
14495,1.0,5.0,3.0,5.0,3.0,2.0,0.5,0.5,10.0,429,5199.48533236653,0,0,191,0,191
14495,1.0,5.0,3.0,5.0,3.0,2.0,0.5,0.5,10.0,430,5239.356665458163,0,0,188,0,188
14495,1.0,5.0,3.0,5.0,3.0,2.0,0.5,0.5,10.0,431,5394.195831822703,0,0,187,0,187
14495,1.0,5.0,3.0,5.0,3.0,2.0,0.5,0.5,10.0,432,5647.7447897783795,0,0,181,0,181
14495,1.0,5.0,3.0,5.0,3.0,2.0,0.5,0.5,10.0,433,5694.680987222974,0,0,175,0,175
14495,1.0,5.0,3.0,5.0,3.0,2.0,0.5,0.5,10.0,434,5813.351234028718,0,0,180,0,180
14495,1.0,5.0,3.0,5.0,3.0,2.0,0.5,0.5,10.0,435,5766.689042535898,0,0,176,0,176
14495,1.0,5.0,3.0,5.0,3.0,2.0,0.5,0.5,10.0,436,5588.361303169872,0,0,168,0,168
14495,1.0,5.0,3.0,5.0,3.0,2.0,0.5,0.5,10.0,437,5245.451628962341,0,0,175,0,175
14495,1.0,5.0,3.0,5.0,3.0,2.0,0.5,0.5,10.0,438,4786.814536202926,0,0,177,0,177
14495,1.0,5.0,3.0,5.0,3.0,2.0,0.5,0.5,10.0,439,4768.518170253657,0,0,177,0,177
14495,1.0,5.0,3.0,5.0,3.0,2.0,0.5,0.5,10.0,440,4865.647712817072,0,0,175,0,175
14495,1.0,5.0,3.0,5.0,3.0,2.0,0.5,0.5,10.0,441,4942.05964102134,0,0,167,0,167
14495,1.0,5.0,3.0,5.0,3.0,2.0,0.5,0.5,10.0,442,5007.574551276675,0,0,172,0,172
14495,1.0,5.0,3.0,5.0,3.0,2.0,0.5,0.5,10.0,443,4969.468189095844,0,0,172,0,172
14495,1.0,5.0,3.0,5.0,3.0,2.0,0.5,0.5,10.0,444,4891.835236369805,0,0,179,0,179
14495,1.0,5.0,3.0,5.0,3.0,2.0,0.5,0.5,10.0,445,4929.794045462257,0,0,180,0,180
14495,1.0,5.0,3.0,5.0,3.0,2.0,0.5,0.5,10.0,446,4797.242556827821,0,0,171,0,171
14495,1.0,5.0,3.0,5.0,3.0,2.0,0.5,0.5,10.0,447,4631.553196034776,0,0,169,0,169
14495,1.0,5.0,3.0,5.0,3.0,2.0,0.5,0.5,10.0,448,4514.44149504347,0,0,164,0,164
14495,1.0,5.0,3.0,5.0,3.0,2.0,0.5,0.5,10.0,449,4428.051868804338,0,0,161,0,161
14495,1.0,5.0,3.0,5.0,3.0,2.0,0.5,0.5,10.0,450,4245.064836005422,0,0,157,0,157
14495,1.0,5.0,3.0,5.0,3.0,2.0,0.5,0.5,10.0,451,4346.3310450067775,0,0,158,0,158
14495,1.0,5.0,3.0,5.0,3.0,2.0,0.5,0.5,10.0,452,4427.913806258472,0,0,154,0,154
14495,1.0,5.0,3.0,5.0,3.0,2.0,0.5,0.5,10.0,453,4484.8922578230895,0,0,152,0,152
14495,1.0,5.0,3.0,5.0,3.0,2.0,0.5,0.5,10.0,454,4421.115322278862,0,0,156,0,156
14495,1.0,5.0,3.0,5.0,3.0,2.0,0.5,0.5,10.0,455,4386.3941528485775,0,0,149,0,149
14495,1.0,5.0,3.0,5.0,3.0,2.0,0.5,0.5,10.0,456,4147.992691060722,0,0,149,0,149
14495,1.0,5.0,3.0,5.0,3.0,2.0,0.5,0.5,10.0,457,3924.990863825902,0,0,147,0,147
14495,1.0,5.0,3.0,5.0,3.0,2.0,0.5,0.5,10.0,458,4081.238579782377,0,0,146,0,146
14495,1.0,5.0,3.0,5.0,3.0,2.0,0.5,0.5,10.0,459,4186.5482247279715,0,0,139,0,139
14495,1.0,5.0,3.0,5.0,3.0,2.0,0.5,0.5,10.0,460,4288.185280909965,0,0,137,0,137
14495,1.0,5.0,3.0,5.0,3.0,2.0,0.5,0.5,10.0,461,4250.231601137456,0,0,137,0,137
14495,1.0,5.0,3.0,5.0,3.0,2.0,0.5,0.5,10.0,462,4082.78950142182,0,0,140,0,140
14495,1.0,5.0,3.0,5.0,3.0,2.0,0.5,0.5,10.0,463,3873.486876777275,0,0,140,0,140
14495,1.0,5.0,3.0,5.0,3.0,2.0,0.5,0.5,10.0,464,3776.858595971594,0,0,136,0,136
14495,1.0,5.0,3.0,5.0,3.0,2.0,0.5,0.5,10.0,465,3701.073244964492,0,0,131,0,131
14495,1.0,5.0,3.0,5.0,3.0,2.0,0.5,0.5,10.0,466,3621.3415562056152,0,0,140,0,140
14495,1.0,5.0,3.0,5.0,3.0,2.0,0.5,0.5,10.0,467,3761.676945257019,0,0,132,0,132
14495,1.0,5.0,3.0,5.0,3.0,2.0,0.5,0.5,10.0,468,3952.0961815712735,0,0,126,0,126
14495,1.0,5.0,3.0,5.0,3.0,2.0,0.5,0.5,10.0,469,4085.1202269640917,0,0,124,0,124
14495,1.0,5.0,3.0,5.0,3.0,2.0,0.5,0.5,10.0,470,4071.400283705115,0,0,122,0,122
14495,1.0,5.0,3.0,5.0,3.0,2.0,0.5,0.5,10.0,471,3994.2503546313937,0,0,131,0,131
14495,1.0,5.0,3.0,5.0,3.0,2.0,0.5,0.5,10.0,472,3747.812943289242,0,0,134,0,134
14495,1.0,5.0,3.0,5.0,3.0,2.0,0.5,0.5,10.0,473,3559.7661791115524,0,0,130,0,130
14495,1.0,5.0,3.0,5.0,3.0,2.0,0.5,0.5,10.0,474,3444.707723889441,0,0,128,0,128
14495,1.0,5.0,3.0,5.0,3.0,2.0,0.5,0.5,10.0,475,3345.884654861801,0,0,121,0,121
14495,1.0,5.0,3.0,5.0,3.0,2.0,0.5,0.5,10.0,476,3297.3558185772517,0,0,119,0,119
14495,1.0,5.0,3.0,5.0,3.0,2.0,0.5,0.5,10.0,477,3296.694773221565,0,0,120,0,120
14495,1.0,5.0,3.0,5.0,3.0,2.0,0.5,0.5,10.0,478,3265.8684665269557,0,0,118,0,118
14495,1.0,5.0,3.0,5.0,3.0,2.0,0.5,0.5,10.0,479,3227.3355831586946,0,0,116,0,116
14495,1.0,5.0,3.0,5.0,3.0,2.0,0.5,0.5,10.0,480,3194.169478948368,0,0,116,0,116
14495,1.0,5.0,3.0,5.0,3.0,2.0,0.5,0.5,10.0,481,3257.71184868546,0,0,117,0,117
14495,1.0,5.0,3.0,5.0,3.0,2.0,0.5,0.5,10.0,482,3277.139810856825,0,0,116,0,116
14495,1.0,5.0,3.0,5.0,3.0,2.0,0.5,0.5,10.0,483,3331.4247635710317,0,0,114,0,114
14495,1.0,5.0,3.0,5.0,3.0,2.0,0.5,0.5,10.0,484,3384.2809544637894,0,0,110,0,110
14495,1.0,5.0,3.0,5.0,3.0,2.0,0.5,0.5,10.0,485,3375.3511930797367,0,0,107,0,107
14495,1.0,5.0,3.0,5.0,3.0,2.0,0.5,0.5,10.0,486,3304.1889913496707,0,0,113,0,113
14495,1.0,5.0,3.0,5.0,3.0,2.0,0.5,0.5,10.0,487,3095.2362391870884,0,0,110,0,110
14495,1.0,5.0,3.0,5.0,3.0,2.0,0.5,0.5,10.0,488,2999.0452989838604,0,0,109,0,109
14495,1.0,5.0,3.0,5.0,3.0,2.0,0.5,0.5,10.0,489,2848.8066237298253,0,0,105,0,105
14495,1.0,5.0,3.0,5.0,3.0,2.0,0.5,0.5,10.0,490,2916.008279662282,0,0,103,0,103
14495,1.0,5.0,3.0,5.0,3.0,2.0,0.5,0.5,10.0,491,2985.010349577852,0,0,99,0,99
14495,1.0,5.0,3.0,5.0,3.0,2.0,0.5,0.5,10.0,492,3071.2629369723154,0,0,95,0,95
14495,1.0,5.0,3.0,5.0,3.0,2.0,0.5,0.5,10.0,493,3044.078671215394,0,0,100,0,100
14495,1.0,5.0,3.0,5.0,3.0,2.0,0.5,0.5,10.0,494,2920.0983390192423,0,0,103,0,103
14495,1.0,5.0,3.0,5.0,3.0,2.0,0.5,0.5,10.0,495,2810.1229237740527,0,0,102,0,102
14495,1.0,5.0,3.0,5.0,3.0,2.0,0.5,0.5,10.0,496,2777.6536547175656,0,0,101,0,101
14495,1.0,5.0,3.0,5.0,3.0,2.0,0.5,0.5,10.0,497,2692.067068396957,0,0,101,0,101
14495,1.0,5.0,3.0,5.0,3.0,2.0,0.5,0.5,10.0,498,2735.083835496196,0,0,97,0,97
14495,1.0,5.0,3.0,5.0,3.0,2.0,0.5,0.5,10.0,499,2698.854794370245,0,0,96,0,96