Exp Num,agent:svo_convergence_factor,agent:params:metabolism,agent:params:consumption_factor,agent:params:procreate_cost_factor,agent:params:procreate_req_factor,agent:params:start_energy_factor,agent:params:caught_chance,agent:params:caught_cooldown_factor,agent:params:maximum_age,Epoch,Resource,A,B,C,D,E
189708,3.0,15.0,2.0,7.0,2.0,3.0,0.4,0.2,40.0,0,4040.0,16,24,9,29,71
189708,3.0,15.0,2.0,7.0,2.0,3.0,0.4,0.2,40.0,1,4270.0,16,24,9,29,71
189708,3.0,15.0,2.0,7.0,2.0,3.0,0.4,0.2,40.0,2,4167.5,8,20,7,27,57
189708,3.0,15.0,2.0,7.0,2.0,3.0,0.4,0.2,40.0,3,4759.375,8,18,6,27,54
189708,3.0,15.0,2.0,7.0,2.0,3.0,0.4,0.2,40.0,4,4839.21875,5,13,5,26,44
189708,3.0,15.0,2.0,7.0,2.0,3.0,0.4,0.2,40.0,5,5449.0234375,5,12,5,25,43
189708,3.0,15.0,2.0,7.0,2.0,3.0,0.4,0.2,40.0,6,5551.279296875,5,9,5,20,38
189708,3.0,15.0,2.0,7.0,2.0,3.0,0.4,0.2,40.0,7,5589.09912109375,4,5,5,20,33
189708,3.0,15.0,2.0,7.0,2.0,3.0,0.4,0.2,40.0,8,5576.3739013671875,4,4,5,20,32
189708,3.0,15.0,2.0,7.0,2.0,3.0,0.4,0.2,40.0,9,5560.467376708984,3,4,5,20,31
189708,3.0,15.0,2.0,7.0,2.0,3.0,0.4,0.2,40.0,10,5570.5842208862305,3,2,5,20,29
189708,3.0,15.0,2.0,7.0,2.0,3.0,0.4,0.2,40.0,11,5523.230276107788,3,2,5,20,29
189708,3.0,15.0,2.0,7.0,2.0,3.0,0.4,0.2,40.0,12,5464.037845134735,3,2,5,20,29
189708,3.0,15.0,2.0,7.0,2.0,3.0,0.4,0.2,40.0,13,5420.047306418419,3,1,5,20,28
189708,3.0,15.0,2.0,7.0,2.0,3.0,0.4,0.2,40.0,14,5335.059133023024,4,1,5,20,29
189708,3.0,15.0,2.0,7.0,2.0,3.0,0.4,0.2,40.0,15,5198.8239162787795,5,1,5,20,30
189708,3.0,15.0,2.0,7.0,2.0,3.0,0.4,0.2,40.0,16,4998.529895348474,5,1,6,22,31
189708,3.0,15.0,2.0,7.0,2.0,3.0,0.4,0.2,40.0,17,4658.162369185593,6,2,7,26,36
189708,3.0,15.0,2.0,7.0,2.0,3.0,0.4,0.2,40.0,18,3962.702961481991,6,2,9,32,43
189708,3.0,15.0,2.0,7.0,2.0,3.0,0.4,0.2,40.0,19,4143.378701852489,6,2,10,35,44
189708,3.0,15.0,2.0,7.0,2.0,3.0,0.4,0.2,40.0,20,4609.223377315611,6,2,10,37,44
189708,3.0,15.0,2.0,7.0,2.0,3.0,0.4,0.2,40.0,21,5041.529221644514,6,3,11,37,46
189708,3.0,15.0,2.0,7.0,2.0,3.0,0.4,0.2,40.0,22,5551.911527055643,7,3,11,37,47
189708,3.0,15.0,2.0,7.0,2.0,3.0,0.4,0.2,40.0,23,6219.889408819554,8,3,11,37,48
189708,3.0,15.0,2.0,7.0,2.0,3.0,0.4,0.2,40.0,24,7054.861761024442,9,3,11,37,49
189708,3.0,15.0,2.0,7.0,2.0,3.0,0.4,0.2,40.0,25,7408.577201280552,9,3,11,37,51
189708,3.0,15.0,2.0,7.0,2.0,3.0,0.4,0.2,40.0,26,7790.72150160069,9,2,9,36,46
189708,3.0,15.0,2.0,7.0,2.0,3.0,0.4,0.2,40.0,27,8268.401877000862,9,2,6,33,44
189708,3.0,15.0,2.0,7.0,2.0,3.0,0.4,0.2,40.0,28,8320.0,8,2,7,34,44
189708,3.0,15.0,2.0,7.0,2.0,3.0,0.4,0.2,40.0,29,7900.0,8,2,8,36,45
189708,3.0,15.0,2.0,7.0,2.0,3.0,0.4,0.2,40.0,30,7775.0,7,2,9,36,45
189708,3.0,15.0,2.0,7.0,2.0,3.0,0.4,0.2,40.0,31,7408.75,7,2,11,37,47
189708,3.0,15.0,2.0,7.0,2.0,3.0,0.4,0.2,40.0,32,6800.9375,8,2,14,38,53
189708,3.0,15.0,2.0,7.0,2.0,3.0,0.4,0.2,40.0,33,5831.171875,9,2,15,38,59
189708,3.0,15.0,2.0,7.0,2.0,3.0,0.4,0.2,40.0,34,5578.96484375,9,2,16,40,63
189708,3.0,15.0,2.0,7.0,2.0,3.0,0.4,0.2,40.0,35,5833.7060546875,9,2,17,41,66
189708,3.0,15.0,2.0,7.0,2.0,3.0,0.4,0.2,40.0,36,6302.132568359375,9,2,17,42,67
189708,3.0,15.0,2.0,7.0,2.0,3.0,0.4,0.2,40.0,37,6857.665710449219,9,2,17,46,67
189708,3.0,15.0,2.0,7.0,2.0,3.0,0.4,0.2,40.0,38,7552.082138061523,9,2,18,45,68
189708,3.0,15.0,2.0,7.0,2.0,3.0,0.4,0.2,40.0,39,8210.102672576904,9,2,18,46,69
189708,3.0,15.0,2.0,7.0,2.0,3.0,0.4,0.2,40.0,40,8860.0,8,2,18,41,63
189708,3.0,15.0,2.0,7.0,2.0,3.0,0.4,0.2,40.0,41,8260.0,7,1,18,39,57
189708,3.0,15.0,2.0,7.0,2.0,3.0,0.4,0.2,40.0,42,8170.0,6,1,18,36,57
189708,3.0,15.0,2.0,7.0,2.0,3.0,0.4,0.2,40.0,43,8080.0,6,1,17,36,55
189708,3.0,15.0,2.0,7.0,2.0,3.0,0.4,0.2,40.0,44,7870.0,6,1,18,37,55
189708,3.0,15.0,2.0,7.0,2.0,3.0,0.4,0.2,40.0,45,7437.5,6,1,18,39,55
189708,3.0,15.0,2.0,7.0,2.0,3.0,0.4,0.2,40.0,46,6776.875,6,1,17,40,55
189708,3.0,15.0,2.0,7.0,2.0,3.0,0.4,0.2,40.0,47,5801.09375,6,1,17,44,57
189708,3.0,15.0,2.0,7.0,2.0,3.0,0.4,0.2,40.0,48,5721.3671875,6,1,16,48,57
189708,3.0,15.0,2.0,7.0,2.0,3.0,0.4,0.2,40.0,49,5951.708984375,6,1,15,49,57
189708,3.0,15.0,2.0,7.0,2.0,3.0,0.4,0.2,40.0,50,6419.63623046875,6,1,15,51,57
189708,3.0,15.0,2.0,7.0,2.0,3.0,0.4,0.2,40.0,51,7094.5452880859375,6,1,15,53,58
189708,3.0,15.0,2.0,7.0,2.0,3.0,0.4,0.2,40.0,52,7698.181610107422,5,1,16,53,59
189708,3.0,15.0,2.0,7.0,2.0,3.0,0.4,0.2,40.0,53,8572.727012634277,3,1,14,55,55
189708,3.0,15.0,2.0,7.0,2.0,3.0,0.4,0.2,40.0,54,8680.0,3,1,15,56,55
189708,3.0,15.0,2.0,7.0,2.0,3.0,0.4,0.2,40.0,55,8680.0,1,1,15,58,53
189708,3.0,15.0,2.0,7.0,2.0,3.0,0.4,0.2,40.0,56,8380.0,1,1,15,59,53
189708,3.0,15.0,2.0,7.0,2.0,3.0,0.4,0.2,40.0,57,8350.0,1,1,12,61,49
189708,3.0,15.0,2.0,7.0,2.0,3.0,0.4,0.2,40.0,58,8050.0,1,1,11,63,48
189708,3.0,15.0,2.0,7.0,2.0,3.0,0.4,0.2,40.0,59,7930.0,1,1,12,62,51
189708,3.0,15.0,2.0,7.0,2.0,3.0,0.4,0.2,40.0,60,7662.5,1,1,12,63,51
189708,3.0,15.0,2.0,7.0,2.0,3.0,0.4,0.2,40.0,61,7268.125,1,1,11,63,46
189708,3.0,15.0,2.0,7.0,2.0,3.0,0.4,0.2,40.0,62,6445.15625,1,0,12,64,48
189708,3.0,15.0,2.0,7.0,2.0,3.0,0.4,0.2,40.0,63,6256.4453125,1,0,12,66,47
189708,3.0,15.0,2.0,7.0,2.0,3.0,0.4,0.2,40.0,64,6530.556640625,1,0,12,69,47
189708,3.0,15.0,2.0,7.0,2.0,3.0,0.4,0.2,40.0,65,6753.19580078125,1,0,12,72,47
189708,3.0,15.0,2.0,7.0,2.0,3.0,0.4,0.2,40.0,66,7061.4947509765625,1,0,11,73,46
189708,3.0,15.0,2.0,7.0,2.0,3.0,0.4,0.2,40.0,67,7266.868438720703,1,0,11,76,45
189708,3.0,15.0,2.0,7.0,2.0,3.0,0.4,0.2,40.0,68,7553.585548400879,1,0,12,78,44
189708,3.0,15.0,2.0,7.0,2.0,3.0,0.4,0.2,40.0,69,7911.981935501099,1,0,13,76,46
189708,3.0,15.0,2.0,7.0,2.0,3.0,0.4,0.2,40.0,70,8209.977419376373,2,0,12,76,47
189708,3.0,15.0,2.0,7.0,2.0,3.0,0.4,0.2,40.0,71,8350.0,3,0,10,76,45
189708,3.0,15.0,2.0,7.0,2.0,3.0,0.4,0.2,40.0,72,8200.0,3,1,10,76,43
189708,3.0,15.0,2.0,7.0,2.0,3.0,0.4,0.2,40.0,73,7990.0,3,1,8,73,40
189708,3.0,15.0,2.0,7.0,2.0,3.0,0.4,0.2,40.0,74,8007.5,3,1,7,73,38
189708,3.0,15.0,2.0,7.0,2.0,3.0,0.4,0.2,40.0,75,7780.0,3,1,7,77,35
189708,3.0,15.0,2.0,7.0,2.0,3.0,0.4,0.2,40.0,76,7415.0,2,1,6,78,31
189708,3.0,15.0,2.0,7.0,2.0,3.0,0.4,0.2,40.0,77,6808.75,2,1,7,79,32
189708,3.0,15.0,2.0,7.0,2.0,3.0,0.4,0.2,40.0,78,6290.9375,2,1,7,80,31
189708,3.0,15.0,2.0,7.0,2.0,3.0,0.4,0.2,40.0,79,6183.671875,2,1,7,83,31
189708,3.0,15.0,2.0,7.0,2.0,3.0,0.4,0.2,40.0,80,6589.58984375,2,1,7,83,32
189708,3.0,15.0,2.0,7.0,2.0,3.0,0.4,0.2,40.0,81,6886.9873046875,2,1,7,85,33
189708,3.0,15.0,2.0,7.0,2.0,3.0,0.4,0.2,40.0,82,7228.734130859375,2,1,8,88,32
189708,3.0,15.0,2.0,7.0,2.0,3.0,0.4,0.2,40.0,83,7685.917663574219,2,1,8,90,32
189708,3.0,15.0,2.0,7.0,2.0,3.0,0.4,0.2,40.0,84,8017.397079467773,2,1,9,91,33
189708,3.0,15.0,2.0,7.0,2.0,3.0,0.4,0.2,40.0,85,8260.0,2,1,9,93,33
189708,3.0,15.0,2.0,7.0,2.0,3.0,0.4,0.2,40.0,86,8110.0,1,1,10,95,31
189708,3.0,15.0,2.0,7.0,2.0,3.0,0.4,0.2,40.0,87,8020.0,1,1,11,94,32
189708,3.0,15.0,2.0,7.0,2.0,3.0,0.4,0.2,40.0,88,8110.0,1,1,9,91,31
189708,3.0,15.0,2.0,7.0,2.0,3.0,0.4,0.2,40.0,89,7720.0,1,1,10,97,31
189708,3.0,15.0,2.0,7.0,2.0,3.0,0.4,0.2,40.0,90,7250.0,1,2,9,98,30
189708,3.0,15.0,2.0,7.0,2.0,3.0,0.4,0.2,40.0,91,7172.5,0,2,10,97,30
189708,3.0,15.0,2.0,7.0,2.0,3.0,0.4,0.2,40.0,92,7165.625,0,2,10,98,30
189708,3.0,15.0,2.0,7.0,2.0,3.0,0.4,0.2,40.0,93,7127.03125,0,3,10,97,30
189708,3.0,15.0,2.0,7.0,2.0,3.0,0.4,0.2,40.0,94,7258.7890625,0,3,10,97,30
189708,3.0,15.0,2.0,7.0,2.0,3.0,0.4,0.2,40.0,95,7483.486328125,0,3,10,96,31
189708,3.0,15.0,2.0,7.0,2.0,3.0,0.4,0.2,40.0,96,7554.35791015625,0,3,9,96,30
189708,3.0,15.0,2.0,7.0,2.0,3.0,0.4,0.2,40.0,97,7612.9473876953125,0,3,8,98,29
189708,3.0,15.0,2.0,7.0,2.0,3.0,0.4,0.2,40.0,98,7806.184234619141,0,3,7,94,29
189708,3.0,15.0,2.0,7.0,2.0,3.0,0.4,0.2,40.0,99,7837.730293273926,0,3,7,96,30
189708,3.0,15.0,2.0,7.0,2.0,3.0,0.4,0.2,40.0,100,7757.162866592407,1,4,7,98,31
189708,3.0,15.0,2.0,7.0,2.0,3.0,0.4,0.2,40.0,101,7476.453583240509,2,3,8,97,31
189708,3.0,15.0,2.0,7.0,2.0,3.0,0.4,0.2,40.0,102,7275.566979050636,2,4,6,99,29
189708,3.0,15.0,2.0,7.0,2.0,3.0,0.4,0.2,40.0,103,7144.458723813295,2,4,4,99,26
189708,3.0,15.0,2.0,7.0,2.0,3.0,0.4,0.2,40.0,104,7130.573404766619,2,4,4,100,25
189708,3.0,15.0,2.0,7.0,2.0,3.0,0.4,0.2,40.0,105,7113.216755958274,2,4,3,98,23
189708,3.0,15.0,2.0,7.0,2.0,3.0,0.4,0.2,40.0,106,7031.5209449478425,2,4,3,99,24
189708,3.0,15.0,2.0,7.0,2.0,3.0,0.4,0.2,40.0,107,7139.401181184803,2,4,4,98,25
189708,3.0,15.0,2.0,7.0,2.0,3.0,0.4,0.2,40.0,108,7214.251476481004,2,5,4,98,26
189708,3.0,15.0,2.0,7.0,2.0,3.0,0.4,0.2,40.0,109,7457.814345601255,2,5,3,98,24
189708,3.0,15.0,2.0,7.0,2.0,3.0,0.4,0.2,40.0,110,7432.267932001569,2,4,3,98,24
189708,3.0,15.0,2.0,7.0,2.0,3.0,0.4,0.2,40.0,111,7430.33491500196,2,4,3,99,25
189708,3.0,15.0,2.0,7.0,2.0,3.0,0.4,0.2,40.0,112,7307.918643752451,2,4,3,105,25
189708,3.0,15.0,2.0,7.0,2.0,3.0,0.4,0.2,40.0,113,7214.898304690563,2,4,3,102,25
189708,3.0,15.0,2.0,7.0,2.0,3.0,0.4,0.2,40.0,114,7248.622880863204,2,3,3,101,22
189708,3.0,15.0,2.0,7.0,2.0,3.0,0.4,0.2,40.0,115,7050.778601079004,2,5,3,97,24
189708,3.0,15.0,2.0,7.0,2.0,3.0,0.4,0.2,40.0,116,6893.473251348754,2,5,4,97,24
189708,3.0,15.0,2.0,7.0,2.0,3.0,0.4,0.2,40.0,117,6936.841564185943,2,5,4,97,26
189708,3.0,15.0,2.0,7.0,2.0,3.0,0.4,0.2,40.0,118,6991.0519552324295,2,5,4,98,25
189708,3.0,15.0,2.0,7.0,2.0,3.0,0.4,0.2,40.0,119,6938.814944040536,2,6,3,96,23
189708,3.0,15.0,2.0,7.0,2.0,3.0,0.4,0.2,40.0,120,6963.518680050671,2,6,3,98,23
189708,3.0,15.0,2.0,7.0,2.0,3.0,0.4,0.2,40.0,121,6724.3983500633385,1,6,3,99,22
189708,3.0,15.0,2.0,7.0,2.0,3.0,0.4,0.2,40.0,122,6785.497937579174,2,6,3,95,23
189708,3.0,15.0,2.0,7.0,2.0,3.0,0.4,0.2,40.0,123,6921.872421973967,2,6,4,94,23
189708,3.0,15.0,2.0,7.0,2.0,3.0,0.4,0.2,40.0,124,6912.340527467459,2,4,4,97,22
189708,3.0,15.0,2.0,7.0,2.0,3.0,0.4,0.2,40.0,125,6990.425659334323,2,4,4,95,21
189708,3.0,15.0,2.0,7.0,2.0,3.0,0.4,0.2,40.0,126,6698.032074167904,2,3,5,99,20
189708,3.0,15.0,2.0,7.0,2.0,3.0,0.4,0.2,40.0,127,6812.54009270988,2,3,4,100,19
189708,3.0,15.0,2.0,7.0,2.0,3.0,0.4,0.2,40.0,128,6775.67511588735,2,3,4,100,19
189708,3.0,15.0,2.0,7.0,2.0,3.0,0.4,0.2,40.0,129,6729.593894859188,2,3,4,98,18
189708,3.0,15.0,2.0,7.0,2.0,3.0,0.4,0.2,40.0,130,6611.992368573985,2,3,4,96,17
189708,3.0,15.0,2.0,7.0,2.0,3.0,0.4,0.2,40.0,131,6614.990460717481,3,3,4,97,19
189708,3.0,15.0,2.0,7.0,2.0,3.0,0.4,0.2,40.0,132,6768.738075896852,3,3,4,99,19
189708,3.0,15.0,2.0,7.0,2.0,3.0,0.4,0.2,40.0,133,6900.922594871065,3,2,5,100,18
189708,3.0,15.0,2.0,7.0,2.0,3.0,0.4,0.2,40.0,134,6826.153243588831,3,1,6,101,18
189708,3.0,15.0,2.0,7.0,2.0,3.0,0.4,0.2,40.0,135,6852.6915544860385,3,1,5,101,16
189708,3.0,15.0,2.0,7.0,2.0,3.0,0.4,0.2,40.0,136,6765.864443107548,3,1,5,102,17
189708,3.0,15.0,2.0,7.0,2.0,3.0,0.4,0.2,40.0,137,6867.330553884436,3,1,5,103,17
189708,3.0,15.0,2.0,7.0,2.0,3.0,0.4,0.2,40.0,138,7054.163192355545,4,1,6,98,17
189708,3.0,15.0,2.0,7.0,2.0,3.0,0.4,0.2,40.0,139,7047.703990444432,2,1,6,100,15
189708,3.0,15.0,2.0,7.0,2.0,3.0,0.4,0.2,40.0,140,6949.62998805554,2,1,6,99,15
189708,3.0,15.0,2.0,7.0,2.0,3.0,0.4,0.2,40.0,141,6677.037485069424,2,1,6,101,14
189708,3.0,15.0,2.0,7.0,2.0,3.0,0.4,0.2,40.0,142,6486.2968563367795,2,0,6,103,13
189708,3.0,15.0,2.0,7.0,2.0,3.0,0.4,0.2,40.0,143,6607.871070420974,2,0,6,104,12
189708,3.0,15.0,2.0,7.0,2.0,3.0,0.4,0.2,40.0,144,6609.838838026219,2,0,6,100,12
189708,3.0,15.0,2.0,7.0,2.0,3.0,0.4,0.2,40.0,145,6672.298547532773,2,0,6,99,12
189708,3.0,15.0,2.0,7.0,2.0,3.0,0.4,0.2,40.0,146,6690.3731844159665,2,0,7,99,13
189708,3.0,15.0,2.0,7.0,2.0,3.0,0.4,0.2,40.0,147,6592.966480519957,2,0,7,98,12
189708,3.0,15.0,2.0,7.0,2.0,3.0,0.4,0.2,40.0,148,6291.208100649947,2,0,7,99,12
189708,3.0,15.0,2.0,7.0,2.0,3.0,0.4,0.2,40.0,149,6424.010125812433,2,0,7,101,12
189708,3.0,15.0,2.0,7.0,2.0,3.0,0.4,0.2,40.0,150,6440.012657265542,2,0,6,104,11
189708,3.0,15.0,2.0,7.0,2.0,3.0,0.4,0.2,40.0,151,6640.015821581927,2,0,6,103,11
189708,3.0,15.0,2.0,7.0,2.0,3.0,0.4,0.2,40.0,152,6620.0197769774095,2,0,6,102,12
189708,3.0,15.0,2.0,7.0,2.0,3.0,0.4,0.2,40.0,153,6715.024721221762,2,0,7,103,12
189708,3.0,15.0,2.0,7.0,2.0,3.0,0.4,0.2,40.0,154,6713.780901527203,2,0,7,105,11
189708,3.0,15.0,2.0,7.0,2.0,3.0,0.4,0.2,40.0,155,6652.226126909005,2,0,7,107,11
189708,3.0,15.0,2.0,7.0,2.0,3.0,0.4,0.2,40.0,156,6695.282658636257,2,0,6,108,10
189708,3.0,15.0,2.0,7.0,2.0,3.0,0.4,0.2,40.0,157,6629.103323295321,2,0,6,107,10
189708,3.0,15.0,2.0,7.0,2.0,3.0,0.4,0.2,40.0,158,6486.379154119151,2,0,5,105,9
189708,3.0,15.0,2.0,7.0,2.0,3.0,0.4,0.2,40.0,159,6517.97394264894,4,0,5,101,10
189708,3.0,15.0,2.0,7.0,2.0,3.0,0.4,0.2,40.0,160,6407.467428311174,5,1,5,99,12
189708,3.0,15.0,2.0,7.0,2.0,3.0,0.4,0.2,40.0,161,6449.334285388968,6,1,5,101,13
189708,3.0,15.0,2.0,7.0,2.0,3.0,0.4,0.2,40.0,162,6621.6678567362105,7,1,5,101,14
189708,3.0,15.0,2.0,7.0,2.0,3.0,0.4,0.2,40.0,163,6927.084820920263,7,2,4,99,14
189708,3.0,15.0,2.0,7.0,2.0,3.0,0.4,0.2,40.0,164,6858.85602615033,7,2,4,102,14
189708,3.0,15.0,2.0,7.0,2.0,3.0,0.4,0.2,40.0,165,6893.570032687912,7,2,4,104,14
189708,3.0,15.0,2.0,7.0,2.0,3.0,0.4,0.2,40.0,166,6786.962540859891,7,2,3,103,13
189708,3.0,15.0,2.0,7.0,2.0,3.0,0.4,0.2,40.0,167,6683.703176074865,7,4,4,98,16
189708,3.0,15.0,2.0,7.0,2.0,3.0,0.4,0.2,40.0,168,6434.628970093581,7,4,5,94,17
189708,3.0,15.0,2.0,7.0,2.0,3.0,0.4,0.2,40.0,169,6273.286212616977,6,4,7,94,18
189708,3.0,15.0,2.0,7.0,2.0,3.0,0.4,0.2,40.0,170,6161.607765771221,5,4,8,92,18
189708,3.0,15.0,2.0,7.0,2.0,3.0,0.4,0.2,40.0,171,6142.009707214027,5,4,9,85,20
189708,3.0,15.0,2.0,7.0,2.0,3.0,0.4,0.2,40.0,172,6117.512134017534,5,4,9,85,21
189708,3.0,15.0,2.0,7.0,2.0,3.0,0.4,0.2,40.0,173,6056.890167521917,5,4,9,88,21
189708,3.0,15.0,2.0,7.0,2.0,3.0,0.4,0.2,40.0,174,6251.112709402396,5,4,10,87,22
189708,3.0,15.0,2.0,7.0,2.0,3.0,0.4,0.2,40.0,175,6463.890886752995,5,4,11,89,23
189708,3.0,15.0,2.0,7.0,2.0,3.0,0.4,0.2,40.0,176,6849.863608441245,5,4,11,92,23
189708,3.0,15.0,2.0,7.0,2.0,3.0,0.4,0.2,40.0,177,7152.329510551555,6,4,10,89,23
189708,3.0,15.0,2.0,7.0,2.0,3.0,0.4,0.2,40.0,178,7380.411888189445,6,4,11,86,25
189708,3.0,15.0,2.0,7.0,2.0,3.0,0.4,0.2,40.0,179,7545.514860236806,7,4,12,84,27
189708,3.0,15.0,2.0,7.0,2.0,3.0,0.4,0.2,40.0,180,7871.893575296008,8,4,12,84,28
189708,3.0,15.0,2.0,7.0,2.0,3.0,0.4,0.2,40.0,181,7979.86696912001,8,4,12,81,28
189708,3.0,15.0,2.0,7.0,2.0,3.0,0.4,0.2,40.0,182,7934.833711400013,8,4,14,82,30
189708,3.0,15.0,2.0,7.0,2.0,3.0,0.4,0.2,40.0,183,7668.5421392500175,7,5,16,77,32
189708,3.0,15.0,2.0,7.0,2.0,3.0,0.4,0.2,40.0,184,7335.677674062521,7,6,18,74,35
189708,3.0,15.0,2.0,7.0,2.0,3.0,0.4,0.2,40.0,185,6619.597092578151,7,6,19,75,36
189708,3.0,15.0,2.0,7.0,2.0,3.0,0.4,0.2,40.0,186,6264.496365722689,7,5,20,76,37
189708,3.0,15.0,2.0,7.0,2.0,3.0,0.4,0.2,40.0,187,6270.620457153362,7,5,19,76,36
189708,3.0,15.0,2.0,7.0,2.0,3.0,0.4,0.2,40.0,188,6368.275571441702,7,6,19,77,37
189708,3.0,15.0,2.0,7.0,2.0,3.0,0.4,0.2,40.0,189,6580.344464302127,6,5,19,78,35
189708,3.0,15.0,2.0,7.0,2.0,3.0,0.4,0.2,40.0,190,6845.430580377659,6,4,19,76,35
189708,3.0,15.0,2.0,7.0,2.0,3.0,0.4,0.2,40.0,191,7116.7882254720735,6,4,19,80,36
189708,3.0,15.0,2.0,7.0,2.0,3.0,0.4,0.2,40.0,192,7125.985281840092,6,4,19,80,37
189708,3.0,15.0,2.0,7.0,2.0,3.0,0.4,0.2,40.0,193,7347.481602300115,6,4,19,79,37
189708,3.0,15.0,2.0,7.0,2.0,3.0,0.4,0.2,40.0,194,7324.3520028751445,6,4,18,80,36
189708,3.0,15.0,2.0,7.0,2.0,3.0,0.4,0.2,40.0,195,7415.440003593931,5,4,17,81,34
189708,3.0,15.0,2.0,7.0,2.0,3.0,0.4,0.2,40.0,196,7319.300004492414,5,4,17,80,35
189708,3.0,15.0,2.0,7.0,2.0,3.0,0.4,0.2,40.0,197,6869.125005615517,5,4,18,82,37
189708,3.0,15.0,2.0,7.0,2.0,3.0,0.4,0.2,40.0,198,6666.406257019396,4,4,18,84,36
189708,3.0,15.0,2.0,7.0,2.0,3.0,0.4,0.2,40.0,199,6653.007821274245,4,4,17,79,35
189708,3.0,15.0,2.0,7.0,2.0,3.0,0.4,0.2,40.0,200,6426.259776592806,3,3,16,83,32
189708,3.0,15.0,2.0,7.0,2.0,3.0,0.4,0.2,40.0,201,6502.824720741008,2,3,17,87,32
189708,3.0,15.0,2.0,7.0,2.0,3.0,0.4,0.2,40.0,202,6718.53090092626,2,3,19,85,34
189708,3.0,15.0,2.0,7.0,2.0,3.0,0.4,0.2,40.0,203,7138.163626157824,1,2,20,84,33
189708,3.0,15.0,2.0,7.0,2.0,3.0,0.4,0.2,40.0,204,7332.70453269728,1,2,20,87,34
189708,3.0,15.0,2.0,7.0,2.0,3.0,0.4,0.2,40.0,205,7695.8806658716,1,2,19,89,33
189708,3.0,15.0,2.0,7.0,2.0,3.0,0.4,0.2,40.0,206,7819.8508323395,1,2,18,87,32
189708,3.0,15.0,2.0,7.0,2.0,3.0,0.4,0.2,40.0,207,8154.813540424375,1,2,16,89,30
189708,3.0,15.0,2.0,7.0,2.0,3.0,0.4,0.2,40.0,208,8200.0,1,2,15,89,30
189708,3.0,15.0,2.0,7.0,2.0,3.0,0.4,0.2,40.0,209,8110.0,1,2,13,87,29
189708,3.0,15.0,2.0,7.0,2.0,3.0,0.4,0.2,40.0,210,7780.0,1,3,12,91,29
189708,3.0,15.0,2.0,7.0,2.0,3.0,0.4,0.2,40.0,211,7415.0,1,4,13,91,30
189708,3.0,15.0,2.0,7.0,2.0,3.0,0.4,0.2,40.0,212,6988.75,1,4,12,94,30
189708,3.0,15.0,2.0,7.0,2.0,3.0,0.4,0.2,40.0,213,6875.9375,2,4,11,93,30
189708,3.0,15.0,2.0,7.0,2.0,3.0,0.4,0.2,40.0,214,6944.921875,2,4,11,92,29
189708,3.0,15.0,2.0,7.0,2.0,3.0,0.4,0.2,40.0,215,7031.15234375,2,4,11,95,29
189708,3.0,15.0,2.0,7.0,2.0,3.0,0.4,0.2,40.0,216,7348.9404296875,2,4,11,95,29
189708,3.0,15.0,2.0,7.0,2.0,3.0,0.4,0.2,40.0,217,7386.175537109375,2,4,11,94,30
189708,3.0,15.0,2.0,7.0,2.0,3.0,0.4,0.2,40.0,218,7582.719421386719,2,5,11,94,31
189708,3.0,15.0,2.0,7.0,2.0,3.0,0.4,0.2,40.0,219,7708.399276733398,2,6,10,97,31
189708,3.0,15.0,2.0,7.0,2.0,3.0,0.4,0.2,40.0,220,7805.499095916748,2,7,12,96,32
189708,3.0,15.0,2.0,7.0,2.0,3.0,0.4,0.2,40.0,221,7896.873869895935,2,8,12,94,33
189708,3.0,15.0,2.0,7.0,2.0,3.0,0.4,0.2,40.0,222,7861.092337369919,2,8,14,90,34
189708,3.0,15.0,2.0,7.0,2.0,3.0,0.4,0.2,40.0,223,7696.3654217123985,1,8,14,92,32
189708,3.0,15.0,2.0,7.0,2.0,3.0,0.4,0.2,40.0,224,7130.456777140498,1,8,13,93,30
189708,3.0,15.0,2.0,7.0,2.0,3.0,0.4,0.2,40.0,225,6873.070971425623,1,9,13,92,32
189708,3.0,15.0,2.0,7.0,2.0,3.0,0.4,0.2,40.0,226,6761.338714282028,1,10,14,92,34
189708,3.0,15.0,2.0,7.0,2.0,3.0,0.4,0.2,40.0,227,7041.6733928525355,1,10,15,87,34
189708,3.0,15.0,2.0,7.0,2.0,3.0,0.4,0.2,40.0,228,7362.091741065669,1,10,15,85,34
189708,3.0,15.0,2.0,7.0,2.0,3.0,0.4,0.2,40.0,229,7732.614676332087,1,11,16,85,36
189708,3.0,15.0,2.0,7.0,2.0,3.0,0.4,0.2,40.0,230,7835.768345415108,1,11,15,86,35
189708,3.0,15.0,2.0,7.0,2.0,3.0,0.4,0.2,40.0,231,8144.710431768886,1,10,14,87,32
189708,3.0,15.0,2.0,7.0,2.0,3.0,0.4,0.2,40.0,232,8050.0,1,9,15,88,32
189708,3.0,15.0,2.0,7.0,2.0,3.0,0.4,0.2,40.0,233,8380.0,1,9,18,85,35
189708,3.0,15.0,2.0,7.0,2.0,3.0,0.4,0.2,40.0,234,8020.0,1,9,21,80,37
189708,3.0,15.0,2.0,7.0,2.0,3.0,0.4,0.2,40.0,235,7720.0,1,8,25,82,40
189708,3.0,15.0,2.0,7.0,2.0,3.0,0.4,0.2,40.0,236,7370.0,1,8,25,80,40
189708,3.0,15.0,2.0,7.0,2.0,3.0,0.4,0.2,40.0,237,6902.5,1,8,27,81,41
189708,3.0,15.0,2.0,7.0,2.0,3.0,0.4,0.2,40.0,238,6768.125,1,8,26,82,39
189708,3.0,15.0,2.0,7.0,2.0,3.0,0.4,0.2,40.0,239,6960.15625,0,8,27,81,39
189708,3.0,15.0,2.0,7.0,2.0,3.0,0.4,0.2,40.0,240,7140.1953125,0,8,27,84,39
189708,3.0,15.0,2.0,7.0,2.0,3.0,0.4,0.2,40.0,241,7275.244140625,0,8,26,85,38
189708,3.0,15.0,2.0,7.0,2.0,3.0,0.4,0.2,40.0,242,7264.05517578125,0,8,28,84,40
189708,3.0,15.0,2.0,7.0,2.0,3.0,0.4,0.2,40.0,243,7370.0689697265625,0,8,31,86,43
189708,3.0,15.0,2.0,7.0,2.0,3.0,0.4,0.2,40.0,244,7412.586212158203,0,8,35,85,46
189708,3.0,15.0,2.0,7.0,2.0,3.0,0.4,0.2,40.0,245,7585.732765197754,0,7,35,86,45
189708,3.0,15.0,2.0,7.0,2.0,3.0,0.4,0.2,40.0,246,7772.165956497192,0,7,34,84,43
189708,3.0,15.0,2.0,7.0,2.0,3.0,0.4,0.2,40.0,247,7645.2074456214905,0,7,33,82,43
189708,3.0,15.0,2.0,7.0,2.0,3.0,0.4,0.2,40.0,248,7396.509307026863,0,8,32,82,44
189708,3.0,15.0,2.0,7.0,2.0,3.0,0.4,0.2,40.0,249,7205.636633783579,0,7,31,84,42
189708,3.0,15.0,2.0,7.0,2.0,3.0,0.4,0.2,40.0,250,6967.045792229474,0,7,32,85,43
189708,3.0,15.0,2.0,7.0,2.0,3.0,0.4,0.2,40.0,251,7328.807240286842,0,7,30,87,41
189708,3.0,15.0,2.0,7.0,2.0,3.0,0.4,0.2,40.0,252,7571.0090503585525,0,7,30,84,42
189708,3.0,15.0,2.0,7.0,2.0,3.0,0.4,0.2,40.0,253,7993.761312948191,0,6,30,82,41
189708,3.0,15.0,2.0,7.0,2.0,3.0,0.4,0.2,40.0,254,8402.201641185238,0,5,29,78,39
189708,3.0,15.0,2.0,7.0,2.0,3.0,0.4,0.2,40.0,255,8500.0,0,5,29,76,39
189708,3.0,15.0,2.0,7.0,2.0,3.0,0.4,0.2,40.0,256,8140.0,0,4,31,77,40
189708,3.0,15.0,2.0,7.0,2.0,3.0,0.4,0.2,40.0,257,8230.0,0,3,30,75,38
189708,3.0,15.0,2.0,7.0,2.0,3.0,0.4,0.2,40.0,258,8050.0,0,3,30,79,37
189708,3.0,15.0,2.0,7.0,2.0,3.0,0.4,0.2,40.0,259,8020.0,0,3,31,80,38
189708,3.0,15.0,2.0,7.0,2.0,3.0,0.4,0.2,40.0,260,7660.0,0,3,32,88,39
189708,3.0,15.0,2.0,7.0,2.0,3.0,0.4,0.2,40.0,261,7115.0,0,1,32,87,37
189708,3.0,15.0,2.0,7.0,2.0,3.0,0.4,0.2,40.0,262,6823.75,0,1,33,88,38
189708,3.0,15.0,2.0,7.0,2.0,3.0,0.4,0.2,40.0,263,6819.6875,0,1,30,86,35
189708,3.0,15.0,2.0,7.0,2.0,3.0,0.4,0.2,40.0,264,6904.609375,0,1,31,87,36
189708,3.0,15.0,2.0,7.0,2.0,3.0,0.4,0.2,40.0,265,7160.76171875,0,1,33,88,39
189708,3.0,15.0,2.0,7.0,2.0,3.0,0.4,0.2,40.0,266,7510.9521484375,0,1,34,86,40
189708,3.0,15.0,2.0,7.0,2.0,3.0,0.4,0.2,40.0,267,7678.690185546875,0,0,32,89,36
189708,3.0,15.0,2.0,7.0,2.0,3.0,0.4,0.2,40.0,268,7918.362731933594,0,0,31,91,34
189708,3.0,15.0,2.0,7.0,2.0,3.0,0.4,0.2,40.0,269,8067.953414916992,0,0,31,89,34
189708,3.0,15.0,2.0,7.0,2.0,3.0,0.4,0.2,40.0,270,8440.0,0,0,31,85,34
189708,3.0,15.0,2.0,7.0,2.0,3.0,0.4,0.2,40.0,271,8230.0,0,0,30,85,33
189708,3.0,15.0,2.0,7.0,2.0,3.0,0.4,0.2,40.0,272,8140.0,0,0,29,84,32
189708,3.0,15.0,2.0,7.0,2.0,3.0,0.4,0.2,40.0,273,7990.0,0,0,30,83,33
189708,3.0,15.0,2.0,7.0,2.0,3.0,0.4,0.2,40.0,274,7617.5,0,0,29,92,32
189708,3.0,15.0,2.0,7.0,2.0,3.0,0.4,0.2,40.0,275,7091.875,0,0,29,95,32
189708,3.0,15.0,2.0,7.0,2.0,3.0,0.4,0.2,40.0,276,7094.84375,0,0,26,93,29
189708,3.0,15.0,2.0,7.0,2.0,3.0,0.4,0.2,40.0,277,6978.5546875,0,0,25,88,28
189708,3.0,15.0,2.0,7.0,2.0,3.0,0.4,0.2,40.0,278,6743.193359375,0,0,24,90,27
189708,3.0,15.0,2.0,7.0,2.0,3.0,0.4,0.2,40.0,279,6748.99169921875,0,0,25,91,28
189708,3.0,15.0,2.0,7.0,2.0,3.0,0.4,0.2,40.0,280,6816.2396240234375,0,0,23,94,26
189708,3.0,15.0,2.0,7.0,2.0,3.0,0.4,0.2,40.0,281,6900.299530029297,0,0,24,96,27
189708,3.0,15.0,2.0,7.0,2.0,3.0,0.4,0.2,40.0,282,7065.374412536621,0,0,23,96,26
189708,3.0,15.0,2.0,7.0,2.0,3.0,0.4,0.2,40.0,283,6941.718015670776,0,0,24,94,27
189708,3.0,15.0,2.0,7.0,2.0,3.0,0.4,0.2,40.0,284,7177.1475195884705,0,0,24,97,27
189708,3.0,15.0,2.0,7.0,2.0,3.0,0.4,0.2,40.0,285,7291.434399485588,0,0,24,97,27
189708,3.0,15.0,2.0,7.0,2.0,3.0,0.4,0.2,40.0,286,7494.292999356985,0,0,24,96,26
189708,3.0,15.0,2.0,7.0,2.0,3.0,0.4,0.2,40.0,287,7597.866249196231,0,0,23,95,26
189708,3.0,15.0,2.0,7.0,2.0,3.0,0.4,0.2,40.0,288,7517.332811495289,0,0,21,100,24
189708,3.0,15.0,2.0,7.0,2.0,3.0,0.4,0.2,40.0,289,7236.6660143691115,0,0,20,105,23
189708,3.0,15.0,2.0,7.0,2.0,3.0,0.4,0.2,40.0,290,7125.832517961389,0,0,17,107,20
189708,3.0,15.0,2.0,7.0,2.0,3.0,0.4,0.2,40.0,291,7197.290647451737,0,0,16,108,19
189708,3.0,15.0,2.0,7.0,2.0,3.0,0.4,0.2,40.0,292,7376.613309314671,0,0,15,104,18
189708,3.0,15.0,2.0,7.0,2.0,3.0,0.4,0.2,40.0,293,7330.766636643339,0,0,16,102,19
189708,3.0,15.0,2.0,7.0,2.0,3.0,0.4,0.2,40.0,294,7303.458295804174,0,0,17,102,20
189708,3.0,15.0,2.0,7.0,2.0,3.0,0.4,0.2,40.0,295,7089.322869755217,0,0,17,101,21
189708,3.0,15.0,2.0,7.0,2.0,3.0,0.4,0.2,40.0,296,6851.653587194021,0,0,16,103,20
189708,3.0,15.0,2.0,7.0,2.0,3.0,0.4,0.2,40.0,297,6854.566983992527,0,0,16,105,20
189708,3.0,15.0,2.0,7.0,2.0,3.0,0.4,0.2,40.0,298,7158.208729990658,0,0,16,104,20
189708,3.0,15.0,2.0,7.0,2.0,3.0,0.4,0.2,40.0,299,7327.760912488322,0,0,16,102,20
189708,3.0,15.0,2.0,7.0,2.0,3.0,0.4,0.2,40.0,300,7479.701140610403,0,0,14,100,19
189708,3.0,15.0,2.0,7.0,2.0,3.0,0.4,0.2,40.0,301,7639.626425763003,0,0,13,100,20
189708,3.0,15.0,2.0,7.0,2.0,3.0,0.4,0.2,40.0,302,7539.5330322037535,0,0,12,101,20
189708,3.0,15.0,2.0,7.0,2.0,3.0,0.4,0.2,40.0,303,7534.416290254692,0,0,12,103,20
189708,3.0,15.0,2.0,7.0,2.0,3.0,0.4,0.2,40.0,304,7258.020362818366,0,0,12,99,20
189708,3.0,15.0,2.0,7.0,2.0,3.0,0.4,0.2,40.0,305,6972.525453522958,0,0,11,104,19
189708,3.0,15.0,2.0,7.0,2.0,3.0,0.4,0.2,40.0,306,7065.656816903698,0,0,10,106,17
189708,3.0,15.0,2.0,7.0,2.0,3.0,0.4,0.2,40.0,307,6942.071021129623,0,0,10,105,17
189708,3.0,15.0,2.0,7.0,2.0,3.0,0.4,0.2,40.0,308,7027.588776412029,0,0,9,107,16
189708,3.0,15.0,2.0,7.0,2.0,3.0,0.4,0.2,40.0,309,7104.485970515036,0,0,9,108,16
189708,3.0,15.0,2.0,7.0,2.0,3.0,0.4,0.2,40.0,310,7140.607463143795,0,0,8,106,15
189708,3.0,15.0,2.0,7.0,2.0,3.0,0.4,0.2,40.0,311,7245.759328929744,0,0,8,110,15
189708,3.0,15.0,2.0,7.0,2.0,3.0,0.4,0.2,40.0,312,7317.19916116218,0,0,7,111,14
189708,3.0,15.0,2.0,7.0,2.0,3.0,0.4,0.2,40.0,313,7196.498951452724,0,0,7,112,14
189708,3.0,15.0,2.0,7.0,2.0,3.0,0.4,0.2,40.0,314,7135.623689315906,0,0,5,114,12
189708,3.0,15.0,2.0,7.0,2.0,3.0,0.4,0.2,40.0,315,7089.529611644883,0,0,5,112,12
189708,3.0,15.0,2.0,7.0,2.0,3.0,0.4,0.2,40.0,316,6971.912014556103,0,0,5,109,12
189708,3.0,15.0,2.0,7.0,2.0,3.0,0.4,0.2,40.0,317,6884.8900181951285,0,0,4,107,11
189708,3.0,15.0,2.0,7.0,2.0,3.0,0.4,0.2,40.0,318,6776.1125227439115,0,0,4,109,10
189708,3.0,15.0,2.0,7.0,2.0,3.0,0.4,0.2,40.0,319,6730.140653429889,0,0,4,107,10
189708,3.0,15.0,2.0,7.0,2.0,3.0,0.4,0.2,40.0,320,6612.675816787361,0,0,4,108,10
189708,3.0,15.0,2.0,7.0,2.0,3.0,0.4,0.2,40.0,321,6645.844770984202,0,0,4,111,8
189708,3.0,15.0,2.0,7.0,2.0,3.0,0.4,0.2,40.0,322,6747.305963730252,0,0,4,111,8
189708,3.0,15.0,2.0,7.0,2.0,3.0,0.4,0.2,40.0,323,6994.132454662815,0,0,4,111,8
189708,3.0,15.0,2.0,7.0,2.0,3.0,0.4,0.2,40.0,324,7062.665568328519,0,0,5,110,9
189708,3.0,15.0,2.0,7.0,2.0,3.0,0.4,0.2,40.0,325,6968.331960410649,0,0,5,111,9
189708,3.0,15.0,2.0,7.0,2.0,3.0,0.4,0.2,40.0,326,6940.414950513312,0,0,5,111,9
189708,3.0,15.0,2.0,7.0,2.0,3.0,0.4,0.2,40.0,327,7025.518688141639,0,0,5,114,9
189708,3.0,15.0,2.0,7.0,2.0,3.0,0.4,0.2,40.0,328,7101.898360177049,0,0,5,116,9
189708,3.0,15.0,2.0,7.0,2.0,3.0,0.4,0.2,40.0,329,7107.37295022131,0,0,4,118,7
189708,3.0,15.0,2.0,7.0,2.0,3.0,0.4,0.2,40.0,330,6964.2161877766375,0,0,4,116,7
189708,3.0,15.0,2.0,7.0,2.0,3.0,0.4,0.2,40.0,331,6905.270234720796,0,0,4,113,7
189708,3.0,15.0,2.0,7.0,2.0,3.0,0.4,0.2,40.0,332,6891.587793400995,0,0,4,111,7
189708,3.0,15.0,2.0,7.0,2.0,3.0,0.4,0.2,40.0,333,6814.484741751243,0,0,4,111,7
189708,3.0,15.0,2.0,7.0,2.0,3.0,0.4,0.2,40.0,334,6748.105927189054,0,0,4,110,7
189708,3.0,15.0,2.0,7.0,2.0,3.0,0.4,0.2,40.0,335,6635.132408986317,0,0,3,112,6
189708,3.0,15.0,2.0,7.0,2.0,3.0,0.4,0.2,40.0,336,6553.915511232897,0,0,3,114,6
189708,3.0,15.0,2.0,7.0,2.0,3.0,0.4,0.2,40.0,337,6632.394389041121,0,0,3,110,6
189708,3.0,15.0,2.0,7.0,2.0,3.0,0.4,0.2,40.0,338,6580.4929863014,0,0,3,111,5
189708,3.0,15.0,2.0,7.0,2.0,3.0,0.4,0.2,40.0,339,6605.61623287675,0,0,3,111,5
189708,3.0,15.0,2.0,7.0,2.0,3.0,0.4,0.2,40.0,340,6547.020291095938,0,0,3,107,5
189708,3.0,15.0,2.0,7.0,2.0,3.0,0.4,0.2,40.0,341,6533.775363869922,0,0,3,108,5
189708,3.0,15.0,2.0,7.0,2.0,3.0,0.4,0.2,40.0,342,6457.219204837403,0,0,3,109,5
189708,3.0,15.0,2.0,7.0,2.0,3.0,0.4,0.2,40.0,343,6511.524006046753,0,0,3,108,4
189708,3.0,15.0,2.0,7.0,2.0,3.0,0.4,0.2,40.0,344,6579.405007558442,0,0,3,110,3
189708,3.0,15.0,2.0,7.0,2.0,3.0,0.4,0.2,40.0,345,6514.256259448051,0,0,3,109,3
189708,3.0,15.0,2.0,7.0,2.0,3.0,0.4,0.2,40.0,346,6372.820324310064,0,0,3,108,3
189708,3.0,15.0,2.0,7.0,2.0,3.0,0.4,0.2,40.0,347,6436.025405387581,0,0,2,110,2
189708,3.0,15.0,2.0,7.0,2.0,3.0,0.4,0.2,40.0,348,6425.0317567344755,0,0,2,107,2
189708,3.0,15.0,2.0,7.0,2.0,3.0,0.4,0.2,40.0,349,6261.289695918094,0,0,2,106,2
189708,3.0,15.0,2.0,7.0,2.0,3.0,0.4,0.2,40.0,350,6266.612119897618,0,0,2,108,2
189708,3.0,15.0,2.0,7.0,2.0,3.0,0.4,0.2,40.0,351,6213.265149872022,0,0,1,108,1
189708,3.0,15.0,2.0,7.0,2.0,3.0,0.4,0.2,40.0,352,6116.581437340028,0,0,1,108,1
189708,3.0,15.0,2.0,7.0,2.0,3.0,0.4,0.2,40.0,353,6175.726796675035,0,0,1,109,1
189708,3.0,15.0,2.0,7.0,2.0,3.0,0.4,0.2,40.0,354,6309.658495843794,0,0,1,107,1
189708,3.0,15.0,2.0,7.0,2.0,3.0,0.4,0.2,40.0,355,6537.073119804743,0,0,1,104,1
189708,3.0,15.0,2.0,7.0,2.0,3.0,0.4,0.2,40.0,356,6911.341399755929,0,0,1,101,1
189708,3.0,15.0,2.0,7.0,2.0,3.0,0.4,0.2,40.0,357,7169.1767496949105,0,0,1,104,1
189708,3.0,15.0,2.0,7.0,2.0,3.0,0.4,0.2,40.0,358,7281.470937118638,0,0,1,108,1
189708,3.0,15.0,2.0,7.0,2.0,3.0,0.4,0.2,40.0,359,7331.838671398298,0,0,1,112,1
189708,3.0,15.0,2.0,7.0,2.0,3.0,0.4,0.2,40.0,360,7244.798339247873,0,0,1,115,1
189708,3.0,15.0,2.0,7.0,2.0,3.0,0.4,0.2,40.0,361,7045.99792405984,0,0,2,112,2
189708,3.0,15.0,2.0,7.0,2.0,3.0,0.4,0.2,40.0,362,6527.497405074801,0,0,3,109,3
189708,3.0,15.0,2.0,7.0,2.0,3.0,0.4,0.2,40.0,363,6389.3717563435,0,0,3,111,3
189708,3.0,15.0,2.0,7.0,2.0,3.0,0.4,0.2,40.0,364,6366.714695429375,0,0,3,112,3
189708,3.0,15.0,2.0,7.0,2.0,3.0,0.4,0.2,40.0,365,6578.393369286719,0,0,2,110,2
189708,3.0,15.0,2.0,7.0,2.0,3.0,0.4,0.2,40.0,366,6542.991711608398,0,0,2,110,2
189708,3.0,15.0,2.0,7.0,2.0,3.0,0.4,0.2,40.0,367,6708.739639510497,0,0,2,112,2
189708,3.0,15.0,2.0,7.0,2.0,3.0,0.4,0.2,40.0,368,6645.924549388121,0,0,2,114,2
189708,3.0,15.0,2.0,7.0,2.0,3.0,0.4,0.2,40.0,369,6627.40568673515,0,0,2,114,2
189708,3.0,15.0,2.0,7.0,2.0,3.0,0.4,0.2,40.0,370,6694.257108418937,0,0,2,113,2
189708,3.0,15.0,2.0,7.0,2.0,3.0,0.4,0.2,40.0,371,6807.821385523672,0,0,2,115,2
189708,3.0,15.0,2.0,7.0,2.0,3.0,0.4,0.2,40.0,372,6829.776731904589,0,0,2,117,2
189708,3.0,15.0,2.0,7.0,2.0,3.0,0.4,0.2,40.0,373,6977.220914880736,0,0,2,119,2
189708,3.0,15.0,2.0,7.0,2.0,3.0,0.4,0.2,40.0,374,6891.5261436009205,0,0,2,116,2
189708,3.0,15.0,2.0,7.0,2.0,3.0,0.4,0.2,40.0,375,6844.40767950115,0,0,2,116,2
189708,3.0,15.0,2.0,7.0,2.0,3.0,0.4,0.2,40.0,376,6725.509599376437,0,0,2,116,2
189708,3.0,15.0,2.0,7.0,2.0,3.0,0.4,0.2,40.0,377,6636.886999220547,0,0,2,113,2
189708,3.0,15.0,2.0,7.0,2.0,3.0,0.4,0.2,40.0,378,6526.108749025683,0,0,2,113,2
189708,3.0,15.0,2.0,7.0,2.0,3.0,0.4,0.2,40.0,379,6537.635936282104,0,0,2,112,2
189708,3.0,15.0,2.0,7.0,2.0,3.0,0.4,0.2,40.0,380,6522.04492035263,0,0,2,111,2
189708,3.0,15.0,2.0,7.0,2.0,3.0,0.4,0.2,40.0,381,6682.556150440787,0,0,1,107,1
189708,3.0,15.0,2.0,7.0,2.0,3.0,0.4,0.2,40.0,382,6553.195188050984,0,0,1,106,1
189708,3.0,15.0,2.0,7.0,2.0,3.0,0.4,0.2,40.0,383,6361.49398506373,0,0,2,107,2
189708,3.0,15.0,2.0,7.0,2.0,3.0,0.4,0.2,40.0,384,6241.867481329663,0,0,2,109,2
189708,3.0,15.0,2.0,7.0,2.0,3.0,0.4,0.2,40.0,385,6302.334351662079,0,0,2,111,2
189708,3.0,15.0,2.0,7.0,2.0,3.0,0.4,0.2,40.0,386,6557.917939577599,0,0,2,108,2
189708,3.0,15.0,2.0,7.0,2.0,3.0,0.4,0.2,40.0,387,6727.397424471999,0,0,2,106,2
189708,3.0,15.0,2.0,7.0,2.0,3.0,0.4,0.2,40.0,388,6759.24678059,0,0,2,106,2
189708,3.0,15.0,2.0,7.0,2.0,3.0,0.4,0.2,40.0,389,6739.0584757375,0,0,2,102,2
189708,3.0,15.0,2.0,7.0,2.0,3.0,0.4,0.2,40.0,390,6653.823094671876,0,0,2,103,2
189708,3.0,15.0,2.0,7.0,2.0,3.0,0.4,0.2,40.0,391,6487.278868339845,0,0,2,105,2
189708,3.0,15.0,2.0,7.0,2.0,3.0,0.4,0.2,40.0,392,6219.0985854248065,0,0,2,109,2
189708,3.0,15.0,2.0,7.0,2.0,3.0,0.4,0.2,40.0,393,6153.873231781008,0,0,2,111,2
189708,3.0,15.0,2.0,7.0,2.0,3.0,0.4,0.2,40.0,394,6342.34153972626,0,0,1,108,1
189708,3.0,15.0,2.0,7.0,2.0,3.0,0.4,0.2,40.0,395,6337.926924657824,0,0,1,112,1
189708,3.0,15.0,2.0,7.0,2.0,3.0,0.4,0.2,40.0,396,6422.408655822281,0,0,1,110,1
189708,3.0,15.0,2.0,7.0,2.0,3.0,0.4,0.2,40.0,397,6588.010819777851,0,0,1,110,1
189708,3.0,15.0,2.0,7.0,2.0,3.0,0.4,0.2,40.0,398,6615.013524722313,0,0,1,110,1
189708,3.0,15.0,2.0,7.0,2.0,3.0,0.4,0.2,40.0,399,6648.766905902892,0,0,1,112,1
189708,3.0,15.0,2.0,7.0,2.0,3.0,0.4,0.2,40.0,400,6660.958632378615,0,0,1,117,1
189708,3.0,15.0,2.0,7.0,2.0,3.0,0.4,0.2,40.0,401,6676.198290473269,0,0,1,114,1
189708,3.0,15.0,2.0,7.0,2.0,3.0,0.4,0.2,40.0,402,6785.247863091587,0,0,1,115,1
189708,3.0,15.0,2.0,7.0,2.0,3.0,0.4,0.2,40.0,403,6801.559828864483,0,0,1,110,1
189708,3.0,15.0,2.0,7.0,2.0,3.0,0.4,0.2,40.0,404,6941.949786080604,0,0,0,108,0
189708,3.0,15.0,2.0,7.0,2.0,3.0,0.4,0.2,40.0,405,6697.437232600754,0,0,0,110,0
189708,3.0,15.0,2.0,7.0,2.0,3.0,0.4,0.2,40.0,406,6361.796540750944,0,0,0,112,0
189708,3.0,15.0,2.0,7.0,2.0,3.0,0.4,0.2,40.0,407,6122.24567593868,0,0,0,111,0
189708,3.0,15.0,2.0,7.0,2.0,3.0,0.4,0.2,40.0,408,6332.80709492335,0,0,0,110,0
189708,3.0,15.0,2.0,7.0,2.0,3.0,0.4,0.2,40.0,409,6656.008868654188,0,0,0,105,0
189708,3.0,15.0,2.0,7.0,2.0,3.0,0.4,0.2,40.0,410,6970.011085817734,0,0,0,105,0
189708,3.0,15.0,2.0,7.0,2.0,3.0,0.4,0.2,40.0,411,7362.513857272168,0,0,0,107,0
189708,3.0,15.0,2.0,7.0,2.0,3.0,0.4,0.2,40.0,412,7733.1423215902105,0,0,0,105,0
189708,3.0,15.0,2.0,7.0,2.0,3.0,0.4,0.2,40.0,413,8196.427901987763,0,0,0,103,0
189708,3.0,15.0,2.0,7.0,2.0,3.0,0.4,0.2,40.0,414,8020.0,0,0,0,101,0
189708,3.0,15.0,2.0,7.0,2.0,3.0,0.4,0.2,40.0,415,7750.0,0,0,0,103,0
189708,3.0,15.0,2.0,7.0,2.0,3.0,0.4,0.2,40.0,416,7257.5,0,0,0,106,0
189708,3.0,15.0,2.0,7.0,2.0,3.0,0.4,0.2,40.0,417,6431.875,0,0,0,110,0
189708,3.0,15.0,2.0,7.0,2.0,3.0,0.4,0.2,40.0,418,6359.84375,0,0,0,113,0
189708,3.0,15.0,2.0,7.0,2.0,3.0,0.4,0.2,40.0,419,6419.8046875,0,0,0,115,0
189708,3.0,15.0,2.0,7.0,2.0,3.0,0.4,0.2,40.0,420,6644.755859375,0,0,0,117,0
189708,3.0,15.0,2.0,7.0,2.0,3.0,0.4,0.2,40.0,421,6775.94482421875,0,0,0,119,0
189708,3.0,15.0,2.0,7.0,2.0,3.0,0.4,0.2,40.0,422,6879.9310302734375,0,0,0,119,0
189708,3.0,15.0,2.0,7.0,2.0,3.0,0.4,0.2,40.0,423,6949.913787841797,0,0,0,120,0
189708,3.0,15.0,2.0,7.0,2.0,3.0,0.4,0.2,40.0,424,7097.392234802246,0,0,0,120,0
189708,3.0,15.0,2.0,7.0,2.0,3.0,0.4,0.2,40.0,425,7311.740293502808,0,0,0,117,0
189708,3.0,15.0,2.0,7.0,2.0,3.0,0.4,0.2,40.0,426,7369.6753668785095,0,0,0,117,0
189708,3.0,15.0,2.0,7.0,2.0,3.0,0.4,0.2,40.0,427,7292.094208598137,0,0,0,118,0
189708,3.0,15.0,2.0,7.0,2.0,3.0,0.4,0.2,40.0,428,7105.117760747671,0,0,0,120,0
189708,3.0,15.0,2.0,7.0,2.0,3.0,0.4,0.2,40.0,429,6751.397200934589,0,0,0,123,0
189708,3.0,15.0,2.0,7.0,2.0,3.0,0.4,0.2,40.0,430,6849.246501168236,0,0,0,122,0
189708,3.0,15.0,2.0,7.0,2.0,3.0,0.4,0.2,40.0,431,6941.558126460295,0,0,0,118,0
189708,3.0,15.0,2.0,7.0,2.0,3.0,0.4,0.2,40.0,432,6876.947658075369,0,0,0,119,0
189708,3.0,15.0,2.0,7.0,2.0,3.0,0.4,0.2,40.0,433,6916.184572594211,0,0,0,121,0
189708,3.0,15.0,2.0,7.0,2.0,3.0,0.4,0.2,40.0,434,6905.230715742764,0,0,0,121,0
189708,3.0,15.0,2.0,7.0,2.0,3.0,0.4,0.2,40.0,435,6981.538394678455,0,0,0,119,0
189708,3.0,15.0,2.0,7.0,2.0,3.0,0.4,0.2,40.0,436,6836.922993348069,0,0,0,119,0
189708,3.0,15.0,2.0,7.0,2.0,3.0,0.4,0.2,40.0,437,6776.153741685086,0,0,0,118,0
189708,3.0,15.0,2.0,7.0,2.0,3.0,0.4,0.2,40.0,438,6790.192177106357,0,0,0,114,0
189708,3.0,15.0,2.0,7.0,2.0,3.0,0.4,0.2,40.0,439,6537.740221382946,0,0,0,116,0
189708,3.0,15.0,2.0,7.0,2.0,3.0,0.4,0.2,40.0,440,6522.1752767286835,0,0,0,115,0
189708,3.0,15.0,2.0,7.0,2.0,3.0,0.4,0.2,40.0,441,6622.719095910854,0,0,0,115,0
189708,3.0,15.0,2.0,7.0,2.0,3.0,0.4,0.2,40.0,442,6628.398869888568,0,0,0,114,0
189708,3.0,15.0,2.0,7.0,2.0,3.0,0.4,0.2,40.0,443,6545.498587360709,0,0,0,113,0
189708,3.0,15.0,2.0,7.0,2.0,3.0,0.4,0.2,40.0,444,6471.873234200886,0,0,0,114,0
189708,3.0,15.0,2.0,7.0,2.0,3.0,0.4,0.2,40.0,445,6589.841542751108,0,0,0,114,0
189708,3.0,15.0,2.0,7.0,2.0,3.0,0.4,0.2,40.0,446,6677.301928438885,0,0,0,113,0
189708,3.0,15.0,2.0,7.0,2.0,3.0,0.4,0.2,40.0,447,6666.627410548606,0,0,0,115,0
189708,3.0,15.0,2.0,7.0,2.0,3.0,0.4,0.2,40.0,448,6803.284263185758,0,0,0,118,0
189708,3.0,15.0,2.0,7.0,2.0,3.0,0.4,0.2,40.0,449,6914.1053289821975,0,0,0,113,0
189708,3.0,15.0,2.0,7.0,2.0,3.0,0.4,0.2,40.0,450,6662.631661227748,0,0,0,117,0
189708,3.0,15.0,2.0,7.0,2.0,3.0,0.4,0.2,40.0,451,6648.289576534684,0,0,0,116,0
189708,3.0,15.0,2.0,7.0,2.0,3.0,0.4,0.2,40.0,452,6660.361970668355,0,0,0,117,0
189708,3.0,15.0,2.0,7.0,2.0,3.0,0.4,0.2,40.0,453,6705.452463335443,0,0,0,117,0
189708,3.0,15.0,2.0,7.0,2.0,3.0,0.4,0.2,40.0,454,6461.815579169304,0,0,0,112,0
189708,3.0,15.0,2.0,7.0,2.0,3.0,0.4,0.2,40.0,455,6517.269473961631,0,0,0,115,0
189708,3.0,15.0,2.0,7.0,2.0,3.0,0.4,0.2,40.0,456,6556.586842452039,0,0,0,115,0
189708,3.0,15.0,2.0,7.0,2.0,3.0,0.4,0.2,40.0,457,6665.733553065049,0,0,0,116,0
189708,3.0,15.0,2.0,7.0,2.0,3.0,0.4,0.2,40.0,458,6622.16694133131,0,0,0,118,0
189708,3.0,15.0,2.0,7.0,2.0,3.0,0.4,0.2,40.0,459,6807.708676664137,0,0,0,119,0
189708,3.0,15.0,2.0,7.0,2.0,3.0,0.4,0.2,40.0,460,6889.635845830171,0,0,0,118,0
189708,3.0,15.0,2.0,7.0,2.0,3.0,0.4,0.2,40.0,461,6932.044807287713,0,0,0,117,0
189708,3.0,15.0,2.0,7.0,2.0,3.0,0.4,0.2,40.0,462,6895.056009109641,0,0,0,117,0
189708,3.0,15.0,2.0,7.0,2.0,3.0,0.4,0.2,40.0,463,6728.820011387052,0,0,0,117,0
189708,3.0,15.0,2.0,7.0,2.0,3.0,0.4,0.2,40.0,464,6731.025014233815,0,0,0,118,0
189708,3.0,15.0,2.0,7.0,2.0,3.0,0.4,0.2,40.0,465,6673.78126779227,0,0,0,116,0
189708,3.0,15.0,2.0,7.0,2.0,3.0,0.4,0.2,40.0,466,6572.226584740338,0,0,0,117,0
189708,3.0,15.0,2.0,7.0,2.0,3.0,0.4,0.2,40.0,467,6625.283230925423,0,0,0,115,0
189708,3.0,15.0,2.0,7.0,2.0,3.0,0.4,0.2,40.0,468,6271.604038656778,0,0,0,113,0
189708,3.0,15.0,2.0,7.0,2.0,3.0,0.4,0.2,40.0,469,6459.5050483209725,0,0,0,115,0
189708,3.0,15.0,2.0,7.0,2.0,3.0,0.4,0.2,40.0,470,6634.381310401215,0,0,0,116,0
189708,3.0,15.0,2.0,7.0,2.0,3.0,0.4,0.2,40.0,471,6822.976638001519,0,0,0,111,0
189708,3.0,15.0,2.0,7.0,2.0,3.0,0.4,0.2,40.0,472,6968.720797501899,0,0,0,110,0
189708,3.0,15.0,2.0,7.0,2.0,3.0,0.4,0.2,40.0,473,7420.9009968773735,0,0,0,108,0
189708,3.0,15.0,2.0,7.0,2.0,3.0,0.4,0.2,40.0,474,7746.126246096717,0,0,0,108,0
189708,3.0,15.0,2.0,7.0,2.0,3.0,0.4,0.2,40.0,475,8062.657807620897,0,0,0,110,0
189708,3.0,15.0,2.0,7.0,2.0,3.0,0.4,0.2,40.0,476,8050.0,0,0,0,113,0
189708,3.0,15.0,2.0,7.0,2.0,3.0,0.4,0.2,40.0,477,8110.0,0,0,0,115,0
189708,3.0,15.0,2.0,7.0,2.0,3.0,0.4,0.2,40.0,478,7960.0,0,0,0,114,0
189708,3.0,15.0,2.0,7.0,2.0,3.0,0.4,0.2,40.0,479,7700.0,0,0,0,114,0
189708,3.0,15.0,2.0,7.0,2.0,3.0,0.4,0.2,40.0,480,7315.0,0,0,0,112,0
189708,3.0,15.0,2.0,7.0,2.0,3.0,0.4,0.2,40.0,481,6623.75,0,0,0,114,0
189708,3.0,15.0,2.0,7.0,2.0,3.0,0.4,0.2,40.0,482,6449.6875,0,0,0,117,0
189708,3.0,15.0,2.0,7.0,2.0,3.0,0.4,0.2,40.0,483,6622.109375,0,0,0,117,0
189708,3.0,15.0,2.0,7.0,2.0,3.0,0.4,0.2,40.0,484,6837.63671875,0,0,0,119,0
189708,3.0,15.0,2.0,7.0,2.0,3.0,0.4,0.2,40.0,485,7197.0458984375,0,0,0,117,0
189708,3.0,15.0,2.0,7.0,2.0,3.0,0.4,0.2,40.0,486,7646.307373046875,0,0,0,112,0
189708,3.0,15.0,2.0,7.0,2.0,3.0,0.4,0.2,40.0,487,8117.884216308594,0,0,0,116,0
189708,3.0,15.0,2.0,7.0,2.0,3.0,0.4,0.2,40.0,488,8680.0,0,0,0,117,0
189708,3.0,15.0,2.0,7.0,2.0,3.0,0.4,0.2,40.0,489,8440.0,0,0,0,114,0
189708,3.0,15.0,2.0,7.0,2.0,3.0,0.4,0.2,40.0,490,8350.0,0,0,0,114,0
189708,3.0,15.0,2.0,7.0,2.0,3.0,0.4,0.2,40.0,491,8260.0,0,0,0,117,0
189708,3.0,15.0,2.0,7.0,2.0,3.0,0.4,0.2,40.0,492,7990.0,0,0,0,115,0
189708,3.0,15.0,2.0,7.0,2.0,3.0,0.4,0.2,40.0,493,7917.5,0,0,0,112,0
189708,3.0,15.0,2.0,7.0,2.0,3.0,0.4,0.2,40.0,494,7676.875,0,0,0,112,0
189708,3.0,15.0,2.0,7.0,2.0,3.0,0.4,0.2,40.0,495,7106.09375,0,0,0,119,0
189708,3.0,15.0,2.0,7.0,2.0,3.0,0.4,0.2,40.0,496,6512.6171875,0,0,0,120,0
189708,3.0,15.0,2.0,7.0,2.0,3.0,0.4,0.2,40.0,497,6610.771484375,0,0,0,122,0
189708,3.0,15.0,2.0,7.0,2.0,3.0,0.4,0.2,40.0,498,7033.46435546875,0,0,0,124,0
189708,3.0,15.0,2.0,7.0,2.0,3.0,0.4,0.2,40.0,499,7561.8304443359375,0,0,0,124,0