Exp Num,agent:svo_convergence_factor,agent:params:metabolism,agent:params:consumption_factor,agent:params:procreate_cost_factor,agent:params:procreate_req_factor,agent:params:start_energy_factor,agent:params:caught_chance,agent:params:caught_cooldown_factor,agent:params:maximum_age,Epoch,Resource,A,B,C,D,E
10242,1.0,5.0,2.0,9.0,1.0,1.0,0.5,0.4,30.0,0,4000.0,10,36,9,21,79
10242,1.0,5.0,2.0,9.0,1.0,1.0,0.5,0.4,30.0,1,4000.0,10,36,9,21,79
10242,1.0,5.0,2.0,9.0,1.0,1.0,0.5,0.4,30.0,2,4000.0,10,36,9,21,79
10242,1.0,5.0,2.0,9.0,1.0,1.0,0.5,0.4,30.0,3,4000.0,10,36,9,21,79
10242,1.0,5.0,2.0,9.0,1.0,1.0,0.5,0.4,30.0,4,4000.0,10,36,9,21,79
10242,1.0,5.0,2.0,9.0,1.0,1.0,0.5,0.4,30.0,5,4000.0,10,36,9,21,79
10242,1.0,5.0,2.0,9.0,1.0,1.0,0.5,0.4,30.0,6,4000.0,10,36,9,21,79
10242,1.0,5.0,2.0,9.0,1.0,1.0,0.5,0.4,30.0,7,4000.0,11,52,23,32,118
10242,1.0,5.0,2.0,9.0,1.0,1.0,0.5,0.4,30.0,8,3500.0,11,57,35,38,137
10242,1.0,5.0,2.0,9.0,1.0,1.0,0.5,0.4,30.0,9,2845.0,11,65,55,46,166
10242,1.0,5.0,2.0,9.0,1.0,1.0,0.5,0.4,30.0,10,2986.25,11,67,68,52,182
10242,1.0,5.0,2.0,9.0,1.0,1.0,0.5,0.4,30.0,11,2672.8125,9,54,79,50,174
10242,1.0,5.0,2.0,9.0,1.0,1.0,0.5,0.4,30.0,12,2581.015625,9,52,93,51,186
10242,1.0,5.0,2.0,9.0,1.0,1.0,0.5,0.4,30.0,13,2386.26953125,4,45,100,48,179
10242,1.0,5.0,2.0,9.0,1.0,1.0,0.5,0.4,30.0,14,2342.8369140625,3,42,105,48,180
10242,1.0,5.0,2.0,9.0,1.0,1.0,0.5,0.4,30.0,15,2238.546142578125,3,33,108,46,174
10242,1.0,5.0,2.0,9.0,1.0,1.0,0.5,0.4,30.0,16,2278.1826782226562,3,27,109,44,169
10242,1.0,5.0,2.0,9.0,1.0,1.0,0.5,0.4,30.0,17,2347.7283477783203,2,23,105,40,159
10242,1.0,5.0,2.0,9.0,1.0,1.0,0.5,0.4,30.0,18,2504.6604347229004,2,19,99,34,148
10242,1.0,5.0,2.0,9.0,1.0,1.0,0.5,0.4,30.0,19,2680.8255434036255,1,15,88,26,131
10242,1.0,5.0,2.0,9.0,1.0,1.0,0.5,0.4,30.0,20,3011.031929254532,1,11,76,24,115
10242,1.0,5.0,2.0,9.0,1.0,1.0,0.5,0.4,30.0,21,3393.789911568165,1,7,68,23,103
10242,1.0,5.0,2.0,9.0,1.0,1.0,0.5,0.4,30.0,22,3632.237389460206,1,6,60,16,92
10242,1.0,5.0,2.0,9.0,1.0,1.0,0.5,0.4,30.0,23,3840.2967368252575,1,4,57,15,87
10242,1.0,5.0,2.0,9.0,1.0,1.0,0.5,0.4,30.0,24,4080.370921031572,0,3,53,14,81
10242,1.0,5.0,2.0,9.0,1.0,1.0,0.5,0.4,30.0,25,4320.463651289465,0,3,50,14,78
10242,1.0,5.0,2.0,9.0,1.0,1.0,0.5,0.4,30.0,26,4570.579564111831,0,3,50,14,78
10242,1.0,5.0,2.0,9.0,1.0,1.0,0.5,0.4,30.0,27,4813.224455139789,0,4,56,15,85
10242,1.0,5.0,2.0,9.0,1.0,1.0,0.5,0.4,30.0,28,5016.530568924736,0,4,66,20,97
10242,1.0,5.0,2.0,9.0,1.0,1.0,0.5,0.4,30.0,29,5100.66321115592,0,4,76,32,112
10242,1.0,5.0,2.0,9.0,1.0,1.0,0.5,0.4,30.0,30,4975.8290139449,0,4,87,45,121
10242,1.0,5.0,2.0,9.0,1.0,1.0,0.5,0.4,30.0,31,4659.786267431125,0,2,98,59,124
10242,1.0,5.0,2.0,9.0,1.0,1.0,0.5,0.4,30.0,32,4054.732834288907,0,2,105,77,128
10242,1.0,5.0,2.0,9.0,1.0,1.0,0.5,0.4,30.0,33,3788.416042861134,0,2,110,100,131
10242,1.0,5.0,2.0,9.0,1.0,1.0,0.5,0.4,30.0,34,4075.520053576418,0,2,112,117,129
10242,1.0,5.0,2.0,9.0,1.0,1.0,0.5,0.4,30.0,35,4304.400066970522,0,2,110,123,127
10242,1.0,5.0,2.0,9.0,1.0,1.0,0.5,0.4,30.0,36,4530.500083713152,0,2,104,135,120
10242,1.0,5.0,2.0,9.0,1.0,1.0,0.5,0.4,30.0,37,4823.12510464144,0,1,94,142,108
10242,1.0,5.0,2.0,9.0,1.0,1.0,0.5,0.4,30.0,38,4958.9063808018,0,1,86,151,99
10242,1.0,5.0,2.0,9.0,1.0,1.0,0.5,0.4,30.0,39,5078.63297600225,0,1,76,163,89
10242,1.0,5.0,2.0,9.0,1.0,1.0,0.5,0.4,30.0,40,5218.291220002812,0,1,68,167,78
10242,1.0,5.0,2.0,9.0,1.0,1.0,0.5,0.4,30.0,41,5292.864025003515,0,1,50,173,57
10242,1.0,5.0,2.0,9.0,1.0,1.0,0.5,0.4,30.0,42,5316.080031254394,0,1,41,181,46
10242,1.0,5.0,2.0,9.0,1.0,1.0,0.5,0.4,30.0,43,5265.100039067993,0,1,38,183,42
10242,1.0,5.0,2.0,9.0,1.0,1.0,0.5,0.4,30.0,44,5061.375048834991,0,0,31,196,34
10242,1.0,5.0,2.0,9.0,1.0,1.0,0.5,0.4,30.0,45,4556.718811043738,0,0,29,210,32
10242,1.0,5.0,2.0,9.0,1.0,1.0,0.5,0.4,30.0,46,4455.898513804673,0,0,25,230,28
10242,1.0,5.0,2.0,9.0,1.0,1.0,0.5,0.4,30.0,47,4639.873142255841,0,0,22,242,25
10242,1.0,5.0,2.0,9.0,1.0,1.0,0.5,0.4,30.0,48,4829.8414278198015,0,0,21,245,23
10242,1.0,5.0,2.0,9.0,1.0,1.0,0.5,0.4,30.0,49,4967.301784774752,0,0,20,254,22
10242,1.0,5.0,2.0,9.0,1.0,1.0,0.5,0.4,30.0,50,5099.127230968441,0,0,15,256,17
10242,1.0,5.0,2.0,9.0,1.0,1.0,0.5,0.4,30.0,51,5143.909038710552,0,0,15,253,17
10242,1.0,5.0,2.0,9.0,1.0,1.0,0.5,0.4,30.0,52,5069.88629838819,0,0,13,252,15
10242,1.0,5.0,2.0,9.0,1.0,1.0,0.5,0.4,30.0,53,4987.357872985238,0,0,12,260,14
10242,1.0,5.0,2.0,9.0,1.0,1.0,0.5,0.4,30.0,54,4964.197341231547,0,0,9,259,11
10242,1.0,5.0,2.0,9.0,1.0,1.0,0.5,0.4,30.0,55,4835.246676539435,0,0,8,257,10
10242,1.0,5.0,2.0,9.0,1.0,1.0,0.5,0.4,30.0,56,4854.058345674293,0,0,6,257,8
10242,1.0,5.0,2.0,9.0,1.0,1.0,0.5,0.4,30.0,57,4727.572932092867,0,0,5,266,7
10242,1.0,5.0,2.0,9.0,1.0,1.0,0.5,0.4,30.0,58,4929.466165116083,0,0,4,272,6
10242,1.0,5.0,2.0,9.0,1.0,1.0,0.5,0.4,30.0,59,5041.832706395104,0,0,4,259,6
10242,1.0,5.0,2.0,9.0,1.0,1.0,0.5,0.4,30.0,60,4912.29088299388,0,0,4,262,5
10242,1.0,5.0,2.0,9.0,1.0,1.0,0.5,0.4,30.0,61,4990.363603742349,0,0,4,267,5
10242,1.0,5.0,2.0,9.0,1.0,1.0,0.5,0.4,30.0,62,4857.954504677937,0,0,4,263,5
10242,1.0,5.0,2.0,9.0,1.0,1.0,0.5,0.4,30.0,63,4902.443130847421,0,0,2,265,2
10242,1.0,5.0,2.0,9.0,1.0,1.0,0.5,0.4,30.0,64,4868.053913559277,0,0,2,262,2
10242,1.0,5.0,2.0,9.0,1.0,1.0,0.5,0.4,30.0,65,4775.067391949096,0,0,2,258,2
10242,1.0,5.0,2.0,9.0,1.0,1.0,0.5,0.4,30.0,66,4738.83423993637,0,0,2,263,2
10242,1.0,5.0,2.0,9.0,1.0,1.0,0.5,0.4,30.0,67,4723.542799920462,0,0,2,266,2
10242,1.0,5.0,2.0,9.0,1.0,1.0,0.5,0.4,30.0,68,4854.428499900578,0,0,1,260,1
10242,1.0,5.0,2.0,9.0,1.0,1.0,0.5,0.4,30.0,69,4848.035624875722,0,0,0,262,0
10242,1.0,5.0,2.0,9.0,1.0,1.0,0.5,0.4,30.0,70,4790.0445310946525,0,0,0,265,0
10242,1.0,5.0,2.0,9.0,1.0,1.0,0.5,0.4,30.0,71,4807.555663868316,0,0,0,268,0
10242,1.0,5.0,2.0,9.0,1.0,1.0,0.5,0.4,30.0,72,4849.4445798353945,0,0,0,261,0
10242,1.0,5.0,2.0,9.0,1.0,1.0,0.5,0.4,30.0,73,4801.805724794243,0,0,0,263,0
10242,1.0,5.0,2.0,9.0,1.0,1.0,0.5,0.4,30.0,74,4832.257155992804,0,0,0,263,0
10242,1.0,5.0,2.0,9.0,1.0,1.0,0.5,0.4,30.0,75,4810.321444991005,0,0,0,260,0
10242,1.0,5.0,2.0,9.0,1.0,1.0,0.5,0.4,30.0,76,4712.901806238756,0,0,0,258,0
10242,1.0,5.0,2.0,9.0,1.0,1.0,0.5,0.4,30.0,77,4761.127257798445,0,0,0,257,0
10242,1.0,5.0,2.0,9.0,1.0,1.0,0.5,0.4,30.0,78,4821.409072248056,0,0,0,263,0
10242,1.0,5.0,2.0,9.0,1.0,1.0,0.5,0.4,30.0,79,4886.7613403100695,0,0,0,261,0
10242,1.0,5.0,2.0,9.0,1.0,1.0,0.5,0.4,30.0,80,4928.451675387587,0,0,0,268,0
10242,1.0,5.0,2.0,9.0,1.0,1.0,0.5,0.4,30.0,81,4940.564594234484,0,0,0,265,0
10242,1.0,5.0,2.0,9.0,1.0,1.0,0.5,0.4,30.0,82,4865.705742793105,0,0,0,260,0
10242,1.0,5.0,2.0,9.0,1.0,1.0,0.5,0.4,30.0,83,4702.132178491382,0,0,0,268,0
10242,1.0,5.0,2.0,9.0,1.0,1.0,0.5,0.4,30.0,84,4827.665223114227,0,0,0,266,0
10242,1.0,5.0,2.0,9.0,1.0,1.0,0.5,0.4,30.0,85,4854.581528892784,0,0,0,259,0
10242,1.0,5.0,2.0,9.0,1.0,1.0,0.5,0.4,30.0,86,4948.22691111598,0,0,0,251,0
10242,1.0,5.0,2.0,9.0,1.0,1.0,0.5,0.4,30.0,87,4765.283638894975,0,0,0,257,0
10242,1.0,5.0,2.0,9.0,1.0,1.0,0.5,0.4,30.0,88,4626.6045486187195,0,0,0,255,0
10242,1.0,5.0,2.0,9.0,1.0,1.0,0.5,0.4,30.0,89,4623.2556857734,0,0,0,261,0
10242,1.0,5.0,2.0,9.0,1.0,1.0,0.5,0.4,30.0,90,4679.06960721675,0,0,0,267,0
10242,1.0,5.0,2.0,9.0,1.0,1.0,0.5,0.4,30.0,91,4858.837009020937,0,0,0,263,0
10242,1.0,5.0,2.0,9.0,1.0,1.0,0.5,0.4,30.0,92,5003.546261276171,0,0,0,259,0
10242,1.0,5.0,2.0,9.0,1.0,1.0,0.5,0.4,30.0,93,5074.432826595214,0,0,0,254,0
10242,1.0,5.0,2.0,9.0,1.0,1.0,0.5,0.4,30.0,94,5023.041033244017,0,0,0,255,0
10242,1.0,5.0,2.0,9.0,1.0,1.0,0.5,0.4,30.0,95,4928.801291555021,0,0,0,257,0
10242,1.0,5.0,2.0,9.0,1.0,1.0,0.5,0.4,30.0,96,4781.001614443776,0,0,0,251,0
10242,1.0,5.0,2.0,9.0,1.0,1.0,0.5,0.4,30.0,97,4636.25201805472,0,0,0,256,0
10242,1.0,5.0,2.0,9.0,1.0,1.0,0.5,0.4,30.0,98,4565.3150225684,0,0,0,259,0
10242,1.0,5.0,2.0,9.0,1.0,1.0,0.5,0.4,30.0,99,4736.6437782105,0,0,0,263,0
10242,1.0,5.0,2.0,9.0,1.0,1.0,0.5,0.4,30.0,100,4830.804722763125,0,0,0,259,0
10242,1.0,5.0,2.0,9.0,1.0,1.0,0.5,0.4,30.0,101,4918.505903453906,0,0,0,260,0
10242,1.0,5.0,2.0,9.0,1.0,1.0,0.5,0.4,30.0,102,4838.132379317383,0,0,0,261,0
10242,1.0,5.0,2.0,9.0,1.0,1.0,0.5,0.4,30.0,103,4837.665474146729,0,0,0,263,0
10242,1.0,5.0,2.0,9.0,1.0,1.0,0.5,0.4,30.0,104,4737.081842683411,0,0,0,255,0
10242,1.0,5.0,2.0,9.0,1.0,1.0,0.5,0.4,30.0,105,4691.352303354264,0,0,0,261,0
10242,1.0,5.0,2.0,9.0,1.0,1.0,0.5,0.4,30.0,106,4744.190379192831,0,0,0,265,0
10242,1.0,5.0,2.0,9.0,1.0,1.0,0.5,0.4,30.0,107,4840.237973991038,0,0,0,250,0
10242,1.0,5.0,2.0,9.0,1.0,1.0,0.5,0.4,30.0,108,4850.297467488798,0,0,0,243,0
10242,1.0,5.0,2.0,9.0,1.0,1.0,0.5,0.4,30.0,109,4582.871834360998,0,0,0,248,0
10242,1.0,5.0,2.0,9.0,1.0,1.0,0.5,0.4,30.0,110,4458.589792951248,0,0,0,252,0
10242,1.0,5.0,2.0,9.0,1.0,1.0,0.5,0.4,30.0,111,4503.237241189059,0,0,0,260,0
10242,1.0,5.0,2.0,9.0,1.0,1.0,0.5,0.4,30.0,112,4649.0465514863245,0,0,0,260,0
10242,1.0,5.0,2.0,9.0,1.0,1.0,0.5,0.4,30.0,113,4821.308189357906,0,0,0,248,0
10242,1.0,5.0,2.0,9.0,1.0,1.0,0.5,0.4,30.0,114,5076.635236697382,0,0,0,238,0
10242,1.0,5.0,2.0,9.0,1.0,1.0,0.5,0.4,30.0,115,5105.794045871728,0,0,0,239,0
10242,1.0,5.0,2.0,9.0,1.0,1.0,0.5,0.4,30.0,116,5172.2425573396595,0,0,0,250,0
10242,1.0,5.0,2.0,9.0,1.0,1.0,0.5,0.4,30.0,117,5035.303196674575,0,0,0,251,0
10242,1.0,5.0,2.0,9.0,1.0,1.0,0.5,0.4,30.0,118,4794.128995843219,0,0,0,253,0
10242,1.0,5.0,2.0,9.0,1.0,1.0,0.5,0.4,30.0,119,4632.661244804023,0,0,0,256,0
10242,1.0,5.0,2.0,9.0,1.0,1.0,0.5,0.4,30.0,120,4530.8265560050295,0,0,0,251,0
10242,1.0,5.0,2.0,9.0,1.0,1.0,0.5,0.4,30.0,121,4503.533195006286,0,0,0,257,0
10242,1.0,5.0,2.0,9.0,1.0,1.0,0.5,0.4,30.0,122,4509.416493757858,0,0,0,259,0
10242,1.0,5.0,2.0,9.0,1.0,1.0,0.5,0.4,30.0,123,4766.770617197322,0,0,0,265,0
10242,1.0,5.0,2.0,9.0,1.0,1.0,0.5,0.4,30.0,124,4908.463271496653,0,0,0,266,0
10242,1.0,5.0,2.0,9.0,1.0,1.0,0.5,0.4,30.0,125,5185.579089370816,0,0,0,261,0
10242,1.0,5.0,2.0,9.0,1.0,1.0,0.5,0.4,30.0,126,5481.973861713521,0,0,0,252,0
10242,1.0,5.0,2.0,9.0,1.0,1.0,0.5,0.4,30.0,127,5742.4673271419015,0,0,0,240,0
10242,1.0,5.0,2.0,9.0,1.0,1.0,0.5,0.4,30.0,128,5998.084158927377,0,0,0,236,0
10242,1.0,5.0,2.0,9.0,1.0,1.0,0.5,0.4,30.0,129,6047.605198659221,0,0,0,231,0
10242,1.0,5.0,2.0,9.0,1.0,1.0,0.5,0.4,30.0,130,5869.506498324026,0,0,0,233,0
10242,1.0,5.0,2.0,9.0,1.0,1.0,0.5,0.4,30.0,131,5516.883122905033,0,0,0,236,0
10242,1.0,5.0,2.0,9.0,1.0,1.0,0.5,0.4,30.0,132,4806.103903631291,0,0,0,253,0
10242,1.0,5.0,2.0,9.0,1.0,1.0,0.5,0.4,30.0,133,4717.629879539114,0,0,0,276,0
10242,1.0,5.0,2.0,9.0,1.0,1.0,0.5,0.4,30.0,134,4907.037349423892,0,0,0,281,0
10242,1.0,5.0,2.0,9.0,1.0,1.0,0.5,0.4,30.0,135,5183.796686779865,0,0,0,294,0
10242,1.0,5.0,2.0,9.0,1.0,1.0,0.5,0.4,30.0,136,5499.745858474831,0,0,0,294,0
10242,1.0,5.0,2.0,9.0,1.0,1.0,0.5,0.4,30.0,137,5694.682323093539,0,0,0,299,0
10242,1.0,5.0,2.0,9.0,1.0,1.0,0.5,0.4,30.0,138,5768.352903866924,0,0,0,303,0
10242,1.0,5.0,2.0,9.0,1.0,1.0,0.5,0.4,30.0,139,5880.4411298336545,0,0,0,289,0
10242,1.0,5.0,2.0,9.0,1.0,1.0,0.5,0.4,30.0,140,5870.551412292069,0,0,0,292,0
10242,1.0,5.0,2.0,9.0,1.0,1.0,0.5,0.4,30.0,141,5588.189265365086,0,0,0,296,0
10242,1.0,5.0,2.0,9.0,1.0,1.0,0.5,0.4,30.0,142,5475.236581706357,0,0,0,302,0
10242,1.0,5.0,2.0,9.0,1.0,1.0,0.5,0.4,30.0,143,5354.045727132947,0,0,0,297,0
10242,1.0,5.0,2.0,9.0,1.0,1.0,0.5,0.4,30.0,144,5332.557158916184,0,0,0,295,0
10242,1.0,5.0,2.0,9.0,1.0,1.0,0.5,0.4,30.0,145,5375.69644864523,0,0,0,303,0
10242,1.0,5.0,2.0,9.0,1.0,1.0,0.5,0.4,30.0,146,5529.6205608065375,0,0,0,302,0
10242,1.0,5.0,2.0,9.0,1.0,1.0,0.5,0.4,30.0,147,5672.025701008171,0,0,0,301,0
10242,1.0,5.0,2.0,9.0,1.0,1.0,0.5,0.4,30.0,148,5710.032126260214,0,0,0,299,0
10242,1.0,5.0,2.0,9.0,1.0,1.0,0.5,0.4,30.0,149,5657.540157825268,0,0,0,308,0
10242,1.0,5.0,2.0,9.0,1.0,1.0,0.5,0.4,30.0,150,5661.925197281585,0,0,0,309,0
10242,1.0,5.0,2.0,9.0,1.0,1.0,0.5,0.4,30.0,151,5667.4064966019805,0,0,0,307,0
10242,1.0,5.0,2.0,9.0,1.0,1.0,0.5,0.4,30.0,152,5604.258120752475,0,0,0,305,0
10242,1.0,5.0,2.0,9.0,1.0,1.0,0.5,0.4,30.0,153,5575.322650940594,0,0,0,300,0
10242,1.0,5.0,2.0,9.0,1.0,1.0,0.5,0.4,30.0,154,5369.1533136757425,0,0,0,292,0
10242,1.0,5.0,2.0,9.0,1.0,1.0,0.5,0.4,30.0,155,5301.441642094678,0,0,0,295,0
10242,1.0,5.0,2.0,9.0,1.0,1.0,0.5,0.4,30.0,156,5296.802052618348,0,0,0,297,0
10242,1.0,5.0,2.0,9.0,1.0,1.0,0.5,0.4,30.0,157,5501.002565772935,0,0,0,298,0
10242,1.0,5.0,2.0,9.0,1.0,1.0,0.5,0.4,30.0,158,5556.253207216168,0,0,0,299,0
10242,1.0,5.0,2.0,9.0,1.0,1.0,0.5,0.4,30.0,159,5545.316509020211,0,0,0,299,0
10242,1.0,5.0,2.0,9.0,1.0,1.0,0.5,0.4,30.0,160,5521.645636275263,0,0,0,301,0
10242,1.0,5.0,2.0,9.0,1.0,1.0,0.5,0.4,30.0,161,5472.05704534408,0,0,0,295,0
10242,1.0,5.0,2.0,9.0,1.0,1.0,0.5,0.4,30.0,162,5390.0713066801,0,0,0,293,0
10242,1.0,5.0,2.0,9.0,1.0,1.0,0.5,0.4,30.0,163,5417.589133350125,0,0,0,297,0
10242,1.0,5.0,2.0,9.0,1.0,1.0,0.5,0.4,30.0,164,5351.986416687656,0,0,0,291,0
10242,1.0,5.0,2.0,9.0,1.0,1.0,0.5,0.4,30.0,165,5349.98302085957,0,0,0,299,0
10242,1.0,5.0,2.0,9.0,1.0,1.0,0.5,0.4,30.0,166,5457.478776074463,0,0,0,302,0
10242,1.0,5.0,2.0,9.0,1.0,1.0,0.5,0.4,30.0,167,5411.8484700930785,0,0,0,300,0
10242,1.0,5.0,2.0,9.0,1.0,1.0,0.5,0.4,30.0,168,5494.810587616348,0,0,0,303,0
10242,1.0,5.0,2.0,9.0,1.0,1.0,0.5,0.4,30.0,169,5528.513234520435,0,0,0,305,0
10242,1.0,5.0,2.0,9.0,1.0,1.0,0.5,0.4,30.0,170,5570.641543150543,0,0,0,306,0
10242,1.0,5.0,2.0,9.0,1.0,1.0,0.5,0.4,30.0,171,5603.301928938179,0,0,0,305,0
10242,1.0,5.0,2.0,9.0,1.0,1.0,0.5,0.4,30.0,172,5664.127411172723,0,0,0,301,0
10242,1.0,5.0,2.0,9.0,1.0,1.0,0.5,0.4,30.0,173,5680.159263965905,0,0,0,291,0
10242,1.0,5.0,2.0,9.0,1.0,1.0,0.5,0.4,30.0,174,5590.199079957381,0,0,0,288,0
10242,1.0,5.0,2.0,9.0,1.0,1.0,0.5,0.4,30.0,175,5337.748849946727,0,0,0,283,0
10242,1.0,5.0,2.0,9.0,1.0,1.0,0.5,0.4,30.0,176,5152.1860624334095,0,0,0,286,0
10242,1.0,5.0,2.0,9.0,1.0,1.0,0.5,0.4,30.0,177,5140.232578041761,0,0,0,291,0
10242,1.0,5.0,2.0,9.0,1.0,1.0,0.5,0.4,30.0,178,5345.290722552201,0,0,0,295,0
10242,1.0,5.0,2.0,9.0,1.0,1.0,0.5,0.4,30.0,179,5391.613403190251,0,0,0,297,0
10242,1.0,5.0,2.0,9.0,1.0,1.0,0.5,0.4,30.0,180,5609.516753987814,0,0,0,292,0
10242,1.0,5.0,2.0,9.0,1.0,1.0,0.5,0.4,30.0,181,5691.895942484767,0,0,0,285,0
10242,1.0,5.0,2.0,9.0,1.0,1.0,0.5,0.4,30.0,182,5514.869928105959,0,0,0,288,0
10242,1.0,5.0,2.0,9.0,1.0,1.0,0.5,0.4,30.0,183,5353.587410132449,0,0,0,290,0
10242,1.0,5.0,2.0,9.0,1.0,1.0,0.5,0.4,30.0,184,5401.984262665561,0,0,0,297,0
10242,1.0,5.0,2.0,9.0,1.0,1.0,0.5,0.4,30.0,185,5352.480328331951,0,0,0,287,0
10242,1.0,5.0,2.0,9.0,1.0,1.0,0.5,0.4,30.0,186,5280.600410414938,0,0,0,286,0
10242,1.0,5.0,2.0,9.0,1.0,1.0,0.5,0.4,30.0,187,5200.750513018673,0,0,0,284,0
10242,1.0,5.0,2.0,9.0,1.0,1.0,0.5,0.4,30.0,188,5220.938141273341,0,0,0,288,0
10242,1.0,5.0,2.0,9.0,1.0,1.0,0.5,0.4,30.0,189,5216.1726765916765,0,0,0,295,0
10242,1.0,5.0,2.0,9.0,1.0,1.0,0.5,0.4,30.0,190,5300.215845739595,0,0,0,297,0
10242,1.0,5.0,2.0,9.0,1.0,1.0,0.5,0.4,30.0,191,5485.269807174494,0,0,0,293,0
10242,1.0,5.0,2.0,9.0,1.0,1.0,0.5,0.4,30.0,192,5646.5872589681185,0,0,0,282,0
10242,1.0,5.0,2.0,9.0,1.0,1.0,0.5,0.4,30.0,193,5648.234073710148,0,0,0,287,0
10242,1.0,5.0,2.0,9.0,1.0,1.0,0.5,0.4,30.0,194,5620.292592137685,0,0,0,284,0
10242,1.0,5.0,2.0,9.0,1.0,1.0,0.5,0.4,30.0,195,5345.365740172106,0,0,0,285,0
10242,1.0,5.0,2.0,9.0,1.0,1.0,0.5,0.4,30.0,196,5331.707175215132,0,0,0,296,0
10242,1.0,5.0,2.0,9.0,1.0,1.0,0.5,0.4,30.0,197,5254.633969018915,0,0,0,295,0
10242,1.0,5.0,2.0,9.0,1.0,1.0,0.5,0.4,30.0,198,5358.292461273644,0,0,0,286,0
10242,1.0,5.0,2.0,9.0,1.0,1.0,0.5,0.4,30.0,199,5317.865576592056,0,0,0,289,0
10242,1.0,5.0,2.0,9.0,1.0,1.0,0.5,0.4,30.0,200,5287.33197074007,0,0,0,289,0
10242,1.0,5.0,2.0,9.0,1.0,1.0,0.5,0.4,30.0,201,5329.164963425087,0,0,0,292,0
10242,1.0,5.0,2.0,9.0,1.0,1.0,0.5,0.4,30.0,202,5271.456204281359,0,0,0,290,0
10242,1.0,5.0,2.0,9.0,1.0,1.0,0.5,0.4,30.0,203,5309.3202553516985,0,0,0,292,0
10242,1.0,5.0,2.0,9.0,1.0,1.0,0.5,0.4,30.0,204,5396.650319189623,0,0,0,299,0
10242,1.0,5.0,2.0,9.0,1.0,1.0,0.5,0.4,30.0,205,5515.812898987028,0,0,0,290,0
10242,1.0,5.0,2.0,9.0,1.0,1.0,0.5,0.4,30.0,206,5584.766123733785,0,0,0,282,0
10242,1.0,5.0,2.0,9.0,1.0,1.0,0.5,0.4,30.0,207,5500.9576546672315,0,0,0,284,0
10242,1.0,5.0,2.0,9.0,1.0,1.0,0.5,0.4,30.0,208,5326.19706833404,0,0,0,277,0
10242,1.0,5.0,2.0,9.0,1.0,1.0,0.5,0.4,30.0,209,5167.74633541755,0,0,0,286,0
10242,1.0,5.0,2.0,9.0,1.0,1.0,0.5,0.4,30.0,210,5139.682919271937,0,0,0,289,0
10242,1.0,5.0,2.0,9.0,1.0,1.0,0.5,0.4,30.0,211,5304.603649089921,0,0,0,292,0
10242,1.0,5.0,2.0,9.0,1.0,1.0,0.5,0.4,30.0,212,5360.754561362402,0,0,0,284,0
10242,1.0,5.0,2.0,9.0,1.0,1.0,0.5,0.4,30.0,213,5340.943201703002,0,0,0,285,0
10242,1.0,5.0,2.0,9.0,1.0,1.0,0.5,0.4,30.0,214,5216.1790021287525,0,0,0,285,0
10242,1.0,5.0,2.0,9.0,1.0,1.0,0.5,0.4,30.0,215,5210.223752660941,0,0,0,283,0
10242,1.0,5.0,2.0,9.0,1.0,1.0,0.5,0.4,30.0,216,5072.779690826175,0,0,0,290,0
10242,1.0,5.0,2.0,9.0,1.0,1.0,0.5,0.4,30.0,217,5320.974613532719,0,0,0,300,0
10242,1.0,5.0,2.0,9.0,1.0,1.0,0.5,0.4,30.0,218,5351.218266915898,0,0,0,287,0
10242,1.0,5.0,2.0,9.0,1.0,1.0,0.5,0.4,30.0,219,5349.022833644873,0,0,0,284,0
10242,1.0,5.0,2.0,9.0,1.0,1.0,0.5,0.4,30.0,220,5286.27854205609,0,0,0,287,0
10242,1.0,5.0,2.0,9.0,1.0,1.0,0.5,0.4,30.0,221,5207.848177570113,0,0,0,290,0
10242,1.0,5.0,2.0,9.0,1.0,1.0,0.5,0.4,30.0,222,5299.810221962642,0,0,0,291,0
10242,1.0,5.0,2.0,9.0,1.0,1.0,0.5,0.4,30.0,223,5314.762777453302,0,0,0,298,0
10242,1.0,5.0,2.0,9.0,1.0,1.0,0.5,0.4,30.0,224,5433.453471816628,0,0,0,294,0
10242,1.0,5.0,2.0,9.0,1.0,1.0,0.5,0.4,30.0,225,5341.816839770785,0,0,0,288,0
10242,1.0,5.0,2.0,9.0,1.0,1.0,0.5,0.4,30.0,226,5397.271049713481,0,0,0,289,0
10242,1.0,5.0,2.0,9.0,1.0,1.0,0.5,0.4,30.0,227,5276.588812141852,0,0,0,291,0
10242,1.0,5.0,2.0,9.0,1.0,1.0,0.5,0.4,30.0,228,5285.7360151773155,0,0,0,291,0
10242,1.0,5.0,2.0,9.0,1.0,1.0,0.5,0.4,30.0,229,5257.170018971645,0,0,0,291,0
10242,1.0,5.0,2.0,9.0,1.0,1.0,0.5,0.4,30.0,230,5301.462523714556,0,0,0,288,0
10242,1.0,5.0,2.0,9.0,1.0,1.0,0.5,0.4,30.0,231,5216.8281546431945,0,0,0,276,0
10242,1.0,5.0,2.0,9.0,1.0,1.0,0.5,0.4,30.0,232,5161.035193303993,0,0,0,284,0
10242,1.0,5.0,2.0,9.0,1.0,1.0,0.5,0.4,30.0,233,5101.293991629991,0,0,0,285,0
10242,1.0,5.0,2.0,9.0,1.0,1.0,0.5,0.4,30.0,234,5206.617489537489,0,0,0,284,0
10242,1.0,5.0,2.0,9.0,1.0,1.0,0.5,0.4,30.0,235,5278.271861921861,0,0,0,283,0
10242,1.0,5.0,2.0,9.0,1.0,1.0,0.5,0.4,30.0,236,5267.839827402327,0,0,0,285,0
10242,1.0,5.0,2.0,9.0,1.0,1.0,0.5,0.4,30.0,237,5274.7997842529085,0,0,0,282,0
10242,1.0,5.0,2.0,9.0,1.0,1.0,0.5,0.4,30.0,238,5243.499730316135,0,0,0,268,0
10242,1.0,5.0,2.0,9.0,1.0,1.0,0.5,0.4,30.0,239,5014.374662895169,0,0,0,272,0
10242,1.0,5.0,2.0,9.0,1.0,1.0,0.5,0.4,30.0,240,4957.968328618962,0,0,0,273,0
10242,1.0,5.0,2.0,9.0,1.0,1.0,0.5,0.4,30.0,241,5057.460410773702,0,0,0,279,0
10242,1.0,5.0,2.0,9.0,1.0,1.0,0.5,0.4,30.0,242,5081.825513467128,0,0,0,279,0
10242,1.0,5.0,2.0,9.0,1.0,1.0,0.5,0.4,30.0,243,5012.28189183391,0,0,0,273,0
10242,1.0,5.0,2.0,9.0,1.0,1.0,0.5,0.4,30.0,244,4965.352364792388,0,0,0,277,0
10242,1.0,5.0,2.0,9.0,1.0,1.0,0.5,0.4,30.0,245,4936.690455990484,0,0,0,276,0
10242,1.0,5.0,2.0,9.0,1.0,1.0,0.5,0.4,30.0,246,4860.863069988105,0,0,0,282,0
10242,1.0,5.0,2.0,9.0,1.0,1.0,0.5,0.4,30.0,247,5046.078837485131,0,0,0,282,0
10242,1.0,5.0,2.0,9.0,1.0,1.0,0.5,0.4,30.0,248,5127.598546856414,0,0,0,282,0
10242,1.0,5.0,2.0,9.0,1.0,1.0,0.5,0.4,30.0,249,5299.4981835705175,0,0,0,276,0
10242,1.0,5.0,2.0,9.0,1.0,1.0,0.5,0.4,30.0,250,5354.372729463147,0,0,0,271,0
10242,1.0,5.0,2.0,9.0,1.0,1.0,0.5,0.4,30.0,251,5442.965911828934,0,0,0,269,0
10242,1.0,5.0,2.0,9.0,1.0,1.0,0.5,0.4,30.0,252,5363.707389786167,0,0,0,270,0
10242,1.0,5.0,2.0,9.0,1.0,1.0,0.5,0.4,30.0,253,5284.634237232709,0,0,0,264,0
10242,1.0,5.0,2.0,9.0,1.0,1.0,0.5,0.4,30.0,254,4925.792796540886,0,0,0,264,0
10242,1.0,5.0,2.0,9.0,1.0,1.0,0.5,0.4,30.0,255,4837.240995676108,0,0,0,270,0
10242,1.0,5.0,2.0,9.0,1.0,1.0,0.5,0.4,30.0,256,4876.551244595134,0,0,0,264,0
10242,1.0,5.0,2.0,9.0,1.0,1.0,0.5,0.4,30.0,257,4775.689055743918,0,0,0,270,0
10242,1.0,5.0,2.0,9.0,1.0,1.0,0.5,0.4,30.0,258,4909.611319679898,0,0,0,275,0
10242,1.0,5.0,2.0,9.0,1.0,1.0,0.5,0.4,30.0,259,5117.014149599872,0,0,0,274,0
10242,1.0,5.0,2.0,9.0,1.0,1.0,0.5,0.4,30.0,260,5216.26768699984,0,0,0,273,0
10242,1.0,5.0,2.0,9.0,1.0,1.0,0.5,0.4,30.0,261,5260.3346087498,0,0,0,269,0
10242,1.0,5.0,2.0,9.0,1.0,1.0,0.5,0.4,30.0,262,5165.41826093725,0,0,0,269,0
10242,1.0,5.0,2.0,9.0,1.0,1.0,0.5,0.4,30.0,263,4966.772826171563,0,0,0,268,0
10242,1.0,5.0,2.0,9.0,1.0,1.0,0.5,0.4,30.0,264,4888.466032714454,0,0,0,276,0
10242,1.0,5.0,2.0,9.0,1.0,1.0,0.5,0.4,30.0,265,4970.582540893067,0,0,0,276,0
10242,1.0,5.0,2.0,9.0,1.0,1.0,0.5,0.4,30.0,266,4983.228176116334,0,0,0,267,0
10242,1.0,5.0,2.0,9.0,1.0,1.0,0.5,0.4,30.0,267,4859.035220145417,0,0,0,265,0
10242,1.0,5.0,2.0,9.0,1.0,1.0,0.5,0.4,30.0,268,4823.794025181771,0,0,0,272,0
10242,1.0,5.0,2.0,9.0,1.0,1.0,0.5,0.4,30.0,269,4919.742531477214,0,0,0,276,0
10242,1.0,5.0,2.0,9.0,1.0,1.0,0.5,0.4,30.0,270,4969.6781643465165,0,0,0,277,0
10242,1.0,5.0,2.0,9.0,1.0,1.0,0.5,0.4,30.0,271,5082.097705433145,0,0,0,273,0
10242,1.0,5.0,2.0,9.0,1.0,1.0,0.5,0.4,30.0,272,5062.6221317914315,0,0,0,270,0
10242,1.0,5.0,2.0,9.0,1.0,1.0,0.5,0.4,30.0,273,5108.277664739289,0,0,0,261,0
10242,1.0,5.0,2.0,9.0,1.0,1.0,0.5,0.4,30.0,274,4945.347080924112,0,0,0,259,0
10242,1.0,5.0,2.0,9.0,1.0,1.0,0.5,0.4,30.0,275,4871.68385115514,0,0,0,269,0
10242,1.0,5.0,2.0,9.0,1.0,1.0,0.5,0.4,30.0,276,4849.6048139439245,0,0,0,272,0
10242,1.0,5.0,2.0,9.0,1.0,1.0,0.5,0.4,30.0,277,5022.006017429905,0,0,0,276,0
10242,1.0,5.0,2.0,9.0,1.0,1.0,0.5,0.4,30.0,278,5067.507521787382,0,0,0,263,0
10242,1.0,5.0,2.0,9.0,1.0,1.0,0.5,0.4,30.0,279,4964.384402234227,0,0,0,264,0
10242,1.0,5.0,2.0,9.0,1.0,1.0,0.5,0.4,30.0,280,4835.480502792784,0,0,0,267,0
10242,1.0,5.0,2.0,9.0,1.0,1.0,0.5,0.4,30.0,281,4824.35062849098,0,0,0,273,0
10242,1.0,5.0,2.0,9.0,1.0,1.0,0.5,0.4,30.0,282,4850.438285613725,0,0,0,262,0
10242,1.0,5.0,2.0,9.0,1.0,1.0,0.5,0.4,30.0,283,4803.047857017156,0,0,0,266,0
10242,1.0,5.0,2.0,9.0,1.0,1.0,0.5,0.4,30.0,284,4813.809821271445,0,0,0,267,0
10242,1.0,5.0,2.0,9.0,1.0,1.0,0.5,0.4,30.0,285,4867.262276589307,0,0,0,260,0
10242,1.0,5.0,2.0,9.0,1.0,1.0,0.5,0.4,30.0,286,4804.077845736633,0,0,0,268,0
10242,1.0,5.0,2.0,9.0,1.0,1.0,0.5,0.4,30.0,287,4825.097307170791,0,0,0,277,0
10242,1.0,5.0,2.0,9.0,1.0,1.0,0.5,0.4,30.0,288,4961.371633963489,0,0,0,280,0
10242,1.0,5.0,2.0,9.0,1.0,1.0,0.5,0.4,30.0,289,5051.714542454361,0,0,0,278,0
10242,1.0,5.0,2.0,9.0,1.0,1.0,0.5,0.4,30.0,290,5164.643178067952,0,0,0,268,0
10242,1.0,5.0,2.0,9.0,1.0,1.0,0.5,0.4,30.0,291,5145.80397258494,0,0,0,263,0
10242,1.0,5.0,2.0,9.0,1.0,1.0,0.5,0.4,30.0,292,4992.254965731176,0,0,0,269,0
10242,1.0,5.0,2.0,9.0,1.0,1.0,0.5,0.4,30.0,293,4980.3187071639695,0,0,0,271,0
10242,1.0,5.0,2.0,9.0,1.0,1.0,0.5,0.4,30.0,294,4895.398383954962,0,0,0,268,0
10242,1.0,5.0,2.0,9.0,1.0,1.0,0.5,0.4,30.0,295,4789.247979943702,0,0,0,263,0
10242,1.0,5.0,2.0,9.0,1.0,1.0,0.5,0.4,30.0,296,4716.559974929628,0,0,0,263,0
10242,1.0,5.0,2.0,9.0,1.0,1.0,0.5,0.4,30.0,297,4825.699968662035,0,0,0,265,0
10242,1.0,5.0,2.0,9.0,1.0,1.0,0.5,0.4,30.0,298,4802.124960827543,0,0,0,267,0
10242,1.0,5.0,2.0,9.0,1.0,1.0,0.5,0.4,30.0,299,4902.656201034429,0,0,0,264,0
10242,1.0,5.0,2.0,9.0,1.0,1.0,0.5,0.4,30.0,300,4828.320251293036,0,0,0,265,0
10242,1.0,5.0,2.0,9.0,1.0,1.0,0.5,0.4,30.0,301,4835.400314116295,0,0,0,266,0
10242,1.0,5.0,2.0,9.0,1.0,1.0,0.5,0.4,30.0,302,4844.250392645368,0,0,0,269,0
10242,1.0,5.0,2.0,9.0,1.0,1.0,0.5,0.4,30.0,303,4845.31299080671,0,0,0,268,0
10242,1.0,5.0,2.0,9.0,1.0,1.0,0.5,0.4,30.0,304,4796.641238508388,0,0,0,264,0
10242,1.0,5.0,2.0,9.0,1.0,1.0,0.5,0.4,30.0,305,4895.801548135485,0,0,0,263,0
10242,1.0,5.0,2.0,9.0,1.0,1.0,0.5,0.4,30.0,306,4729.751935169356,0,0,0,252,0
10242,1.0,5.0,2.0,9.0,1.0,1.0,0.5,0.4,30.0,307,4612.189918961695,0,0,0,251,0
10242,1.0,5.0,2.0,9.0,1.0,1.0,0.5,0.4,30.0,308,4475.237398702119,0,0,0,248,0
10242,1.0,5.0,2.0,9.0,1.0,1.0,0.5,0.4,30.0,309,4544.046748377649,0,0,0,253,0
10242,1.0,5.0,2.0,9.0,1.0,1.0,0.5,0.4,30.0,310,4600.058435472061,0,0,0,254,0
10242,1.0,5.0,2.0,9.0,1.0,1.0,0.5,0.4,30.0,311,4700.073044340077,0,0,0,258,0
10242,1.0,5.0,2.0,9.0,1.0,1.0,0.5,0.4,30.0,312,4745.091305425096,0,0,0,252,0
10242,1.0,5.0,2.0,9.0,1.0,1.0,0.5,0.4,30.0,313,4671.36413178137,0,0,0,255,0
10242,1.0,5.0,2.0,9.0,1.0,1.0,0.5,0.4,30.0,314,4669.205164726713,0,0,0,260,0
10242,1.0,5.0,2.0,9.0,1.0,1.0,0.5,0.4,30.0,315,4656.506455908391,0,0,0,254,0
10242,1.0,5.0,2.0,9.0,1.0,1.0,0.5,0.4,30.0,316,4640.633069885489,0,0,0,256,0
10242,1.0,5.0,2.0,9.0,1.0,1.0,0.5,0.4,30.0,317,4650.791337356861,0,0,0,253,0
10242,1.0,5.0,2.0,9.0,1.0,1.0,0.5,0.4,30.0,318,4563.489171696076,0,0,0,252,0
10242,1.0,5.0,2.0,9.0,1.0,1.0,0.5,0.4,30.0,319,4594.361464620095,0,0,0,247,0
10242,1.0,5.0,2.0,9.0,1.0,1.0,0.5,0.4,30.0,320,4472.951830775119,0,0,0,244,0
10242,1.0,5.0,2.0,9.0,1.0,1.0,0.5,0.4,30.0,321,4451.189788468899,0,0,0,245,0
10242,1.0,5.0,2.0,9.0,1.0,1.0,0.5,0.4,30.0,322,4393.9872355861235,0,0,0,247,0
10242,1.0,5.0,2.0,9.0,1.0,1.0,0.5,0.4,30.0,323,4392.484044482654,0,0,0,251,0
10242,1.0,5.0,2.0,9.0,1.0,1.0,0.5,0.4,30.0,324,4420.605055603318,0,0,0,245,0
10242,1.0,5.0,2.0,9.0,1.0,1.0,0.5,0.4,30.0,325,4505.7563195041475,0,0,0,242,0
10242,1.0,5.0,2.0,9.0,1.0,1.0,0.5,0.4,30.0,326,4502.195399380184,0,0,0,249,0
10242,1.0,5.0,2.0,9.0,1.0,1.0,0.5,0.4,30.0,327,4567.74424922523,0,0,0,244,0
10242,1.0,5.0,2.0,9.0,1.0,1.0,0.5,0.4,30.0,328,4549.680311531538,0,0,0,242,0
10242,1.0,5.0,2.0,9.0,1.0,1.0,0.5,0.4,30.0,329,4497.100389414422,0,0,0,242,0
10242,1.0,5.0,2.0,9.0,1.0,1.0,0.5,0.4,30.0,330,4451.375486768028,0,0,0,244,0
10242,1.0,5.0,2.0,9.0,1.0,1.0,0.5,0.4,30.0,331,4444.219358460035,0,0,0,244,0
10242,1.0,5.0,2.0,9.0,1.0,1.0,0.5,0.4,30.0,332,4495.274198075044,0,0,0,244,0
10242,1.0,5.0,2.0,9.0,1.0,1.0,0.5,0.4,30.0,333,4459.092747593805,0,0,0,241,0
10242,1.0,5.0,2.0,9.0,1.0,1.0,0.5,0.4,30.0,334,4453.865934492256,0,0,0,242,0
10242,1.0,5.0,2.0,9.0,1.0,1.0,0.5,0.4,30.0,335,4447.33241811532,0,0,0,243,0
10242,1.0,5.0,2.0,9.0,1.0,1.0,0.5,0.4,30.0,336,4459.165522644151,0,0,0,248,0
10242,1.0,5.0,2.0,9.0,1.0,1.0,0.5,0.4,30.0,337,4533.9569033051885,0,0,0,246,0
10242,1.0,5.0,2.0,9.0,1.0,1.0,0.5,0.4,30.0,338,4647.446129131486,0,0,0,243,0
10242,1.0,5.0,2.0,9.0,1.0,1.0,0.5,0.4,30.0,339,4739.307661414357,0,0,0,232,0
10242,1.0,5.0,2.0,9.0,1.0,1.0,0.5,0.4,30.0,340,4614.134576767947,0,0,0,227,0
10242,1.0,5.0,2.0,9.0,1.0,1.0,0.5,0.4,30.0,341,4417.668220959933,0,0,0,236,0
10242,1.0,5.0,2.0,9.0,1.0,1.0,0.5,0.4,30.0,342,4212.085276199916,0,0,0,234,0
10242,1.0,5.0,2.0,9.0,1.0,1.0,0.5,0.4,30.0,343,4275.106595249895,0,0,0,242,0
10242,1.0,5.0,2.0,9.0,1.0,1.0,0.5,0.4,30.0,344,4373.883244062368,0,0,0,237,0
10242,1.0,5.0,2.0,9.0,1.0,1.0,0.5,0.4,30.0,345,4357.35405507796,0,0,0,232,0
10242,1.0,5.0,2.0,9.0,1.0,1.0,0.5,0.4,30.0,346,4326.692568847449,0,0,0,240,0
10242,1.0,5.0,2.0,9.0,1.0,1.0,0.5,0.4,30.0,347,4438.365711059312,0,0,0,239,0
10242,1.0,5.0,2.0,9.0,1.0,1.0,0.5,0.4,30.0,348,4417.95713882414,0,0,0,235,0
10242,1.0,5.0,2.0,9.0,1.0,1.0,0.5,0.4,30.0,349,4342.446423530175,0,0,0,248,0
10242,1.0,5.0,2.0,9.0,1.0,1.0,0.5,0.4,30.0,350,4518.0580294127185,0,0,0,251,0
10242,1.0,5.0,2.0,9.0,1.0,1.0,0.5,0.4,30.0,351,4517.572536765898,0,0,0,241,0
10242,1.0,5.0,2.0,9.0,1.0,1.0,0.5,0.4,30.0,352,4526.965670957372,0,0,0,240,0
10242,1.0,5.0,2.0,9.0,1.0,1.0,0.5,0.4,30.0,353,4438.707088696715,0,0,0,241,0
10242,1.0,5.0,2.0,9.0,1.0,1.0,0.5,0.4,30.0,354,4438.383860870894,0,0,0,243,0
10242,1.0,5.0,2.0,9.0,1.0,1.0,0.5,0.4,30.0,355,4387.979826088617,0,0,0,232,0
10242,1.0,5.0,2.0,9.0,1.0,1.0,0.5,0.4,30.0,356,4244.974782610771,0,0,0,232,0
10242,1.0,5.0,2.0,9.0,1.0,1.0,0.5,0.4,30.0,357,4246.218478263464,0,0,0,239,0
10242,1.0,5.0,2.0,9.0,1.0,1.0,0.5,0.4,30.0,358,4327.77309782933,0,0,0,241,0
10242,1.0,5.0,2.0,9.0,1.0,1.0,0.5,0.4,30.0,359,4389.716372286663,0,0,0,236,0
10242,1.0,5.0,2.0,9.0,1.0,1.0,0.5,0.4,30.0,360,4387.145465358328,0,0,0,235,0
10242,1.0,5.0,2.0,9.0,1.0,1.0,0.5,0.4,30.0,361,4393.93183169791,0,0,0,235,0
10242,1.0,5.0,2.0,9.0,1.0,1.0,0.5,0.4,30.0,362,4292.414789622388,0,0,0,235,0
10242,1.0,5.0,2.0,9.0,1.0,1.0,0.5,0.4,30.0,363,4275.5184870279845,0,0,0,231,0
10242,1.0,5.0,2.0,9.0,1.0,1.0,0.5,0.4,30.0,364,4264.398108784981,0,0,0,238,0
10242,1.0,5.0,2.0,9.0,1.0,1.0,0.5,0.4,30.0,365,4350.497635981226,0,0,0,238,0
10242,1.0,5.0,2.0,9.0,1.0,1.0,0.5,0.4,30.0,366,4358.122044976533,0,0,0,239,0
10242,1.0,5.0,2.0,9.0,1.0,1.0,0.5,0.4,30.0,367,4347.652556220666,0,0,0,231,0
10242,1.0,5.0,2.0,9.0,1.0,1.0,0.5,0.4,30.0,368,4254.565695275833,0,0,0,231,0
10242,1.0,5.0,2.0,9.0,1.0,1.0,0.5,0.4,30.0,369,4258.207119094791,0,0,0,233,0
10242,1.0,5.0,2.0,9.0,1.0,1.0,0.5,0.4,30.0,370,4312.758898868488,0,0,0,233,0
10242,1.0,5.0,2.0,9.0,1.0,1.0,0.5,0.4,30.0,371,4250.94862358561,0,0,0,234,0
10242,1.0,5.0,2.0,9.0,1.0,1.0,0.5,0.4,30.0,372,4253.685779482013,0,0,0,237,0
10242,1.0,5.0,2.0,9.0,1.0,1.0,0.5,0.4,30.0,373,4217.107224352516,0,0,0,234,0
10242,1.0,5.0,2.0,9.0,1.0,1.0,0.5,0.4,30.0,374,4351.384030440645,0,0,0,233,0
10242,1.0,5.0,2.0,9.0,1.0,1.0,0.5,0.4,30.0,375,4349.230038050806,0,0,0,227,0
10242,1.0,5.0,2.0,9.0,1.0,1.0,0.5,0.4,30.0,376,4256.537547563507,0,0,0,231,0
10242,1.0,5.0,2.0,9.0,1.0,1.0,0.5,0.4,30.0,377,4220.671934454384,0,0,0,230,0
10242,1.0,5.0,2.0,9.0,1.0,1.0,0.5,0.4,30.0,378,4255.839918067981,0,0,0,228,0
10242,1.0,5.0,2.0,9.0,1.0,1.0,0.5,0.4,30.0,379,4169.799897584976,0,0,0,223,0
10242,1.0,5.0,2.0,9.0,1.0,1.0,0.5,0.4,30.0,380,4182.24987198122,0,0,0,229,0
10242,1.0,5.0,2.0,9.0,1.0,1.0,0.5,0.4,30.0,381,4157.812339976525,0,0,0,228,0
10242,1.0,5.0,2.0,9.0,1.0,1.0,0.5,0.4,30.0,382,4257.265424970657,0,0,0,230,0
10242,1.0,5.0,2.0,9.0,1.0,1.0,0.5,0.4,30.0,383,4251.581781213321,0,0,0,221,0
10242,1.0,5.0,2.0,9.0,1.0,1.0,0.5,0.4,30.0,384,4144.477226516651,0,0,0,225,0
10242,1.0,5.0,2.0,9.0,1.0,1.0,0.5,0.4,30.0,385,4130.596533145814,0,0,0,230,0
10242,1.0,5.0,2.0,9.0,1.0,1.0,0.5,0.4,30.0,386,4113.245666432267,0,0,0,222,0
10242,1.0,5.0,2.0,9.0,1.0,1.0,0.5,0.4,30.0,387,4131.557083040334,0,0,0,231,0
10242,1.0,5.0,2.0,9.0,1.0,1.0,0.5,0.4,30.0,388,4224.4463538004175,0,0,0,230,0
10242,1.0,5.0,2.0,9.0,1.0,1.0,0.5,0.4,30.0,389,4230.557942250522,0,0,0,229,0
10242,1.0,5.0,2.0,9.0,1.0,1.0,0.5,0.4,30.0,390,4228.197427813152,0,0,0,226,0
10242,1.0,5.0,2.0,9.0,1.0,1.0,0.5,0.4,30.0,391,4155.24678476644,0,0,0,229,0
10242,1.0,5.0,2.0,9.0,1.0,1.0,0.5,0.4,30.0,392,4154.0584809580505,0,0,0,227,0
10242,1.0,5.0,2.0,9.0,1.0,1.0,0.5,0.4,30.0,393,4152.573101197563,0,0,0,227,0
10242,1.0,5.0,2.0,9.0,1.0,1.0,0.5,0.4,30.0,394,4170.716376496954,0,0,0,228,0
10242,1.0,5.0,2.0,9.0,1.0,1.0,0.5,0.4,30.0,395,4153.395470621192,0,0,0,223,0
10242,1.0,5.0,2.0,9.0,1.0,1.0,0.5,0.4,30.0,396,4141.7443382764895,0,0,0,229,0
10242,1.0,5.0,2.0,9.0,1.0,1.0,0.5,0.4,30.0,397,4157.180422845612,0,0,0,234,0
10242,1.0,5.0,2.0,9.0,1.0,1.0,0.5,0.4,30.0,398,4216.475528557015,0,0,0,230,0
10242,1.0,5.0,2.0,9.0,1.0,1.0,0.5,0.4,30.0,399,4200.594410696269,0,0,0,225,0
10242,1.0,5.0,2.0,9.0,1.0,1.0,0.5,0.4,30.0,400,4220.7430133703365,0,0,0,225,0
10242,1.0,5.0,2.0,9.0,1.0,1.0,0.5,0.4,30.0,401,4105.928766712921,0,0,0,221,0
10242,1.0,5.0,2.0,9.0,1.0,1.0,0.5,0.4,30.0,402,3982.4109583911513,0,0,0,220,0
10242,1.0,5.0,2.0,9.0,1.0,1.0,0.5,0.4,30.0,403,4038.0136979889394,0,0,0,228,0
10242,1.0,5.0,2.0,9.0,1.0,1.0,0.5,0.4,30.0,404,4067.5171224861742,0,0,0,222,0
10242,1.0,5.0,2.0,9.0,1.0,1.0,0.5,0.4,30.0,405,4054.3964031077176,0,0,0,218,0
10242,1.0,5.0,2.0,9.0,1.0,1.0,0.5,0.4,30.0,406,3997.9955038846474,0,0,0,219,0
10242,1.0,5.0,2.0,9.0,1.0,1.0,0.5,0.4,30.0,407,4027.494379855809,0,0,0,223,0
10242,1.0,5.0,2.0,9.0,1.0,1.0,0.5,0.4,30.0,408,4094.367974819761,0,0,0,223,0
10242,1.0,5.0,2.0,9.0,1.0,1.0,0.5,0.4,30.0,409,4087.9599685247013,0,0,0,218,0
10242,1.0,5.0,2.0,9.0,1.0,1.0,0.5,0.4,30.0,410,3999.9499606558766,0,0,0,226,0
10242,1.0,5.0,2.0,9.0,1.0,1.0,0.5,0.4,30.0,411,4099.937450819845,0,0,0,223,0
10242,1.0,5.0,2.0,9.0,1.0,1.0,0.5,0.4,30.0,412,4164.921813524807,0,0,0,220,0
10242,1.0,5.0,2.0,9.0,1.0,1.0,0.5,0.4,30.0,413,4176.152266906009,0,0,0,221,0
10242,1.0,5.0,2.0,9.0,1.0,1.0,0.5,0.4,30.0,414,4130.19033363251,0,0,0,221,0
10242,1.0,5.0,2.0,9.0,1.0,1.0,0.5,0.4,30.0,415,3992.7379170406384,0,0,0,216,0
10242,1.0,5.0,2.0,9.0,1.0,1.0,0.5,0.4,30.0,416,3840.922396300798,0,0,0,213,0
10242,1.0,5.0,2.0,9.0,1.0,1.0,0.5,0.4,30.0,417,3911.1529953759973,0,0,0,221,0
10242,1.0,5.0,2.0,9.0,1.0,1.0,0.5,0.4,30.0,418,3928.9412442199964,0,0,0,225,0
10242,1.0,5.0,2.0,9.0,1.0,1.0,0.5,0.4,30.0,419,4041.1765552749957,0,0,0,224,0
10242,1.0,5.0,2.0,9.0,1.0,1.0,0.5,0.4,30.0,420,4091.470694093745,0,0,0,224,0
10242,1.0,5.0,2.0,9.0,1.0,1.0,0.5,0.4,30.0,421,4154.338367617182,0,0,0,217,0
10242,1.0,5.0,2.0,9.0,1.0,1.0,0.5,0.4,30.0,422,4122.9229595214765,0,0,0,213,0
10242,1.0,5.0,2.0,9.0,1.0,1.0,0.5,0.4,30.0,423,4023.653699401846,0,0,0,214,0
10242,1.0,5.0,2.0,9.0,1.0,1.0,0.5,0.4,30.0,424,3989.5671242523076,0,0,0,220,0
10242,1.0,5.0,2.0,9.0,1.0,1.0,0.5,0.4,30.0,425,3956.958905315385,0,0,0,205,0
10242,1.0,5.0,2.0,9.0,1.0,1.0,0.5,0.4,30.0,426,3816.1986316442308,0,0,0,209,0
10242,1.0,5.0,2.0,9.0,1.0,1.0,0.5,0.4,30.0,427,3790.2482895552885,0,0,0,212,0
10242,1.0,5.0,2.0,9.0,1.0,1.0,0.5,0.4,30.0,428,3917.810361944111,0,0,0,218,0
10242,1.0,5.0,2.0,9.0,1.0,1.0,0.5,0.4,30.0,429,3947.2629524301383,0,0,0,208,0
10242,1.0,5.0,2.0,9.0,1.0,1.0,0.5,0.4,30.0,430,3794.0786905376726,0,0,0,211,0
10242,1.0,5.0,2.0,9.0,1.0,1.0,0.5,0.4,30.0,431,3792.598363172091,0,0,0,215,0
10242,1.0,5.0,2.0,9.0,1.0,1.0,0.5,0.4,30.0,432,3790.747953965114,0,0,0,221,0
10242,1.0,5.0,2.0,9.0,1.0,1.0,0.5,0.4,30.0,433,3948.4349424563925,0,0,0,223,0
10242,1.0,5.0,2.0,9.0,1.0,1.0,0.5,0.4,30.0,434,4065.5436780704904,0,0,0,218,0
10242,1.0,5.0,2.0,9.0,1.0,1.0,0.5,0.4,30.0,435,4131.929597588113,0,0,0,221,0
10242,1.0,5.0,2.0,9.0,1.0,1.0,0.5,0.4,30.0,436,4164.911996985142,0,0,0,226,0
10242,1.0,5.0,2.0,9.0,1.0,1.0,0.5,0.4,30.0,437,4216.139996231427,0,0,0,224,0
10242,1.0,5.0,2.0,9.0,1.0,1.0,0.5,0.4,30.0,438,4150.174995289284,0,0,0,222,0
10242,1.0,5.0,2.0,9.0,1.0,1.0,0.5,0.4,30.0,439,4067.7187441116057,0,0,0,218,0
10242,1.0,5.0,2.0,9.0,1.0,1.0,0.5,0.4,30.0,440,3954.6484301395067,0,0,0,220,0
10242,1.0,5.0,2.0,9.0,1.0,1.0,0.5,0.4,30.0,441,4053.3105376743833,0,0,0,218,0
10242,1.0,5.0,2.0,9.0,1.0,1.0,0.5,0.4,30.0,442,3966.6381720929794,0,0,0,220,0
10242,1.0,5.0,2.0,9.0,1.0,1.0,0.5,0.4,30.0,443,4018.297715116224,0,0,0,207,0
10242,1.0,5.0,2.0,9.0,1.0,1.0,0.5,0.4,30.0,444,3892.87214389528,0,0,0,205,0
10242,1.0,5.0,2.0,9.0,1.0,1.0,0.5,0.4,30.0,445,3776.0901798690993,0,0,0,209,0
10242,1.0,5.0,2.0,9.0,1.0,1.0,0.5,0.4,30.0,446,3780.1127248363737,0,0,0,216,0
10242,1.0,5.0,2.0,9.0,1.0,1.0,0.5,0.4,30.0,447,3935.140906045467,0,0,0,215,0
10242,1.0,5.0,2.0,9.0,1.0,1.0,0.5,0.4,30.0,448,3968.926132556834,0,0,0,212,0
10242,1.0,5.0,2.0,9.0,1.0,1.0,0.5,0.4,30.0,449,3981.1576656960424,0,0,0,208,0
10242,1.0,5.0,2.0,9.0,1.0,1.0,0.5,0.4,30.0,450,3966.447082120053,0,0,0,206,0
10242,1.0,5.0,2.0,9.0,1.0,1.0,0.5,0.4,30.0,451,3898.058852650066,0,0,0,211,0
10242,1.0,5.0,2.0,9.0,1.0,1.0,0.5,0.4,30.0,452,3842.5735658125823,0,0,0,213,0
10242,1.0,5.0,2.0,9.0,1.0,1.0,0.5,0.4,30.0,453,3763.2169572657276,0,0,0,215,0
10242,1.0,5.0,2.0,9.0,1.0,1.0,0.5,0.4,30.0,454,3804.02119658216,0,0,0,211,0
10242,1.0,5.0,2.0,9.0,1.0,1.0,0.5,0.4,30.0,455,3825.0264957276995,0,0,0,214,0
10242,1.0,5.0,2.0,9.0,1.0,1.0,0.5,0.4,30.0,456,3941.2831196596244,0,0,0,215,0
10242,1.0,5.0,2.0,9.0,1.0,1.0,0.5,0.4,30.0,457,3886.6038995745303,0,0,0,210,0
10242,1.0,5.0,2.0,9.0,1.0,1.0,0.5,0.4,30.0,458,3848.2548744681626,0,0,0,209,0
10242,1.0,5.0,2.0,9.0,1.0,1.0,0.5,0.4,30.0,459,3840.3185930852032,0,0,0,214,0
10242,1.0,5.0,2.0,9.0,1.0,1.0,0.5,0.4,30.0,460,3910.3982413565045,0,0,0,215,0
10242,1.0,5.0,2.0,9.0,1.0,1.0,0.5,0.4,30.0,461,3937.99780169563,0,0,0,208,0
10242,1.0,5.0,2.0,9.0,1.0,1.0,0.5,0.4,30.0,462,3932.4972521195377,0,0,0,199,0
10242,1.0,5.0,2.0,9.0,1.0,1.0,0.5,0.4,30.0,463,3955.621565149422,0,0,0,195,0
10242,1.0,5.0,2.0,9.0,1.0,1.0,0.5,0.4,30.0,464,3854.5269564367773,0,0,0,191,0
10242,1.0,5.0,2.0,9.0,1.0,1.0,0.5,0.4,30.0,465,3648.1586955459716,0,0,0,196,0
10242,1.0,5.0,2.0,9.0,1.0,1.0,0.5,0.4,30.0,466,3570.1983694324645,0,0,0,199,0
10242,1.0,5.0,2.0,9.0,1.0,1.0,0.5,0.4,30.0,467,3582.747961790581,0,0,0,203,0
10242,1.0,5.0,2.0,9.0,1.0,1.0,0.5,0.4,30.0,468,3608.4349522382263,0,0,0,207,0
10242,1.0,5.0,2.0,9.0,1.0,1.0,0.5,0.4,30.0,469,3670.5436902977826,0,0,0,206,0
10242,1.0,5.0,2.0,9.0,1.0,1.0,0.5,0.4,30.0,470,3778.179612872228,0,0,0,212,0
10242,1.0,5.0,2.0,9.0,1.0,1.0,0.5,0.4,30.0,471,4012.724516090285,0,0,0,211,0
10242,1.0,5.0,2.0,9.0,1.0,1.0,0.5,0.4,30.0,472,4115.905645112856,0,0,0,203,0
10242,1.0,5.0,2.0,9.0,1.0,1.0,0.5,0.4,30.0,473,4344.88205639107,0,0,0,200,0
10242,1.0,5.0,2.0,9.0,1.0,1.0,0.5,0.4,30.0,474,4431.102570488838,0,0,0,195,0
10242,1.0,5.0,2.0,9.0,1.0,1.0,0.5,0.4,30.0,475,4528.878213111047,0,0,0,197,0
10242,1.0,5.0,2.0,9.0,1.0,1.0,0.5,0.4,30.0,476,4661.09776638881,0,0,0,190,0
10242,1.0,5.0,2.0,9.0,1.0,1.0,0.5,0.4,30.0,477,4676.372207986013,0,0,0,190,0
10242,1.0,5.0,2.0,9.0,1.0,1.0,0.5,0.4,30.0,478,4585.465259982516,0,0,0,189,0
10242,1.0,5.0,2.0,9.0,1.0,1.0,0.5,0.4,30.0,479,4301.831574978145,0,0,0,196,0
10242,1.0,5.0,2.0,9.0,1.0,1.0,0.5,0.4,30.0,480,3777.2894687226817,0,0,0,211,0
10242,1.0,5.0,2.0,9.0,1.0,1.0,0.5,0.4,30.0,481,3751.6118359033517,0,0,0,228,0
10242,1.0,5.0,2.0,9.0,1.0,1.0,0.5,0.4,30.0,482,4019.514794879189,0,0,0,229,0
10242,1.0,5.0,2.0,9.0,1.0,1.0,0.5,0.4,30.0,483,4324.393493598986,0,0,0,230,0
10242,1.0,5.0,2.0,9.0,1.0,1.0,0.5,0.4,30.0,484,4565.491866998733,0,0,0,227,0
10242,1.0,5.0,2.0,9.0,1.0,1.0,0.5,0.4,30.0,485,4746.864833748416,0,0,0,224,0
10242,1.0,5.0,2.0,9.0,1.0,1.0,0.5,0.4,30.0,486,4973.581042185519,0,0,0,223,0
10242,1.0,5.0,2.0,9.0,1.0,1.0,0.5,0.4,30.0,487,5176.9763027318995,0,0,0,222,0
10242,1.0,5.0,2.0,9.0,1.0,1.0,0.5,0.4,30.0,488,5371.220378414874,0,0,0,217,0
10242,1.0,5.0,2.0,9.0,1.0,1.0,0.5,0.4,30.0,489,5424.0254730185925,0,0,0,214,0
10242,1.0,5.0,2.0,9.0,1.0,1.0,0.5,0.4,30.0,490,5320.03184127324,0,0,0,208,0
10242,1.0,5.0,2.0,9.0,1.0,1.0,0.5,0.4,30.0,491,4940.039801591551,0,0,0,219,0
10242,1.0,5.0,2.0,9.0,1.0,1.0,0.5,0.4,30.0,492,4295.049751989438,0,0,0,235,0
10242,1.0,5.0,2.0,9.0,1.0,1.0,0.5,0.4,30.0,493,4248.812189986797,0,0,0,256,0
10242,1.0,5.0,2.0,9.0,1.0,1.0,0.5,0.4,30.0,494,4481.015237483497,0,0,0,268,0
10242,1.0,5.0,2.0,9.0,1.0,1.0,0.5,0.4,30.0,495,4881.2690468543715,0,0,0,267,0
10242,1.0,5.0,2.0,9.0,1.0,1.0,0.5,0.4,30.0,496,5361.586308567965,0,0,0,258,0
10242,1.0,5.0,2.0,9.0,1.0,1.0,0.5,0.4,30.0,497,5871.9828857099565,0,0,0,256,0
10242,1.0,5.0,2.0,9.0,1.0,1.0,0.5,0.4,30.0,498,6469.978607137446,0,0,0,239,0
10242,1.0,5.0,2.0,9.0,1.0,1.0,0.5,0.4,30.0,499,6607.473258921807,0,0,0,237,0