Exp Num,agent:svo_convergence_factor,agent:params:metabolism,agent:params:consumption_factor,agent:params:procreate_cost_factor,agent:params:procreate_req_factor,agent:params:start_energy_factor,agent:params:caught_chance,agent:params:caught_cooldown_factor,agent:params:maximum_age,Epoch,Resource,A,B,C,D,E
144939,3.0,5.0,2.0,7.0,3.0,2.0,0.30000000000000004,0.30000000000000004,50.0,0,4000.0,17,27,11,28,72
144939,3.0,5.0,2.0,7.0,3.0,2.0,0.30000000000000004,0.30000000000000004,50.0,1,4000.0,17,27,11,28,72
144939,3.0,5.0,2.0,7.0,3.0,2.0,0.30000000000000004,0.30000000000000004,50.0,2,4000.0,17,27,11,28,72
144939,3.0,5.0,2.0,7.0,3.0,2.0,0.30000000000000004,0.30000000000000004,50.0,3,4000.0,17,27,11,28,72
144939,3.0,5.0,2.0,7.0,3.0,2.0,0.30000000000000004,0.30000000000000004,50.0,4,4000.0,17,27,11,28,72
144939,3.0,5.0,2.0,7.0,3.0,2.0,0.30000000000000004,0.30000000000000004,50.0,5,4000.0,17,27,11,28,72
144939,3.0,5.0,2.0,7.0,3.0,2.0,0.30000000000000004,0.30000000000000004,50.0,6,4000.0,17,27,11,28,72
144939,3.0,5.0,2.0,7.0,3.0,2.0,0.30000000000000004,0.30000000000000004,50.0,7,4000.0,17,27,11,28,72
144939,3.0,5.0,2.0,7.0,3.0,2.0,0.30000000000000004,0.30000000000000004,50.0,8,4000.0,17,27,11,28,72
144939,3.0,5.0,2.0,7.0,3.0,2.0,0.30000000000000004,0.30000000000000004,50.0,9,4000.0,17,27,11,28,72
144939,3.0,5.0,2.0,7.0,3.0,2.0,0.30000000000000004,0.30000000000000004,50.0,10,4000.0,17,27,11,28,72
144939,3.0,5.0,2.0,7.0,3.0,2.0,0.30000000000000004,0.30000000000000004,50.0,11,4000.0,17,27,11,28,72
144939,3.0,5.0,2.0,7.0,3.0,2.0,0.30000000000000004,0.30000000000000004,50.0,12,4000.0,17,27,11,28,72
144939,3.0,5.0,2.0,7.0,3.0,2.0,0.30000000000000004,0.30000000000000004,50.0,13,4000.0,17,27,11,28,72
144939,3.0,5.0,2.0,7.0,3.0,2.0,0.30000000000000004,0.30000000000000004,50.0,14,4000.0,17,27,11,28,72
144939,3.0,5.0,2.0,7.0,3.0,2.0,0.30000000000000004,0.30000000000000004,50.0,15,4000.0,17,27,11,28,72
144939,3.0,5.0,2.0,7.0,3.0,2.0,0.30000000000000004,0.30000000000000004,50.0,16,4000.0,17,27,11,28,72
144939,3.0,5.0,2.0,7.0,3.0,2.0,0.30000000000000004,0.30000000000000004,50.0,17,4000.0,17,27,11,28,72
144939,3.0,5.0,2.0,7.0,3.0,2.0,0.30000000000000004,0.30000000000000004,50.0,18,4000.0,23,41,20,40,110
144939,3.0,5.0,2.0,7.0,3.0,2.0,0.30000000000000004,0.30000000000000004,50.0,19,3500.0,23,41,20,40,110
144939,3.0,5.0,2.0,7.0,3.0,2.0,0.30000000000000004,0.30000000000000004,50.0,20,2965.0,23,41,20,40,110
144939,3.0,5.0,2.0,7.0,3.0,2.0,0.30000000000000004,0.30000000000000004,50.0,21,2736.25,23,41,20,40,110
144939,3.0,5.0,2.0,7.0,3.0,2.0,0.30000000000000004,0.30000000000000004,50.0,22,2720.3125,23,41,20,40,110
144939,3.0,5.0,2.0,7.0,3.0,2.0,0.30000000000000004,0.30000000000000004,50.0,23,2850.390625,23,41,20,40,110
144939,3.0,5.0,2.0,7.0,3.0,2.0,0.30000000000000004,0.30000000000000004,50.0,24,3062.98828125,23,41,20,40,110
144939,3.0,5.0,2.0,7.0,3.0,2.0,0.30000000000000004,0.30000000000000004,50.0,25,3448.7353515625,24,46,24,41,121
144939,3.0,5.0,2.0,7.0,3.0,2.0,0.30000000000000004,0.30000000000000004,50.0,26,3810.919189453125,24,46,24,41,121
144939,3.0,5.0,2.0,7.0,3.0,2.0,0.30000000000000004,0.30000000000000004,50.0,27,4293.648986816406,25,46,24,41,122
144939,3.0,5.0,2.0,7.0,3.0,2.0,0.30000000000000004,0.30000000000000004,50.0,28,4667.061233520508,25,46,24,41,122
144939,3.0,5.0,2.0,7.0,3.0,2.0,0.30000000000000004,0.30000000000000004,50.0,29,5013.826541900635,25,47,25,41,124
144939,3.0,5.0,2.0,7.0,3.0,2.0,0.30000000000000004,0.30000000000000004,50.0,30,5427.2831773757935,25,47,25,41,124
144939,3.0,5.0,2.0,7.0,3.0,2.0,0.30000000000000004,0.30000000000000004,50.0,31,5944.103971719742,25,48,25,42,125
144939,3.0,5.0,2.0,7.0,3.0,2.0,0.30000000000000004,0.30000000000000004,50.0,32,6570.129964649677,27,54,29,46,139
144939,3.0,5.0,2.0,7.0,3.0,2.0,0.30000000000000004,0.30000000000000004,50.0,33,7172.662455812097,27,54,30,47,140
144939,3.0,5.0,2.0,7.0,3.0,2.0,0.30000000000000004,0.30000000000000004,50.0,34,7935.828069765121,28,53,31,45,141
144939,3.0,5.0,2.0,7.0,3.0,2.0,0.30000000000000004,0.30000000000000004,50.0,35,8839.785087206401,28,53,32,47,142
144939,3.0,5.0,2.0,7.0,3.0,2.0,0.30000000000000004,0.30000000000000004,50.0,36,9020.0,26,48,30,42,130
144939,3.0,5.0,2.0,7.0,3.0,2.0,0.30000000000000004,0.30000000000000004,50.0,37,8860.0,26,48,30,44,133
144939,3.0,5.0,2.0,7.0,3.0,2.0,0.30000000000000004,0.30000000000000004,50.0,38,8970.0,23,42,27,39,121
144939,3.0,5.0,2.0,7.0,3.0,2.0,0.30000000000000004,0.30000000000000004,50.0,39,8820.0,22,46,33,44,136
144939,3.0,5.0,2.0,7.0,3.0,2.0,0.30000000000000004,0.30000000000000004,50.0,40,8620.0,22,44,31,45,134
144939,3.0,5.0,2.0,7.0,3.0,2.0,0.30000000000000004,0.30000000000000004,50.0,41,8420.0,22,46,31,44,139
144939,3.0,5.0,2.0,7.0,3.0,2.0,0.30000000000000004,0.30000000000000004,50.0,42,8280.0,21,46,31,43,139
144939,3.0,5.0,2.0,7.0,3.0,2.0,0.30000000000000004,0.30000000000000004,50.0,43,8220.0,21,46,35,44,143
144939,3.0,5.0,2.0,7.0,3.0,2.0,0.30000000000000004,0.30000000000000004,50.0,44,8140.0,21,47,36,46,149
144939,3.0,5.0,2.0,7.0,3.0,2.0,0.30000000000000004,0.30000000000000004,50.0,45,8050.0,21,47,38,46,151
144939,3.0,5.0,2.0,7.0,3.0,2.0,0.30000000000000004,0.30000000000000004,50.0,46,8030.0,24,54,46,53,173
144939,3.0,5.0,2.0,7.0,3.0,2.0,0.30000000000000004,0.30000000000000004,50.0,47,7740.0,27,56,53,59,188
144939,3.0,5.0,2.0,7.0,3.0,2.0,0.30000000000000004,0.30000000000000004,50.0,48,7205.0,29,58,58,61,199
144939,3.0,5.0,2.0,7.0,3.0,2.0,0.30000000000000004,0.30000000000000004,50.0,49,6406.25,29,58,58,63,200
144939,3.0,5.0,2.0,7.0,3.0,2.0,0.30000000000000004,0.30000000000000004,50.0,50,5697.8125,21,54,60,58,180
144939,3.0,5.0,2.0,7.0,3.0,2.0,0.30000000000000004,0.30000000000000004,50.0,51,4932.265625,20,47,62,54,174
144939,3.0,5.0,2.0,7.0,3.0,2.0,0.30000000000000004,0.30000000000000004,50.0,52,4315.33203125,20,47,61,52,172
144939,3.0,5.0,2.0,7.0,3.0,2.0,0.30000000000000004,0.30000000000000004,50.0,53,4134.1650390625,21,51,68,54,185
144939,3.0,5.0,2.0,7.0,3.0,2.0,0.30000000000000004,0.30000000000000004,50.0,54,4287.706298828125,23,54,71,55,195
144939,3.0,5.0,2.0,7.0,3.0,2.0,0.30000000000000004,0.30000000000000004,50.0,55,4629.632873535156,24,56,71,57,198
144939,3.0,5.0,2.0,7.0,3.0,2.0,0.30000000000000004,0.30000000000000004,50.0,56,5097.041091918945,24,56,72,58,199
144939,3.0,5.0,2.0,7.0,3.0,2.0,0.30000000000000004,0.30000000000000004,50.0,57,5671.301364898682,24,56,73,58,200
144939,3.0,5.0,2.0,7.0,3.0,2.0,0.30000000000000004,0.30000000000000004,50.0,58,6459.126706123352,24,56,74,58,201
144939,3.0,5.0,2.0,7.0,3.0,2.0,0.30000000000000004,0.30000000000000004,50.0,59,7293.90838265419,24,56,74,58,201
144939,3.0,5.0,2.0,7.0,3.0,2.0,0.30000000000000004,0.30000000000000004,50.0,60,7797.385478317738,24,57,75,60,203
144939,3.0,5.0,2.0,7.0,3.0,2.0,0.30000000000000004,0.30000000000000004,50.0,61,8386.731847897172,24,58,77,60,207
144939,3.0,5.0,2.0,7.0,3.0,2.0,0.30000000000000004,0.30000000000000004,50.0,62,8600.0,24,60,81,60,213
144939,3.0,5.0,2.0,7.0,3.0,2.0,0.30000000000000004,0.30000000000000004,50.0,63,8540.0,25,62,82,61,218
144939,3.0,5.0,2.0,7.0,3.0,2.0,0.30000000000000004,0.30000000000000004,50.0,64,8490.0,25,62,87,61,223
144939,3.0,5.0,2.0,7.0,3.0,2.0,0.30000000000000004,0.30000000000000004,50.0,65,8450.0,25,62,87,62,222
144939,3.0,5.0,2.0,7.0,3.0,2.0,0.30000000000000004,0.30000000000000004,50.0,66,8400.0,26,60,88,66,222
144939,3.0,5.0,2.0,7.0,3.0,2.0,0.30000000000000004,0.30000000000000004,50.0,67,8370.0,25,59,88,69,222
144939,3.0,5.0,2.0,7.0,3.0,2.0,0.30000000000000004,0.30000000000000004,50.0,68,8230.0,25,54,91,71,220
144939,3.0,5.0,2.0,7.0,3.0,2.0,0.30000000000000004,0.30000000000000004,50.0,69,8170.0,25,47,91,69,208
144939,3.0,5.0,2.0,7.0,3.0,2.0,0.30000000000000004,0.30000000000000004,50.0,70,8010.0,22,43,90,67,203
144939,3.0,5.0,2.0,7.0,3.0,2.0,0.30000000000000004,0.30000000000000004,50.0,71,7740.0,23,40,92,68,203
144939,3.0,5.0,2.0,7.0,3.0,2.0,0.30000000000000004,0.30000000000000004,50.0,72,7285.0,22,39,92,67,205
144939,3.0,5.0,2.0,7.0,3.0,2.0,0.30000000000000004,0.30000000000000004,50.0,73,6616.25,23,38,93,70,208
144939,3.0,5.0,2.0,7.0,3.0,2.0,0.30000000000000004,0.30000000000000004,50.0,74,5720.3125,22,39,96,75,214
144939,3.0,5.0,2.0,7.0,3.0,2.0,0.30000000000000004,0.30000000000000004,50.0,75,5390.390625,20,41,99,79,220
144939,3.0,5.0,2.0,7.0,3.0,2.0,0.30000000000000004,0.30000000000000004,50.0,76,5487.98828125,20,41,99,80,220
144939,3.0,5.0,2.0,7.0,3.0,2.0,0.30000000000000004,0.30000000000000004,50.0,77,5749.9853515625,20,44,100,80,224
144939,3.0,5.0,2.0,7.0,3.0,2.0,0.30000000000000004,0.30000000000000004,50.0,78,6117.481689453125,20,43,101,81,225
144939,3.0,5.0,2.0,7.0,3.0,2.0,0.30000000000000004,0.30000000000000004,50.0,79,6546.852111816406,20,43,101,82,225
144939,3.0,5.0,2.0,7.0,3.0,2.0,0.30000000000000004,0.30000000000000004,50.0,80,7133.565139770508,19,43,101,81,224
144939,3.0,5.0,2.0,7.0,3.0,2.0,0.30000000000000004,0.30000000000000004,50.0,81,8066.956424713135,18,44,102,82,225
144939,3.0,5.0,2.0,7.0,3.0,2.0,0.30000000000000004,0.30000000000000004,50.0,82,8640.0,17,45,103,82,227
144939,3.0,5.0,2.0,7.0,3.0,2.0,0.30000000000000004,0.30000000000000004,50.0,83,8330.0,17,46,106,82,231
144939,3.0,5.0,2.0,7.0,3.0,2.0,0.30000000000000004,0.30000000000000004,50.0,84,8270.0,16,47,110,81,235
144939,3.0,5.0,2.0,7.0,3.0,2.0,0.30000000000000004,0.30000000000000004,50.0,85,8180.0,16,45,111,80,234
144939,3.0,5.0,2.0,7.0,3.0,2.0,0.30000000000000004,0.30000000000000004,50.0,86,8050.0,16,44,112,80,234
144939,3.0,5.0,2.0,7.0,3.0,2.0,0.30000000000000004,0.30000000000000004,50.0,87,8050.0,18,44,114,79,238
144939,3.0,5.0,2.0,7.0,3.0,2.0,0.30000000000000004,0.30000000000000004,50.0,88,8000.0,18,43,116,82,240
144939,3.0,5.0,2.0,7.0,3.0,2.0,0.30000000000000004,0.30000000000000004,50.0,89,7980.0,20,42,120,80,247
144939,3.0,5.0,2.0,7.0,3.0,2.0,0.30000000000000004,0.30000000000000004,50.0,90,7775.0,19,43,124,82,250
144939,3.0,5.0,2.0,7.0,3.0,2.0,0.30000000000000004,0.30000000000000004,50.0,91,7468.75,18,44,125,84,251
144939,3.0,5.0,2.0,7.0,3.0,2.0,0.30000000000000004,0.30000000000000004,50.0,92,7015.9375,15,39,120,83,233
144939,3.0,5.0,2.0,7.0,3.0,2.0,0.30000000000000004,0.30000000000000004,50.0,93,6269.921875,13,38,122,84,231
144939,3.0,5.0,2.0,7.0,3.0,2.0,0.30000000000000004,0.30000000000000004,50.0,94,5827.40234375,13,37,119,78,231
144939,3.0,5.0,2.0,7.0,3.0,2.0,0.30000000000000004,0.30000000000000004,50.0,95,5714.2529296875,14,37,117,76,230
144939,3.0,5.0,2.0,7.0,3.0,2.0,0.30000000000000004,0.30000000000000004,50.0,96,5672.816162109375,14,37,118,79,230
144939,3.0,5.0,2.0,7.0,3.0,2.0,0.30000000000000004,0.30000000000000004,50.0,97,5911.020202636719,13,37,118,77,229
144939,3.0,5.0,2.0,7.0,3.0,2.0,0.30000000000000004,0.30000000000000004,50.0,98,6148.775253295898,14,38,117,74,228
144939,3.0,5.0,2.0,7.0,3.0,2.0,0.30000000000000004,0.30000000000000004,50.0,99,6395.969066619873,13,39,117,74,228
144939,3.0,5.0,2.0,7.0,3.0,2.0,0.30000000000000004,0.30000000000000004,50.0,100,6754.961333274841,12,38,115,75,222
144939,3.0,5.0,2.0,7.0,3.0,2.0,0.30000000000000004,0.30000000000000004,50.0,101,7183.701666593552,11,38,114,75,219
144939,3.0,5.0,2.0,7.0,3.0,2.0,0.30000000000000004,0.30000000000000004,50.0,102,7669.6270832419395,10,41,111,76,219
144939,3.0,5.0,2.0,7.0,3.0,2.0,0.30000000000000004,0.30000000000000004,50.0,103,7977.033854052424,10,42,113,78,221
144939,3.0,5.0,2.0,7.0,3.0,2.0,0.30000000000000004,0.30000000000000004,50.0,104,8161.2923175655305,10,41,114,82,222
144939,3.0,5.0,2.0,7.0,3.0,2.0,0.30000000000000004,0.30000000000000004,50.0,105,8070.0,10,46,115,83,228
144939,3.0,5.0,2.0,7.0,3.0,2.0,0.30000000000000004,0.30000000000000004,50.0,106,7990.0,10,46,118,85,231
144939,3.0,5.0,2.0,7.0,3.0,2.0,0.30000000000000004,0.30000000000000004,50.0,107,7827.5,10,45,120,87,234
144939,3.0,5.0,2.0,7.0,3.0,2.0,0.30000000000000004,0.30000000000000004,50.0,108,7594.375,10,45,121,88,235
144939,3.0,5.0,2.0,7.0,3.0,2.0,0.30000000000000004,0.30000000000000004,50.0,109,7302.96875,10,45,123,87,237
144939,3.0,5.0,2.0,7.0,3.0,2.0,0.30000000000000004,0.30000000000000004,50.0,110,6878.7109375,10,44,126,87,240
144939,3.0,5.0,2.0,7.0,3.0,2.0,0.30000000000000004,0.30000000000000004,50.0,111,6358.388671875,9,46,131,90,249
144939,3.0,5.0,2.0,7.0,3.0,2.0,0.30000000000000004,0.30000000000000004,50.0,112,6317.98583984375,9,43,127,90,243
144939,3.0,5.0,2.0,7.0,3.0,2.0,0.30000000000000004,0.30000000000000004,50.0,113,6297.4822998046875,8,42,125,93,239
144939,3.0,5.0,2.0,7.0,3.0,2.0,0.30000000000000004,0.30000000000000004,50.0,114,6281.852874755859,7,41,125,94,239
144939,3.0,5.0,2.0,7.0,3.0,2.0,0.30000000000000004,0.30000000000000004,50.0,115,6382.316093444824,7,42,120,96,235
144939,3.0,5.0,2.0,7.0,3.0,2.0,0.30000000000000004,0.30000000000000004,50.0,116,6667.89511680603,7,43,120,95,233
144939,3.0,5.0,2.0,7.0,3.0,2.0,0.30000000000000004,0.30000000000000004,50.0,117,6914.868896007538,6,44,118,96,233
144939,3.0,5.0,2.0,7.0,3.0,2.0,0.30000000000000004,0.30000000000000004,50.0,118,7293.586120009422,6,43,119,96,232
144939,3.0,5.0,2.0,7.0,3.0,2.0,0.30000000000000004,0.30000000000000004,50.0,119,7746.982650011778,6,43,120,94,232
144939,3.0,5.0,2.0,7.0,3.0,2.0,0.30000000000000004,0.30000000000000004,50.0,120,8283.728312514722,5,43,120,94,232
144939,3.0,5.0,2.0,7.0,3.0,2.0,0.30000000000000004,0.30000000000000004,50.0,121,8430.0,5,42,122,95,232
144939,3.0,5.0,2.0,7.0,3.0,2.0,0.30000000000000004,0.30000000000000004,50.0,122,8350.0,5,42,125,94,234
144939,3.0,5.0,2.0,7.0,3.0,2.0,0.30000000000000004,0.30000000000000004,50.0,123,8280.0,5,42,123,96,233
144939,3.0,5.0,2.0,7.0,3.0,2.0,0.30000000000000004,0.30000000000000004,50.0,124,8270.0,6,44,126,96,238
144939,3.0,5.0,2.0,7.0,3.0,2.0,0.30000000000000004,0.30000000000000004,50.0,125,8180.0,6,43,125,100,233
144939,3.0,5.0,2.0,7.0,3.0,2.0,0.30000000000000004,0.30000000000000004,50.0,126,8210.0,6,42,127,98,231
144939,3.0,5.0,2.0,7.0,3.0,2.0,0.30000000000000004,0.30000000000000004,50.0,127,8090.0,8,43,125,98,231
144939,3.0,5.0,2.0,7.0,3.0,2.0,0.30000000000000004,0.30000000000000004,50.0,128,7860.0,8,42,126,99,230
144939,3.0,5.0,2.0,7.0,3.0,2.0,0.30000000000000004,0.30000000000000004,50.0,129,7655.0,8,39,125,100,224
144939,3.0,5.0,2.0,7.0,3.0,2.0,0.30000000000000004,0.30000000000000004,50.0,130,7378.75,7,34,120,103,212
144939,3.0,5.0,2.0,7.0,3.0,2.0,0.30000000000000004,0.30000000000000004,50.0,131,6823.4375,8,35,123,108,216
144939,3.0,5.0,2.0,7.0,3.0,2.0,0.30000000000000004,0.30000000000000004,50.0,132,6189.296875,8,32,125,107,216
144939,3.0,5.0,2.0,7.0,3.0,2.0,0.30000000000000004,0.30000000000000004,50.0,133,5976.62109375,7,30,126,108,215
144939,3.0,5.0,2.0,7.0,3.0,2.0,0.30000000000000004,0.30000000000000004,50.0,134,6120.7763671875,6,32,126,111,216
144939,3.0,5.0,2.0,7.0,3.0,2.0,0.30000000000000004,0.30000000000000004,50.0,135,6320.970458984375,5,31,126,112,214
144939,3.0,5.0,2.0,7.0,3.0,2.0,0.30000000000000004,0.30000000000000004,50.0,136,6431.213073730469,5,29,129,109,214
144939,3.0,5.0,2.0,7.0,3.0,2.0,0.30000000000000004,0.30000000000000004,50.0,137,6759.016342163086,5,28,130,109,214
144939,3.0,5.0,2.0,7.0,3.0,2.0,0.30000000000000004,0.30000000000000004,50.0,138,7148.770427703857,5,30,127,111,213
144939,3.0,5.0,2.0,7.0,3.0,2.0,0.30000000000000004,0.30000000000000004,50.0,139,7505.963034629822,5,30,127,111,212
144939,3.0,5.0,2.0,7.0,3.0,2.0,0.30000000000000004,0.30000000000000004,50.0,140,8052.453793287277,5,30,128,111,213
144939,3.0,5.0,2.0,7.0,3.0,2.0,0.30000000000000004,0.30000000000000004,50.0,141,8430.0,5,33,129,113,219
144939,3.0,5.0,2.0,7.0,3.0,2.0,0.30000000000000004,0.30000000000000004,50.0,142,8300.0,5,34,129,112,220
144939,3.0,5.0,2.0,7.0,3.0,2.0,0.30000000000000004,0.30000000000000004,50.0,143,8320.0,5,34,129,114,221
144939,3.0,5.0,2.0,7.0,3.0,2.0,0.30000000000000004,0.30000000000000004,50.0,144,8360.0,5,33,128,114,221
144939,3.0,5.0,2.0,7.0,3.0,2.0,0.30000000000000004,0.30000000000000004,50.0,145,8250.0,6,36,129,115,226
144939,3.0,5.0,2.0,7.0,3.0,2.0,0.30000000000000004,0.30000000000000004,50.0,146,8130.0,6,34,129,113,223
144939,3.0,5.0,2.0,7.0,3.0,2.0,0.30000000000000004,0.30000000000000004,50.0,147,8260.0,6,34,132,109,222
144939,3.0,5.0,2.0,7.0,3.0,2.0,0.30000000000000004,0.30000000000000004,50.0,148,8120.0,7,33,133,114,223
144939,3.0,5.0,2.0,7.0,3.0,2.0,0.30000000000000004,0.30000000000000004,50.0,149,7890.0,7,32,131,112,222
144939,3.0,5.0,2.0,7.0,3.0,2.0,0.30000000000000004,0.30000000000000004,50.0,150,7762.5,7,31,122,109,212
144939,3.0,5.0,2.0,7.0,3.0,2.0,0.30000000000000004,0.30000000000000004,50.0,151,7423.125,6,30,123,105,216
144939,3.0,5.0,2.0,7.0,3.0,2.0,0.30000000000000004,0.30000000000000004,50.0,152,6888.90625,6,34,122,104,220
144939,3.0,5.0,2.0,7.0,3.0,2.0,0.30000000000000004,0.30000000000000004,50.0,153,6251.1328125,6,36,121,100,221
144939,3.0,5.0,2.0,7.0,3.0,2.0,0.30000000000000004,0.30000000000000004,50.0,154,5973.916015625,5,36,127,102,224
144939,3.0,5.0,2.0,7.0,3.0,2.0,0.30000000000000004,0.30000000000000004,50.0,155,6087.39501953125,5,36,130,105,229
144939,3.0,5.0,2.0,7.0,3.0,2.0,0.30000000000000004,0.30000000000000004,50.0,156,6269.2437744140625,5,37,127,104,228
144939,3.0,5.0,2.0,7.0,3.0,2.0,0.30000000000000004,0.30000000000000004,50.0,157,6666.554718017578,5,37,127,100,225
144939,3.0,5.0,2.0,7.0,3.0,2.0,0.30000000000000004,0.30000000000000004,50.0,158,7153.193397521973,5,36,126,97,223
144939,3.0,5.0,2.0,7.0,3.0,2.0,0.30000000000000004,0.30000000000000004,50.0,159,7831.491746902466,5,36,122,97,221
144939,3.0,5.0,2.0,7.0,3.0,2.0,0.30000000000000004,0.30000000000000004,50.0,160,8499.364683628082,5,36,121,96,221
144939,3.0,5.0,2.0,7.0,3.0,2.0,0.30000000000000004,0.30000000000000004,50.0,161,8530.0,5,36,122,97,222
144939,3.0,5.0,2.0,7.0,3.0,2.0,0.30000000000000004,0.30000000000000004,50.0,162,8440.0,6,37,122,101,223
144939,3.0,5.0,2.0,7.0,3.0,2.0,0.30000000000000004,0.30000000000000004,50.0,163,8300.0,6,37,122,100,222
144939,3.0,5.0,2.0,7.0,3.0,2.0,0.30000000000000004,0.30000000000000004,50.0,164,8230.0,6,38,125,100,225
144939,3.0,5.0,2.0,7.0,3.0,2.0,0.30000000000000004,0.30000000000000004,50.0,165,8160.0,6,41,125,97,228
144939,3.0,5.0,2.0,7.0,3.0,2.0,0.30000000000000004,0.30000000000000004,50.0,166,8070.0,6,43,126,99,231
144939,3.0,5.0,2.0,7.0,3.0,2.0,0.30000000000000004,0.30000000000000004,50.0,167,8030.0,6,42,127,106,228
144939,3.0,5.0,2.0,7.0,3.0,2.0,0.30000000000000004,0.30000000000000004,50.0,168,7970.0,6,43,126,107,228
144939,3.0,5.0,2.0,7.0,3.0,2.0,0.30000000000000004,0.30000000000000004,50.0,169,7852.5,6,43,128,112,232
144939,3.0,5.0,2.0,7.0,3.0,2.0,0.30000000000000004,0.30000000000000004,50.0,170,7625.625,6,37,123,109,224
144939,3.0,5.0,2.0,7.0,3.0,2.0,0.30000000000000004,0.30000000000000004,50.0,171,7232.03125,5,39,124,111,226
144939,3.0,5.0,2.0,7.0,3.0,2.0,0.30000000000000004,0.30000000000000004,50.0,172,6620.0390625,5,37,114,111,215
144939,3.0,5.0,2.0,7.0,3.0,2.0,0.30000000000000004,0.30000000000000004,50.0,173,6215.048828125,5,37,115,113,216
144939,3.0,5.0,2.0,7.0,3.0,2.0,0.30000000000000004,0.30000000000000004,50.0,174,6118.81103515625,5,38,110,111,210
144939,3.0,5.0,2.0,7.0,3.0,2.0,0.30000000000000004,0.30000000000000004,50.0,175,6098.5137939453125,4,35,109,108,205
144939,3.0,5.0,2.0,7.0,3.0,2.0,0.30000000000000004,0.30000000000000004,50.0,176,6093.142242431641,4,37,110,112,207
144939,3.0,5.0,2.0,7.0,3.0,2.0,0.30000000000000004,0.30000000000000004,50.0,177,6176.427803039551,3,37,109,111,209
144939,3.0,5.0,2.0,7.0,3.0,2.0,0.30000000000000004,0.30000000000000004,50.0,178,6220.5347537994385,3,35,114,111,211
144939,3.0,5.0,2.0,7.0,3.0,2.0,0.30000000000000004,0.30000000000000004,50.0,179,6325.668442249298,2,35,114,112,210
144939,3.0,5.0,2.0,7.0,3.0,2.0,0.30000000000000004,0.30000000000000004,50.0,180,6417.085552811623,3,34,118,116,213
144939,3.0,5.0,2.0,7.0,3.0,2.0,0.30000000000000004,0.30000000000000004,50.0,181,6581.356941014528,3,33,116,118,210
144939,3.0,5.0,2.0,7.0,3.0,2.0,0.30000000000000004,0.30000000000000004,50.0,182,6686.69617626816,3,33,115,121,211
144939,3.0,5.0,2.0,7.0,3.0,2.0,0.30000000000000004,0.30000000000000004,50.0,183,6848.3702203352,3,34,114,124,208
144939,3.0,5.0,2.0,7.0,3.0,2.0,0.30000000000000004,0.30000000000000004,50.0,184,6980.4627754190005,4,35,113,125,213
144939,3.0,5.0,2.0,7.0,3.0,2.0,0.30000000000000004,0.30000000000000004,50.0,185,7105.578469273751,5,37,117,123,219
144939,3.0,5.0,2.0,7.0,3.0,2.0,0.30000000000000004,0.30000000000000004,50.0,186,7201.973086592188,6,36,118,123,220
144939,3.0,5.0,2.0,7.0,3.0,2.0,0.30000000000000004,0.30000000000000004,50.0,187,7282.466358240235,7,37,116,123,223
144939,3.0,5.0,2.0,7.0,3.0,2.0,0.30000000000000004,0.30000000000000004,50.0,188,7263.082947800294,7,36,114,123,220
144939,3.0,5.0,2.0,7.0,3.0,2.0,0.30000000000000004,0.30000000000000004,50.0,189,7178.853684750367,7,34,113,123,216
144939,3.0,5.0,2.0,7.0,3.0,2.0,0.30000000000000004,0.30000000000000004,50.0,190,6973.56710593796,7,34,109,124,215
144939,3.0,5.0,2.0,7.0,3.0,2.0,0.30000000000000004,0.30000000000000004,50.0,191,6586.95888242245,8,33,107,124,219
144939,3.0,5.0,2.0,7.0,3.0,2.0,0.30000000000000004,0.30000000000000004,50.0,192,6423.698603028062,8,32,110,123,219
144939,3.0,5.0,2.0,7.0,3.0,2.0,0.30000000000000004,0.30000000000000004,50.0,193,6459.623253785077,8,33,108,118,215
144939,3.0,5.0,2.0,7.0,3.0,2.0,0.30000000000000004,0.30000000000000004,50.0,194,6534.529067231347,9,36,108,120,217
144939,3.0,5.0,2.0,7.0,3.0,2.0,0.30000000000000004,0.30000000000000004,50.0,195,6508.161334039183,9,38,100,121,210
144939,3.0,5.0,2.0,7.0,3.0,2.0,0.30000000000000004,0.30000000000000004,50.0,196,6385.2016675489795,9,37,99,121,204
144939,3.0,5.0,2.0,7.0,3.0,2.0,0.30000000000000004,0.30000000000000004,50.0,197,6331.502084436224,9,36,97,124,203
144939,3.0,5.0,2.0,7.0,3.0,2.0,0.30000000000000004,0.30000000000000004,50.0,198,6314.37760554528,10,36,98,124,206
144939,3.0,5.0,2.0,7.0,3.0,2.0,0.30000000000000004,0.30000000000000004,50.0,199,6342.9720069316,10,36,99,123,205
144939,3.0,5.0,2.0,7.0,3.0,2.0,0.30000000000000004,0.30000000000000004,50.0,200,6368.7150086645,10,37,97,122,204
144939,3.0,5.0,2.0,7.0,3.0,2.0,0.30000000000000004,0.30000000000000004,50.0,201,6470.893760830624,12,37,100,121,210
144939,3.0,5.0,2.0,7.0,3.0,2.0,0.30000000000000004,0.30000000000000004,50.0,202,6518.61720103828,12,37,98,125,206
144939,3.0,5.0,2.0,7.0,3.0,2.0,0.30000000000000004,0.30000000000000004,50.0,203,6568.27150129785,12,35,98,124,202
144939,3.0,5.0,2.0,7.0,3.0,2.0,0.30000000000000004,0.30000000000000004,50.0,204,6550.339376622313,12,34,101,129,201
144939,3.0,5.0,2.0,7.0,3.0,2.0,0.30000000000000004,0.30000000000000004,50.0,205,6547.924220777891,12,36,105,131,206
144939,3.0,5.0,2.0,7.0,3.0,2.0,0.30000000000000004,0.30000000000000004,50.0,206,6424.905275972364,12,36,99,135,200
144939,3.0,5.0,2.0,7.0,3.0,2.0,0.30000000000000004,0.30000000000000004,50.0,207,6361.1315949654545,12,36,98,132,199
144939,3.0,5.0,2.0,7.0,3.0,2.0,0.30000000000000004,0.30000000000000004,50.0,208,6341.414493706818,13,36,100,130,199
144939,3.0,5.0,2.0,7.0,3.0,2.0,0.30000000000000004,0.30000000000000004,50.0,209,6316.7681171335225,13,33,98,130,195
144939,3.0,5.0,2.0,7.0,3.0,2.0,0.30000000000000004,0.30000000000000004,50.0,210,6295.960146416903,13,32,99,127,194
144939,3.0,5.0,2.0,7.0,3.0,2.0,0.30000000000000004,0.30000000000000004,50.0,211,6279.950183021128,12,32,98,127,193
144939,3.0,5.0,2.0,7.0,3.0,2.0,0.30000000000000004,0.30000000000000004,50.0,212,6139.937728776411,12,30,95,129,188
144939,3.0,5.0,2.0,7.0,3.0,2.0,0.30000000000000004,0.30000000000000004,50.0,213,6034.922160970514,12,29,94,129,184
144939,3.0,5.0,2.0,7.0,3.0,2.0,0.30000000000000004,0.30000000000000004,50.0,214,5963.652701213142,12,29,94,128,183
144939,3.0,5.0,2.0,7.0,3.0,2.0,0.30000000000000004,0.30000000000000004,50.0,215,6004.565876516427,12,31,95,131,186
144939,3.0,5.0,2.0,7.0,3.0,2.0,0.30000000000000004,0.30000000000000004,50.0,216,6115.707345645534,12,31,95,131,185
144939,3.0,5.0,2.0,7.0,3.0,2.0,0.30000000000000004,0.30000000000000004,50.0,217,6244.634182056917,12,30,95,131,182
144939,3.0,5.0,2.0,7.0,3.0,2.0,0.30000000000000004,0.30000000000000004,50.0,218,6445.792727571146,13,28,96,127,181
144939,3.0,5.0,2.0,7.0,3.0,2.0,0.30000000000000004,0.30000000000000004,50.0,219,6587.240909463933,13,29,96,127,183
144939,3.0,5.0,2.0,7.0,3.0,2.0,0.30000000000000004,0.30000000000000004,50.0,220,6824.051136829916,13,28,96,123,183
144939,3.0,5.0,2.0,7.0,3.0,2.0,0.30000000000000004,0.30000000000000004,50.0,221,7040.063921037396,13,28,99,119,185
144939,3.0,5.0,2.0,7.0,3.0,2.0,0.30000000000000004,0.30000000000000004,50.0,222,7280.079901296744,14,29,101,119,190
144939,3.0,5.0,2.0,7.0,3.0,2.0,0.30000000000000004,0.30000000000000004,50.0,223,7450.09987662093,14,30,101,121,191
144939,3.0,5.0,2.0,7.0,3.0,2.0,0.30000000000000004,0.30000000000000004,50.0,224,7612.624845776163,13,30,102,121,191
144939,3.0,5.0,2.0,7.0,3.0,2.0,0.30000000000000004,0.30000000000000004,50.0,225,7775.781057220203,13,27,102,122,188
144939,3.0,5.0,2.0,7.0,3.0,2.0,0.30000000000000004,0.30000000000000004,50.0,226,7899.726321525253,12,26,102,122,186
144939,3.0,5.0,2.0,7.0,3.0,2.0,0.30000000000000004,0.30000000000000004,50.0,227,7834.657901906567,12,26,106,122,193
144939,3.0,5.0,2.0,7.0,3.0,2.0,0.30000000000000004,0.30000000000000004,50.0,228,7703.322377383209,11,24,106,117,191
144939,3.0,5.0,2.0,7.0,3.0,2.0,0.30000000000000004,0.30000000000000004,50.0,229,7399.1529717290105,13,27,108,119,197
144939,3.0,5.0,2.0,7.0,3.0,2.0,0.30000000000000004,0.30000000000000004,50.0,230,6918.941214661263,14,26,107,122,196
144939,3.0,5.0,2.0,7.0,3.0,2.0,0.30000000000000004,0.30000000000000004,50.0,231,6178.676518326578,14,24,107,122,194
144939,3.0,5.0,2.0,7.0,3.0,2.0,0.30000000000000004,0.30000000000000004,50.0,232,5923.345647908222,15,25,106,123,193
144939,3.0,5.0,2.0,7.0,3.0,2.0,0.30000000000000004,0.30000000000000004,50.0,233,5934.182059885278,15,25,103,122,193
144939,3.0,5.0,2.0,7.0,3.0,2.0,0.30000000000000004,0.30000000000000004,50.0,234,6087.727574856598,14,24,103,119,192
144939,3.0,5.0,2.0,7.0,3.0,2.0,0.30000000000000004,0.30000000000000004,50.0,235,6289.659468570748,12,24,103,117,189
144939,3.0,5.0,2.0,7.0,3.0,2.0,0.30000000000000004,0.30000000000000004,50.0,236,6492.074335713434,12,25,105,119,192
144939,3.0,5.0,2.0,7.0,3.0,2.0,0.30000000000000004,0.30000000000000004,50.0,237,6725.092919641793,12,23,105,120,188
144939,3.0,5.0,2.0,7.0,3.0,2.0,0.30000000000000004,0.30000000000000004,50.0,238,6906.366149552241,13,23,104,121,188
144939,3.0,5.0,2.0,7.0,3.0,2.0,0.30000000000000004,0.30000000000000004,50.0,239,7042.957686940301,13,25,105,122,191
144939,3.0,5.0,2.0,7.0,3.0,2.0,0.30000000000000004,0.30000000000000004,50.0,240,7283.6971086753765,13,25,107,123,196
144939,3.0,5.0,2.0,7.0,3.0,2.0,0.30000000000000004,0.30000000000000004,50.0,241,7484.621385844221,13,25,109,124,198
144939,3.0,5.0,2.0,7.0,3.0,2.0,0.30000000000000004,0.30000000000000004,50.0,242,7755.776732305276,13,26,113,124,200
144939,3.0,5.0,2.0,7.0,3.0,2.0,0.30000000000000004,0.30000000000000004,50.0,243,8054.720915381595,12,25,123,125,208
144939,3.0,5.0,2.0,7.0,3.0,2.0,0.30000000000000004,0.30000000000000004,50.0,244,8300.0,12,25,126,128,213
144939,3.0,5.0,2.0,7.0,3.0,2.0,0.30000000000000004,0.30000000000000004,50.0,245,8170.0,12,27,124,127,213
144939,3.0,5.0,2.0,7.0,3.0,2.0,0.30000000000000004,0.30000000000000004,50.0,246,8140.0,13,28,123,124,213
144939,3.0,5.0,2.0,7.0,3.0,2.0,0.30000000000000004,0.30000000000000004,50.0,247,8150.0,12,27,123,119,213
144939,3.0,5.0,2.0,7.0,3.0,2.0,0.30000000000000004,0.30000000000000004,50.0,248,8070.0,11,27,120,119,211
144939,3.0,5.0,2.0,7.0,3.0,2.0,0.30000000000000004,0.30000000000000004,50.0,249,7880.0,11,28,120,116,212
144939,3.0,5.0,2.0,7.0,3.0,2.0,0.30000000000000004,0.30000000000000004,50.0,250,7580.0,11,27,129,118,218
144939,3.0,5.0,2.0,7.0,3.0,2.0,0.30000000000000004,0.30000000000000004,50.0,251,7065.0,11,26,132,119,223
144939,3.0,5.0,2.0,7.0,3.0,2.0,0.30000000000000004,0.30000000000000004,50.0,252,6511.25,12,25,128,122,221
144939,3.0,5.0,2.0,7.0,3.0,2.0,0.30000000000000004,0.30000000000000004,50.0,253,6339.0625,11,23,129,118,217
144939,3.0,5.0,2.0,7.0,3.0,2.0,0.30000000000000004,0.30000000000000004,50.0,254,6293.828125,11,24,129,118,219
144939,3.0,5.0,2.0,7.0,3.0,2.0,0.30000000000000004,0.30000000000000004,50.0,255,6467.28515625,11,24,128,117,218
144939,3.0,5.0,2.0,7.0,3.0,2.0,0.30000000000000004,0.30000000000000004,50.0,256,6694.1064453125,11,24,127,117,216
144939,3.0,5.0,2.0,7.0,3.0,2.0,0.30000000000000004,0.30000000000000004,50.0,257,7057.633056640625,10,22,128,116,214
144939,3.0,5.0,2.0,7.0,3.0,2.0,0.30000000000000004,0.30000000000000004,50.0,258,7542.041320800781,9,22,128,119,214
144939,3.0,5.0,2.0,7.0,3.0,2.0,0.30000000000000004,0.30000000000000004,50.0,259,8097.551651000977,9,22,124,118,210
144939,3.0,5.0,2.0,7.0,3.0,2.0,0.30000000000000004,0.30000000000000004,50.0,260,8580.0,9,21,125,115,209
144939,3.0,5.0,2.0,7.0,3.0,2.0,0.30000000000000004,0.30000000000000004,50.0,261,8520.0,9,23,126,120,212
144939,3.0,5.0,2.0,7.0,3.0,2.0,0.30000000000000004,0.30000000000000004,50.0,262,8460.0,9,22,126,122,213
144939,3.0,5.0,2.0,7.0,3.0,2.0,0.30000000000000004,0.30000000000000004,50.0,263,8410.0,9,22,129,122,216
144939,3.0,5.0,2.0,7.0,3.0,2.0,0.30000000000000004,0.30000000000000004,50.0,264,8390.0,9,22,134,123,219
144939,3.0,5.0,2.0,7.0,3.0,2.0,0.30000000000000004,0.30000000000000004,50.0,265,8350.0,9,23,136,128,223
144939,3.0,5.0,2.0,7.0,3.0,2.0,0.30000000000000004,0.30000000000000004,50.0,266,8240.0,8,24,133,127,222
144939,3.0,5.0,2.0,7.0,3.0,2.0,0.30000000000000004,0.30000000000000004,50.0,267,8130.0,8,25,127,126,218
144939,3.0,5.0,2.0,7.0,3.0,2.0,0.30000000000000004,0.30000000000000004,50.0,268,8220.0,6,25,122,129,211
144939,3.0,5.0,2.0,7.0,3.0,2.0,0.30000000000000004,0.30000000000000004,50.0,269,8040.0,6,25,121,132,211
144939,3.0,5.0,2.0,7.0,3.0,2.0,0.30000000000000004,0.30000000000000004,50.0,270,7960.0,6,24,113,133,204
144939,3.0,5.0,2.0,7.0,3.0,2.0,0.30000000000000004,0.30000000000000004,50.0,271,7730.0,6,24,115,130,206
144939,3.0,5.0,2.0,7.0,3.0,2.0,0.30000000000000004,0.30000000000000004,50.0,272,7402.5,5,22,122,129,211
144939,3.0,5.0,2.0,7.0,3.0,2.0,0.30000000000000004,0.30000000000000004,50.0,273,6833.125,6,23,118,129,208
144939,3.0,5.0,2.0,7.0,3.0,2.0,0.30000000000000004,0.30000000000000004,50.0,274,6361.40625,7,23,117,127,210
144939,3.0,5.0,2.0,7.0,3.0,2.0,0.30000000000000004,0.30000000000000004,50.0,275,6301.7578125,7,24,117,123,208
144939,3.0,5.0,2.0,7.0,3.0,2.0,0.30000000000000004,0.30000000000000004,50.0,276,6307.197265625,6,25,109,125,201
144939,3.0,5.0,2.0,7.0,3.0,2.0,0.30000000000000004,0.30000000000000004,50.0,277,6273.99658203125,6,24,109,124,199
144939,3.0,5.0,2.0,7.0,3.0,2.0,0.30000000000000004,0.30000000000000004,50.0,278,6252.4957275390625,6,23,104,125,192
144939,3.0,5.0,2.0,7.0,3.0,2.0,0.30000000000000004,0.30000000000000004,50.0,279,6185.619659423828,6,21,107,125,193
144939,3.0,5.0,2.0,7.0,3.0,2.0,0.30000000000000004,0.30000000000000004,50.0,280,6222.024574279785,6,20,110,128,197
144939,3.0,5.0,2.0,7.0,3.0,2.0,0.30000000000000004,0.30000000000000004,50.0,281,6347.530717849731,6,20,110,129,196
144939,3.0,5.0,2.0,7.0,3.0,2.0,0.30000000000000004,0.30000000000000004,50.0,282,6564.413397312164,6,20,110,132,194
144939,3.0,5.0,2.0,7.0,3.0,2.0,0.30000000000000004,0.30000000000000004,50.0,283,6725.516746640205,5,20,112,135,198
144939,3.0,5.0,2.0,7.0,3.0,2.0,0.30000000000000004,0.30000000000000004,50.0,284,6926.895933300257,5,21,115,138,203
144939,3.0,5.0,2.0,7.0,3.0,2.0,0.30000000000000004,0.30000000000000004,50.0,285,7138.619916625321,5,21,119,137,207
144939,3.0,5.0,2.0,7.0,3.0,2.0,0.30000000000000004,0.30000000000000004,50.0,286,7413.274895781651,5,20,124,141,209
144939,3.0,5.0,2.0,7.0,3.0,2.0,0.30000000000000004,0.30000000000000004,50.0,287,7596.593619727064,5,20,128,144,216
144939,3.0,5.0,2.0,7.0,3.0,2.0,0.30000000000000004,0.30000000000000004,50.0,288,7815.74202465883,5,20,125,145,214
144939,3.0,5.0,2.0,7.0,3.0,2.0,0.30000000000000004,0.30000000000000004,50.0,289,8039.677530823537,6,20,119,150,207
144939,3.0,5.0,2.0,7.0,3.0,2.0,0.30000000000000004,0.30000000000000004,50.0,290,8250.0,6,19,120,148,207
144939,3.0,5.0,2.0,7.0,3.0,2.0,0.30000000000000004,0.30000000000000004,50.0,291,8060.0,4,17,118,145,203
144939,3.0,5.0,2.0,7.0,3.0,2.0,0.30000000000000004,0.30000000000000004,50.0,292,7980.0,4,17,116,144,198
144939,3.0,5.0,2.0,7.0,3.0,2.0,0.30000000000000004,0.30000000000000004,50.0,293,7855.0,2,16,121,144,200
144939,3.0,5.0,2.0,7.0,3.0,2.0,0.30000000000000004,0.30000000000000004,50.0,294,7518.75,2,14,122,149,200
144939,3.0,5.0,2.0,7.0,3.0,2.0,0.30000000000000004,0.30000000000000004,50.0,295,6918.4375,2,14,118,148,197
144939,3.0,5.0,2.0,7.0,3.0,2.0,0.30000000000000004,0.30000000000000004,50.0,296,6478.046875,2,12,118,149,192
144939,3.0,5.0,2.0,7.0,3.0,2.0,0.30000000000000004,0.30000000000000004,50.0,297,6357.55859375,2,12,115,151,188
144939,3.0,5.0,2.0,7.0,3.0,2.0,0.30000000000000004,0.30000000000000004,50.0,298,6366.9482421875,2,13,113,151,189
144939,3.0,5.0,2.0,7.0,3.0,2.0,0.30000000000000004,0.30000000000000004,50.0,299,6438.685302734375,2,12,110,148,183
144939,3.0,5.0,2.0,7.0,3.0,2.0,0.30000000000000004,0.30000000000000004,50.0,300,6658.356628417969,2,11,108,149,180
144939,3.0,5.0,2.0,7.0,3.0,2.0,0.30000000000000004,0.30000000000000004,50.0,301,6792.945785522461,2,10,112,148,182
144939,3.0,5.0,2.0,7.0,3.0,2.0,0.30000000000000004,0.30000000000000004,50.0,302,7041.182231903076,2,10,107,151,176
144939,3.0,5.0,2.0,7.0,3.0,2.0,0.30000000000000004,0.30000000000000004,50.0,303,7341.477789878845,2,10,104,151,173
144939,3.0,5.0,2.0,7.0,3.0,2.0,0.30000000000000004,0.30000000000000004,50.0,304,7726.8472373485565,2,10,103,153,172
144939,3.0,5.0,2.0,7.0,3.0,2.0,0.30000000000000004,0.30000000000000004,50.0,305,7998.559046685696,2,10,102,164,174
144939,3.0,5.0,2.0,7.0,3.0,2.0,0.30000000000000004,0.30000000000000004,50.0,306,8338.19880835712,2,10,104,165,174
144939,3.0,5.0,2.0,7.0,3.0,2.0,0.30000000000000004,0.30000000000000004,50.0,307,8370.0,2,10,104,166,172
144939,3.0,5.0,2.0,7.0,3.0,2.0,0.30000000000000004,0.30000000000000004,50.0,308,8350.0,2,10,106,171,174
144939,3.0,5.0,2.0,7.0,3.0,2.0,0.30000000000000004,0.30000000000000004,50.0,309,8250.0,2,11,107,171,175
144939,3.0,5.0,2.0,7.0,3.0,2.0,0.30000000000000004,0.30000000000000004,50.0,310,8150.0,3,11,105,173,173
144939,3.0,5.0,2.0,7.0,3.0,2.0,0.30000000000000004,0.30000000000000004,50.0,311,8060.0,4,11,106,175,176
144939,3.0,5.0,2.0,7.0,3.0,2.0,0.30000000000000004,0.30000000000000004,50.0,312,8050.0,4,12,110,178,183
144939,3.0,5.0,2.0,7.0,3.0,2.0,0.30000000000000004,0.30000000000000004,50.0,313,7820.0,4,12,102,177,175
144939,3.0,5.0,2.0,7.0,3.0,2.0,0.30000000000000004,0.30000000000000004,50.0,314,7465.0,4,12,100,176,172
144939,3.0,5.0,2.0,7.0,3.0,2.0,0.30000000000000004,0.30000000000000004,50.0,315,7031.25,4,13,98,180,171
144939,3.0,5.0,2.0,7.0,3.0,2.0,0.30000000000000004,0.30000000000000004,50.0,316,6629.0625,4,13,95,180,168
144939,3.0,5.0,2.0,7.0,3.0,2.0,0.30000000000000004,0.30000000000000004,50.0,317,6556.328125,4,14,90,185,162
144939,3.0,5.0,2.0,7.0,3.0,2.0,0.30000000000000004,0.30000000000000004,50.0,318,6565.41015625,4,14,90,183,162
144939,3.0,5.0,2.0,7.0,3.0,2.0,0.30000000000000004,0.30000000000000004,50.0,319,6676.7626953125,4,14,88,189,160
144939,3.0,5.0,2.0,7.0,3.0,2.0,0.30000000000000004,0.30000000000000004,50.0,320,6765.953369140625,4,13,89,188,159
144939,3.0,5.0,2.0,7.0,3.0,2.0,0.30000000000000004,0.30000000000000004,50.0,321,6807.441711425781,4,13,87,186,155
144939,3.0,5.0,2.0,7.0,3.0,2.0,0.30000000000000004,0.30000000000000004,50.0,322,6879.302139282227,4,13,84,190,152
144939,3.0,5.0,2.0,7.0,3.0,2.0,0.30000000000000004,0.30000000000000004,50.0,323,6999.127674102783,4,12,83,191,150
144939,3.0,5.0,2.0,7.0,3.0,2.0,0.30000000000000004,0.30000000000000004,50.0,324,7068.909592628479,4,13,84,194,148
144939,3.0,5.0,2.0,7.0,3.0,2.0,0.30000000000000004,0.30000000000000004,50.0,325,7096.136990785599,5,13,83,198,147
144939,3.0,5.0,2.0,7.0,3.0,2.0,0.30000000000000004,0.30000000000000004,50.0,326,7080.171238481998,5,13,80,206,144
144939,3.0,5.0,2.0,7.0,3.0,2.0,0.30000000000000004,0.30000000000000004,50.0,327,7030.214048102498,5,13,78,211,141
144939,3.0,5.0,2.0,7.0,3.0,2.0,0.30000000000000004,0.30000000000000004,50.0,328,6917.767560128123,5,12,79,215,139
144939,3.0,5.0,2.0,7.0,3.0,2.0,0.30000000000000004,0.30000000000000004,50.0,329,6897.209450160153,5,12,82,222,140
144939,3.0,5.0,2.0,7.0,3.0,2.0,0.30000000000000004,0.30000000000000004,50.0,330,6941.5118127001915,5,12,81,219,139
144939,3.0,5.0,2.0,7.0,3.0,2.0,0.30000000000000004,0.30000000000000004,50.0,331,6916.889765875239,5,11,76,219,134
144939,3.0,5.0,2.0,7.0,3.0,2.0,0.30000000000000004,0.30000000000000004,50.0,332,6966.112207344049,6,11,76,213,132
144939,3.0,5.0,2.0,7.0,3.0,2.0,0.30000000000000004,0.30000000000000004,50.0,333,6857.640259180062,6,11,76,212,133
144939,3.0,5.0,2.0,7.0,3.0,2.0,0.30000000000000004,0.30000000000000004,50.0,334,6682.050323975076,6,11,78,210,135
144939,3.0,5.0,2.0,7.0,3.0,2.0,0.30000000000000004,0.30000000000000004,50.0,335,6522.562904968845,5,11,78,204,131
144939,3.0,5.0,2.0,7.0,3.0,2.0,0.30000000000000004,0.30000000000000004,50.0,336,6393.203631211056,5,11,78,208,126
144939,3.0,5.0,2.0,7.0,3.0,2.0,0.30000000000000004,0.30000000000000004,50.0,337,6241.50453901382,5,10,75,210,120
144939,3.0,5.0,2.0,7.0,3.0,2.0,0.30000000000000004,0.30000000000000004,50.0,338,6261.880673767275,5,10,74,214,118
144939,3.0,5.0,2.0,7.0,3.0,2.0,0.30000000000000004,0.30000000000000004,50.0,339,6337.350842209094,4,10,75,207,118
144939,3.0,5.0,2.0,7.0,3.0,2.0,0.30000000000000004,0.30000000000000004,50.0,340,6381.688552761367,4,10,74,212,115
144939,3.0,5.0,2.0,7.0,3.0,2.0,0.30000000000000004,0.30000000000000004,50.0,341,6407.110690951708,4,10,75,213,115
144939,3.0,5.0,2.0,7.0,3.0,2.0,0.30000000000000004,0.30000000000000004,50.0,342,6428.888363689635,5,10,73,208,114
144939,3.0,5.0,2.0,7.0,3.0,2.0,0.30000000000000004,0.30000000000000004,50.0,343,6416.110454612044,5,8,72,211,111
144939,3.0,5.0,2.0,7.0,3.0,2.0,0.30000000000000004,0.30000000000000004,50.0,344,6280.138068265055,4,9,75,214,113
144939,3.0,5.0,2.0,7.0,3.0,2.0,0.30000000000000004,0.30000000000000004,50.0,345,6280.172585331319,4,9,75,215,112
144939,3.0,5.0,2.0,7.0,3.0,2.0,0.30000000000000004,0.30000000000000004,50.0,346,6330.215731664149,4,9,75,216,112
144939,3.0,5.0,2.0,7.0,3.0,2.0,0.30000000000000004,0.30000000000000004,50.0,347,6452.769664580186,4,9,74,220,110
144939,3.0,5.0,2.0,7.0,3.0,2.0,0.30000000000000004,0.30000000000000004,50.0,348,6495.962080725232,3,9,75,223,110
144939,3.0,5.0,2.0,7.0,3.0,2.0,0.30000000000000004,0.30000000000000004,50.0,349,6579.95260090654,3,9,73,219,110
144939,3.0,5.0,2.0,7.0,3.0,2.0,0.30000000000000004,0.30000000000000004,50.0,350,6684.940751133176,3,9,74,220,107
144939,3.0,5.0,2.0,7.0,3.0,2.0,0.30000000000000004,0.30000000000000004,50.0,351,6686.175938916469,3,10,77,223,111
144939,3.0,5.0,2.0,7.0,3.0,2.0,0.30000000000000004,0.30000000000000004,50.0,352,6617.719923645585,3,10,73,220,108
144939,3.0,5.0,2.0,7.0,3.0,2.0,0.30000000000000004,0.30000000000000004,50.0,353,6482.149904556982,3,9,69,218,104
144939,3.0,5.0,2.0,7.0,3.0,2.0,0.30000000000000004,0.30000000000000004,50.0,354,6182.687380696227,3,9,62,222,97
144939,3.0,5.0,2.0,7.0,3.0,2.0,0.30000000000000004,0.30000000000000004,50.0,355,6058.359225870283,3,8,62,228,95
144939,3.0,5.0,2.0,7.0,3.0,2.0,0.30000000000000004,0.30000000000000004,50.0,356,6122.949032337854,3,7,63,224,92
144939,3.0,5.0,2.0,7.0,3.0,2.0,0.30000000000000004,0.30000000000000004,50.0,357,6203.686290422318,3,7,63,221,92
144939,3.0,5.0,2.0,7.0,3.0,2.0,0.30000000000000004,0.30000000000000004,50.0,358,6364.607863027897,3,8,60,223,90
144939,3.0,5.0,2.0,7.0,3.0,2.0,0.30000000000000004,0.30000000000000004,50.0,359,6485.759828784871,3,8,62,217,93
144939,3.0,5.0,2.0,7.0,3.0,2.0,0.30000000000000004,0.30000000000000004,50.0,360,6527.199785981089,1,8,60,221,89
144939,3.0,5.0,2.0,7.0,3.0,2.0,0.30000000000000004,0.30000000000000004,50.0,361,6498.999732476361,1,8,58,217,86
144939,3.0,5.0,2.0,7.0,3.0,2.0,0.30000000000000004,0.30000000000000004,50.0,362,6463.749665595451,1,8,53,219,81
144939,3.0,5.0,2.0,7.0,3.0,2.0,0.30000000000000004,0.30000000000000004,50.0,363,6359.687081994314,1,8,52,221,80
144939,3.0,5.0,2.0,7.0,3.0,2.0,0.30000000000000004,0.30000000000000004,50.0,364,6139.608852492893,1,8,53,226,81
144939,3.0,5.0,2.0,7.0,3.0,2.0,0.30000000000000004,0.30000000000000004,50.0,365,5954.511065616116,1,8,56,232,83
144939,3.0,5.0,2.0,7.0,3.0,2.0,0.30000000000000004,0.30000000000000004,50.0,366,6093.138832020145,1,7,60,234,85
144939,3.0,5.0,2.0,7.0,3.0,2.0,0.30000000000000004,0.30000000000000004,50.0,367,6196.423540025181,0,8,60,233,85
144939,3.0,5.0,2.0,7.0,3.0,2.0,0.30000000000000004,0.30000000000000004,50.0,368,6425.529425031476,0,8,60,226,84
144939,3.0,5.0,2.0,7.0,3.0,2.0,0.30000000000000004,0.30000000000000004,50.0,369,6541.9117812893455,0,8,59,225,82
144939,3.0,5.0,2.0,7.0,3.0,2.0,0.30000000000000004,0.30000000000000004,50.0,370,6767.389726611682,0,8,59,222,83
144939,3.0,5.0,2.0,7.0,3.0,2.0,0.30000000000000004,0.30000000000000004,50.0,371,6959.237158264603,0,8,58,215,83
144939,3.0,5.0,2.0,7.0,3.0,2.0,0.30000000000000004,0.30000000000000004,50.0,372,7159.046447830753,0,7,60,217,84
144939,3.0,5.0,2.0,7.0,3.0,2.0,0.30000000000000004,0.30000000000000004,50.0,373,7258.808059788442,0,8,60,220,85
144939,3.0,5.0,2.0,7.0,3.0,2.0,0.30000000000000004,0.30000000000000004,50.0,374,7373.510074735552,0,8,61,224,86
144939,3.0,5.0,2.0,7.0,3.0,2.0,0.30000000000000004,0.30000000000000004,50.0,375,7346.88759341944,0,8,58,227,83
144939,3.0,5.0,2.0,7.0,3.0,2.0,0.30000000000000004,0.30000000000000004,50.0,376,7343.609491774299,0,8,58,230,82
144939,3.0,5.0,2.0,7.0,3.0,2.0,0.30000000000000004,0.30000000000000004,50.0,377,7199.511864717875,0,8,54,233,78
144939,3.0,5.0,2.0,7.0,3.0,2.0,0.30000000000000004,0.30000000000000004,50.0,378,6969.389830897344,0,8,52,239,76
144939,3.0,5.0,2.0,7.0,3.0,2.0,0.30000000000000004,0.30000000000000004,50.0,379,6571.73728862168,0,8,57,242,81
144939,3.0,5.0,2.0,7.0,3.0,2.0,0.30000000000000004,0.30000000000000004,50.0,380,6264.671610777099,0,8,56,252,81
144939,3.0,5.0,2.0,7.0,3.0,2.0,0.30000000000000004,0.30000000000000004,50.0,381,6280.839513471374,0,7,56,253,80
144939,3.0,5.0,2.0,7.0,3.0,2.0,0.30000000000000004,0.30000000000000004,50.0,382,6361.049391839217,0,7,56,250,80
144939,3.0,5.0,2.0,7.0,3.0,2.0,0.30000000000000004,0.30000000000000004,50.0,383,6471.311739799021,0,8,55,248,80
144939,3.0,5.0,2.0,7.0,3.0,2.0,0.30000000000000004,0.30000000000000004,50.0,384,6609.139674748776,0,8,53,243,77
144939,3.0,5.0,2.0,7.0,3.0,2.0,0.30000000000000004,0.30000000000000004,50.0,385,6711.42459343597,0,7,51,245,74
144939,3.0,5.0,2.0,7.0,3.0,2.0,0.30000000000000004,0.30000000000000004,50.0,386,6809.2807417949625,0,7,51,246,74
144939,3.0,5.0,2.0,7.0,3.0,2.0,0.30000000000000004,0.30000000000000004,50.0,387,6851.600927243704,0,8,53,244,78
144939,3.0,5.0,2.0,7.0,3.0,2.0,0.30000000000000004,0.30000000000000004,50.0,388,6974.501159054631,0,8,50,244,76
144939,3.0,5.0,2.0,7.0,3.0,2.0,0.30000000000000004,0.30000000000000004,50.0,389,6968.12644881829,0,7,50,246,75
144939,3.0,5.0,2.0,7.0,3.0,2.0,0.30000000000000004,0.30000000000000004,50.0,390,6870.158061022863,0,7,50,255,74
144939,3.0,5.0,2.0,7.0,3.0,2.0,0.30000000000000004,0.30000000000000004,50.0,391,6697.697576278579,0,7,49,258,74
144939,3.0,5.0,2.0,7.0,3.0,2.0,0.30000000000000004,0.30000000000000004,50.0,392,6472.121970348224,0,7,48,264,72
144939,3.0,5.0,2.0,7.0,3.0,2.0,0.30000000000000004,0.30000000000000004,50.0,393,6590.15246293528,0,7,50,267,73
144939,3.0,5.0,2.0,7.0,3.0,2.0,0.30000000000000004,0.30000000000000004,50.0,394,6667.6905786691,0,7,54,263,76
144939,3.0,5.0,2.0,7.0,3.0,2.0,0.30000000000000004,0.30000000000000004,50.0,395,6764.613223336375,0,7,54,267,77
144939,3.0,5.0,2.0,7.0,3.0,2.0,0.30000000000000004,0.30000000000000004,50.0,396,6685.766529170469,0,6,52,266,74
144939,3.0,5.0,2.0,7.0,3.0,2.0,0.30000000000000004,0.30000000000000004,50.0,397,6647.208161463086,0,6,48,270,69
144939,3.0,5.0,2.0,7.0,3.0,2.0,0.30000000000000004,0.30000000000000004,50.0,398,6489.010201828858,0,5,47,261,67
144939,3.0,5.0,2.0,7.0,3.0,2.0,0.30000000000000004,0.30000000000000004,50.0,399,6321.262752286073,0,5,45,261,65
144939,3.0,5.0,2.0,7.0,3.0,2.0,0.30000000000000004,0.30000000000000004,50.0,400,6211.578440357591,0,5,45,257,64
144939,3.0,5.0,2.0,7.0,3.0,2.0,0.30000000000000004,0.30000000000000004,50.0,401,6204.473050446988,0,5,48,255,68
144939,3.0,5.0,2.0,7.0,3.0,2.0,0.30000000000000004,0.30000000000000004,50.0,402,6195.591313058735,0,5,47,257,67
144939,3.0,5.0,2.0,7.0,3.0,2.0,0.30000000000000004,0.30000000000000004,50.0,403,6254.489141323419,0,5,44,258,65
144939,3.0,5.0,2.0,7.0,3.0,2.0,0.30000000000000004,0.30000000000000004,50.0,404,6338.111426654274,0,5,44,266,65
144939,3.0,5.0,2.0,7.0,3.0,2.0,0.30000000000000004,0.30000000000000004,50.0,405,6462.639283317842,0,5,45,263,65
144939,3.0,5.0,2.0,7.0,3.0,2.0,0.30000000000000004,0.30000000000000004,50.0,406,6518.2991041473015,0,5,45,258,66
144939,3.0,5.0,2.0,7.0,3.0,2.0,0.30000000000000004,0.30000000000000004,50.0,407,6647.873880184126,0,5,45,253,65
144939,3.0,5.0,2.0,7.0,3.0,2.0,0.30000000000000004,0.30000000000000004,50.0,408,6759.8423502301575,0,5,50,250,70
144939,3.0,5.0,2.0,7.0,3.0,2.0,0.30000000000000004,0.30000000000000004,50.0,409,6879.802937787697,0,5,53,248,73
144939,3.0,5.0,2.0,7.0,3.0,2.0,0.30000000000000004,0.30000000000000004,50.0,410,6849.753672234621,0,5,54,251,73
144939,3.0,5.0,2.0,7.0,3.0,2.0,0.30000000000000004,0.30000000000000004,50.0,411,6712.192090293276,0,5,56,260,75
144939,3.0,5.0,2.0,7.0,3.0,2.0,0.30000000000000004,0.30000000000000004,50.0,412,6520.240112866595,0,5,56,261,75
144939,3.0,5.0,2.0,7.0,3.0,2.0,0.30000000000000004,0.30000000000000004,50.0,413,6400.300141083244,0,4,55,260,72
144939,3.0,5.0,2.0,7.0,3.0,2.0,0.30000000000000004,0.30000000000000004,50.0,414,6470.375176354055,0,3,55,257,71
144939,3.0,5.0,2.0,7.0,3.0,2.0,0.30000000000000004,0.30000000000000004,50.0,415,6577.968970442569,0,3,59,252,74
144939,3.0,5.0,2.0,7.0,3.0,2.0,0.30000000000000004,0.30000000000000004,50.0,416,6622.461213053211,0,5,60,248,76
144939,3.0,5.0,2.0,7.0,3.0,2.0,0.30000000000000004,0.30000000000000004,50.0,417,6638.076516316514,0,5,61,243,77
144939,3.0,5.0,2.0,7.0,3.0,2.0,0.30000000000000004,0.30000000000000004,50.0,418,6507.595645395642,0,5,58,247,74
144939,3.0,5.0,2.0,7.0,3.0,2.0,0.30000000000000004,0.30000000000000004,50.0,419,6284.494556744553,0,5,59,240,75
144939,3.0,5.0,2.0,7.0,3.0,2.0,0.30000000000000004,0.30000000000000004,50.0,420,6045.618195930691,0,5,56,241,72
144939,3.0,5.0,2.0,7.0,3.0,2.0,0.30000000000000004,0.30000000000000004,50.0,421,5867.0227449133645,0,5,53,237,68
144939,3.0,5.0,2.0,7.0,3.0,2.0,0.30000000000000004,0.30000000000000004,50.0,422,5873.778431141705,0,5,55,235,69
144939,3.0,5.0,2.0,7.0,3.0,2.0,0.30000000000000004,0.30000000000000004,50.0,423,5882.223038927132,0,5,56,237,70
144939,3.0,5.0,2.0,7.0,3.0,2.0,0.30000000000000004,0.30000000000000004,50.0,424,5992.778798658915,0,6,59,235,73
144939,3.0,5.0,2.0,7.0,3.0,2.0,0.30000000000000004,0.30000000000000004,50.0,425,6040.973498323643,0,6,61,242,75
144939,3.0,5.0,2.0,7.0,3.0,2.0,0.30000000000000004,0.30000000000000004,50.0,426,6161.216872904553,0,5,61,238,74
144939,3.0,5.0,2.0,7.0,3.0,2.0,0.30000000000000004,0.30000000000000004,50.0,427,6241.521091130691,0,5,61,237,74
144939,3.0,5.0,2.0,7.0,3.0,2.0,0.30000000000000004,0.30000000000000004,50.0,428,6411.901363913365,0,5,61,235,74
144939,3.0,5.0,2.0,7.0,3.0,2.0,0.30000000000000004,0.30000000000000004,50.0,429,6574.876704891705,0,5,63,236,76
144939,3.0,5.0,2.0,7.0,3.0,2.0,0.30000000000000004,0.30000000000000004,50.0,430,6708.595881114632,1,5,60,236,74
144939,3.0,5.0,2.0,7.0,3.0,2.0,0.30000000000000004,0.30000000000000004,50.0,431,6745.74485139329,1,5,61,237,75
144939,3.0,5.0,2.0,7.0,3.0,2.0,0.30000000000000004,0.30000000000000004,50.0,432,6802.181064241613,1,6,64,242,79
144939,3.0,5.0,2.0,7.0,3.0,2.0,0.30000000000000004,0.30000000000000004,50.0,433,6772.726330302015,1,6,63,238,77
144939,3.0,5.0,2.0,7.0,3.0,2.0,0.30000000000000004,0.30000000000000004,50.0,434,6695.907912877519,1,6,61,236,75
144939,3.0,5.0,2.0,7.0,3.0,2.0,0.30000000000000004,0.30000000000000004,50.0,435,6449.884891096899,1,6,61,236,75
144939,3.0,5.0,2.0,7.0,3.0,2.0,0.30000000000000004,0.30000000000000004,50.0,436,6142.356113871124,1,6,64,235,78
144939,3.0,5.0,2.0,7.0,3.0,2.0,0.30000000000000004,0.30000000000000004,50.0,437,5917.945142338905,1,8,67,236,82
144939,3.0,5.0,2.0,7.0,3.0,2.0,0.30000000000000004,0.30000000000000004,50.0,438,5997.4314279236305,1,8,66,232,80
144939,3.0,5.0,2.0,7.0,3.0,2.0,0.30000000000000004,0.30000000000000004,50.0,439,6146.789284904538,1,7,67,229,79
144939,3.0,5.0,2.0,7.0,3.0,2.0,0.30000000000000004,0.30000000000000004,50.0,440,6313.486606130673,1,8,66,222,78
144939,3.0,5.0,2.0,7.0,3.0,2.0,0.30000000000000004,0.30000000000000004,50.0,441,6421.858257663342,1,8,65,217,78
144939,3.0,5.0,2.0,7.0,3.0,2.0,0.30000000000000004,0.30000000000000004,50.0,442,6527.322822079177,1,8,64,214,77
144939,3.0,5.0,2.0,7.0,3.0,2.0,0.30000000000000004,0.30000000000000004,50.0,443,6659.153527598972,1,8,64,217,77
144939,3.0,5.0,2.0,7.0,3.0,2.0,0.30000000000000004,0.30000000000000004,50.0,444,6783.941909498715,1,10,64,215,79
144939,3.0,5.0,2.0,7.0,3.0,2.0,0.30000000000000004,0.30000000000000004,50.0,445,6759.927386873394,1,10,66,219,81
144939,3.0,5.0,2.0,7.0,3.0,2.0,0.30000000000000004,0.30000000000000004,50.0,446,6709.909233591743,1,10,70,223,85
144939,3.0,5.0,2.0,7.0,3.0,2.0,0.30000000000000004,0.30000000000000004,50.0,447,6497.386541989679,1,10,72,225,87
144939,3.0,5.0,2.0,7.0,3.0,2.0,0.30000000000000004,0.30000000000000004,50.0,448,6161.733177487099,1,10,72,229,87
144939,3.0,5.0,2.0,7.0,3.0,2.0,0.30000000000000004,0.30000000000000004,50.0,449,6102.166471858874,1,10,70,232,85
144939,3.0,5.0,2.0,7.0,3.0,2.0,0.30000000000000004,0.30000000000000004,50.0,450,6207.708089823592,1,10,71,234,86
144939,3.0,5.0,2.0,7.0,3.0,2.0,0.30000000000000004,0.30000000000000004,50.0,451,6249.6351122794895,1,13,73,227,92
144939,3.0,5.0,2.0,7.0,3.0,2.0,0.30000000000000004,0.30000000000000004,50.0,452,6222.043890349361,1,13,66,234,85
144939,3.0,5.0,2.0,7.0,3.0,2.0,0.30000000000000004,0.30000000000000004,50.0,453,6187.554862936702,1,13,70,234,88
144939,3.0,5.0,2.0,7.0,3.0,2.0,0.30000000000000004,0.30000000000000004,50.0,454,6124.443578670878,1,13,72,231,90
144939,3.0,5.0,2.0,7.0,3.0,2.0,0.30000000000000004,0.30000000000000004,50.0,455,6175.554473338598,1,12,74,224,91
144939,3.0,5.0,2.0,7.0,3.0,2.0,0.30000000000000004,0.30000000000000004,50.0,456,6199.443091673247,1,12,74,221,90
144939,3.0,5.0,2.0,7.0,3.0,2.0,0.30000000000000004,0.30000000000000004,50.0,457,6239.3038645915585,1,12,71,216,87
144939,3.0,5.0,2.0,7.0,3.0,2.0,0.30000000000000004,0.30000000000000004,50.0,458,6169.129830739448,1,13,74,217,92
144939,3.0,5.0,2.0,7.0,3.0,2.0,0.30000000000000004,0.30000000000000004,50.0,459,6021.41228842431,1,14,77,218,96
144939,3.0,5.0,2.0,7.0,3.0,2.0,0.30000000000000004,0.30000000000000004,50.0,460,6006.765360530388,1,14,80,223,98
144939,3.0,5.0,2.0,7.0,3.0,2.0,0.30000000000000004,0.30000000000000004,50.0,461,6218.456700662984,2,14,80,218,99
144939,3.0,5.0,2.0,7.0,3.0,2.0,0.30000000000000004,0.30000000000000004,50.0,462,6483.07087582873,2,13,79,214,97
144939,3.0,5.0,2.0,7.0,3.0,2.0,0.30000000000000004,0.30000000000000004,50.0,463,6763.838594785912,2,12,79,210,96
144939,3.0,5.0,2.0,7.0,3.0,2.0,0.30000000000000004,0.30000000000000004,50.0,464,7134.79824348239,2,12,77,213,94
144939,3.0,5.0,2.0,7.0,3.0,2.0,0.30000000000000004,0.30000000000000004,50.0,465,7598.497804352988,2,13,78,213,97
144939,3.0,5.0,2.0,7.0,3.0,2.0,0.30000000000000004,0.30000000000000004,50.0,466,7998.122255441234,2,13,79,214,98
144939,3.0,5.0,2.0,7.0,3.0,2.0,0.30000000000000004,0.30000000000000004,50.0,467,8277.652819301544,2,13,77,215,96
144939,3.0,5.0,2.0,7.0,3.0,2.0,0.30000000000000004,0.30000000000000004,50.0,468,8150.0,2,12,77,215,94
144939,3.0,5.0,2.0,7.0,3.0,2.0,0.30000000000000004,0.30000000000000004,50.0,469,7990.0,3,10,74,212,90
144939,3.0,5.0,2.0,7.0,3.0,2.0,0.30000000000000004,0.30000000000000004,50.0,470,7897.5,3,10,74,209,90
144939,3.0,5.0,2.0,7.0,3.0,2.0,0.30000000000000004,0.30000000000000004,50.0,471,7741.875,3,9,75,209,90
144939,3.0,5.0,2.0,7.0,3.0,2.0,0.30000000000000004,0.30000000000000004,50.0,472,7507.34375,3,10,78,207,96
144939,3.0,5.0,2.0,7.0,3.0,2.0,0.30000000000000004,0.30000000000000004,50.0,473,7064.1796875,3,10,82,214,100
144939,3.0,5.0,2.0,7.0,3.0,2.0,0.30000000000000004,0.30000000000000004,50.0,474,6390.224609375,3,10,87,215,104
144939,3.0,5.0,2.0,7.0,3.0,2.0,0.30000000000000004,0.30000000000000004,50.0,475,5997.78076171875,3,9,90,217,106
144939,3.0,5.0,2.0,7.0,3.0,2.0,0.30000000000000004,0.30000000000000004,50.0,476,6067.2259521484375,3,9,91,212,107
144939,3.0,5.0,2.0,7.0,3.0,2.0,0.30000000000000004,0.30000000000000004,50.0,477,6154.032440185547,3,9,88,207,104
144939,3.0,5.0,2.0,7.0,3.0,2.0,0.30000000000000004,0.30000000000000004,50.0,478,6162.540550231934,2,9,89,208,104
144939,3.0,5.0,2.0,7.0,3.0,2.0,0.30000000000000004,0.30000000000000004,50.0,479,6163.175687789917,2,10,89,206,108
144939,3.0,5.0,2.0,7.0,3.0,2.0,0.30000000000000004,0.30000000000000004,50.0,480,6223.969609737396,2,11,88,207,108
144939,3.0,5.0,2.0,7.0,3.0,2.0,0.30000000000000004,0.30000000000000004,50.0,481,6209.962012171745,2,11,92,209,112
144939,3.0,5.0,2.0,7.0,3.0,2.0,0.30000000000000004,0.30000000000000004,50.0,482,6262.452515214682,2,12,94,212,115
144939,3.0,5.0,2.0,7.0,3.0,2.0,0.30000000000000004,0.30000000000000004,50.0,483,6388.065644018352,2,12,96,214,117
144939,3.0,5.0,2.0,7.0,3.0,2.0,0.30000000000000004,0.30000000000000004,50.0,484,6575.08205502294,2,12,95,217,116
144939,3.0,5.0,2.0,7.0,3.0,2.0,0.30000000000000004,0.30000000000000004,50.0,485,6758.852568778675,2,12,95,219,116
144939,3.0,5.0,2.0,7.0,3.0,2.0,0.30000000000000004,0.30000000000000004,50.0,486,7048.565710973344,2,12,97,219,120
144939,3.0,5.0,2.0,7.0,3.0,2.0,0.30000000000000004,0.30000000000000004,50.0,487,7330.70713871668,2,13,100,220,124
144939,3.0,5.0,2.0,7.0,3.0,2.0,0.30000000000000004,0.30000000000000004,50.0,488,7623.38392339585,2,12,101,217,125
144939,3.0,5.0,2.0,7.0,3.0,2.0,0.30000000000000004,0.30000000000000004,50.0,489,7979.229904244812,2,12,101,216,125
144939,3.0,5.0,2.0,7.0,3.0,2.0,0.30000000000000004,0.30000000000000004,50.0,490,8334.037380306016,1,12,97,214,120
144939,3.0,5.0,2.0,7.0,3.0,2.0,0.30000000000000004,0.30000000000000004,50.0,491,8270.0,1,12,93,213,116
144939,3.0,5.0,2.0,7.0,3.0,2.0,0.30000000000000004,0.30000000000000004,50.0,492,8150.0,1,11,87,213,108
144939,3.0,5.0,2.0,7.0,3.0,2.0,0.30000000000000004,0.30000000000000004,50.0,493,8050.0,1,11,84,210,106
144939,3.0,5.0,2.0,7.0,3.0,2.0,0.30000000000000004,0.30000000000000004,50.0,494,7900.0,1,11,88,207,110
144939,3.0,5.0,2.0,7.0,3.0,2.0,0.30000000000000004,0.30000000000000004,50.0,495,7675.0,1,12,90,200,113
144939,3.0,5.0,2.0,7.0,3.0,2.0,0.30000000000000004,0.30000000000000004,50.0,496,7323.75,1,10,95,198,116
144939,3.0,5.0,2.0,7.0,3.0,2.0,0.30000000000000004,0.30000000000000004,50.0,497,6694.6875,1,9,96,202,116
144939,3.0,5.0,2.0,7.0,3.0,2.0,0.30000000000000004,0.30000000000000004,50.0,498,6038.359375,1,8,96,202,115
144939,3.0,5.0,2.0,7.0,3.0,2.0,0.30000000000000004,0.30000000000000004,50.0,499,5947.94921875,1,8,95,200,114