Exp Num,agent:svo_convergence_factor,agent:params:metabolism,agent:params:consumption_factor,agent:params:procreate_cost_factor,agent:params:procreate_req_factor,agent:params:start_energy_factor,agent:params:caught_chance,agent:params:caught_cooldown_factor,agent:params:maximum_age,Epoch,Resource,A,B,C,D,E
155701,3.0,5.0,4.0,7.0,2.0,1.0,0.4,0.1,20.0,0,3000.0,25,30,13,18,82
155701,3.0,5.0,4.0,7.0,2.0,1.0,0.4,0.1,20.0,1,3110.0,25,30,13,18,82
155701,3.0,5.0,4.0,7.0,2.0,1.0,0.4,0.1,20.0,2,3487.5,25,30,13,18,82
155701,3.0,5.0,4.0,7.0,2.0,1.0,0.4,0.1,20.0,3,3979.375,25,30,13,18,82
155701,3.0,5.0,4.0,7.0,2.0,1.0,0.4,0.1,20.0,4,3954.21875,24,26,10,18,73
155701,3.0,5.0,4.0,7.0,2.0,1.0,0.4,0.1,20.0,5,4502.7734375,23,26,10,18,72
155701,3.0,5.0,4.0,7.0,2.0,1.0,0.4,0.1,20.0,6,5088.466796875,23,27,10,18,73
155701,3.0,5.0,4.0,7.0,2.0,1.0,0.4,0.1,20.0,7,5220.58349609375,23,28,10,18,74
155701,3.0,5.0,4.0,7.0,2.0,1.0,0.4,0.1,20.0,8,4945.7293701171875,26,31,10,19,80
155701,3.0,5.0,4.0,7.0,2.0,1.0,0.4,0.1,20.0,9,4422.161712646484,30,38,12,21,95
155701,3.0,5.0,4.0,7.0,2.0,1.0,0.4,0.1,20.0,10,4167.7021408081055,35,42,16,22,110
155701,3.0,5.0,4.0,7.0,2.0,1.0,0.4,0.1,20.0,11,4529.627676010132,36,44,17,24,114
155701,3.0,5.0,4.0,7.0,2.0,1.0,0.4,0.1,20.0,12,5062.034595012665,37,48,18,24,120
155701,3.0,5.0,4.0,7.0,2.0,1.0,0.4,0.1,20.0,13,5547.543243765831,39,52,20,24,129
155701,3.0,5.0,4.0,7.0,2.0,1.0,0.4,0.1,20.0,14,6014.429054707289,40,57,24,24,139
155701,3.0,5.0,4.0,7.0,2.0,1.0,0.4,0.1,20.0,15,6538.036318384111,44,60,26,24,148
155701,3.0,5.0,4.0,7.0,2.0,1.0,0.4,0.1,20.0,16,6972.545397980139,47,63,29,26,157
155701,3.0,5.0,4.0,7.0,2.0,1.0,0.4,0.1,20.0,17,7195.681747475173,49,72,30,27,169
155701,3.0,5.0,4.0,7.0,2.0,1.0,0.4,0.1,20.0,18,7414.602184343967,51,83,31,28,184
155701,3.0,5.0,4.0,7.0,2.0,1.0,0.4,0.1,20.0,19,7708.252730429958,52,95,31,30,197
155701,3.0,5.0,4.0,7.0,2.0,1.0,0.4,0.1,20.0,20,8175.315913037448,37,88,27,20,162
155701,3.0,5.0,4.0,7.0,2.0,1.0,0.4,0.1,20.0,21,8300.0,34,97,25,14,162
155701,3.0,5.0,4.0,7.0,2.0,1.0,0.4,0.1,20.0,22,7960.0,37,111,27,17,181
155701,3.0,5.0,4.0,7.0,2.0,1.0,0.4,0.1,20.0,23,7670.0,40,128,31,18,205
155701,3.0,5.0,4.0,7.0,2.0,1.0,0.4,0.1,20.0,24,7847.5,43,142,31,17,222
155701,3.0,5.0,4.0,7.0,2.0,1.0,0.4,0.1,20.0,25,8149.375,45,156,34,17,241
155701,3.0,5.0,4.0,7.0,2.0,1.0,0.4,0.1,20.0,26,8480.0,46,169,34,17,255
155701,3.0,5.0,4.0,7.0,2.0,1.0,0.4,0.1,20.0,27,8340.0,49,173,37,17,265
155701,3.0,5.0,4.0,7.0,2.0,1.0,0.4,0.1,20.0,28,8380.0,53,180,37,17,275
155701,3.0,5.0,4.0,7.0,2.0,1.0,0.4,0.1,20.0,29,8640.0,55,187,37,16,284
155701,3.0,5.0,4.0,7.0,2.0,1.0,0.4,0.1,20.0,30,8400.0,51,188,35,15,278
155701,3.0,5.0,4.0,7.0,2.0,1.0,0.4,0.1,20.0,31,8560.0,53,192,34,15,282
155701,3.0,5.0,4.0,7.0,2.0,1.0,0.4,0.1,20.0,32,8560.0,48,195,33,12,279
155701,3.0,5.0,4.0,7.0,2.0,1.0,0.4,0.1,20.0,33,8280.0,51,197,30,12,281
155701,3.0,5.0,4.0,7.0,2.0,1.0,0.4,0.1,20.0,34,8300.0,55,194,28,12,279
155701,3.0,5.0,4.0,7.0,2.0,1.0,0.4,0.1,20.0,35,8400.0,55,193,25,11,275
155701,3.0,5.0,4.0,7.0,2.0,1.0,0.4,0.1,20.0,36,8340.0,57,199,22,11,280
155701,3.0,5.0,4.0,7.0,2.0,1.0,0.4,0.1,20.0,37,8500.0,58,197,19,10,276
155701,3.0,5.0,4.0,7.0,2.0,1.0,0.4,0.1,20.0,38,8280.0,59,198,18,8,277
155701,3.0,5.0,4.0,7.0,2.0,1.0,0.4,0.1,20.0,39,8500.0,59,196,18,8,275
155701,3.0,5.0,4.0,7.0,2.0,1.0,0.4,0.1,20.0,40,8740.0,61,184,19,6,266
155701,3.0,5.0,4.0,7.0,2.0,1.0,0.4,0.1,20.0,41,8460.0,61,180,20,6,262
155701,3.0,5.0,4.0,7.0,2.0,1.0,0.4,0.1,20.0,42,8640.0,58,173,19,3,251
155701,3.0,5.0,4.0,7.0,2.0,1.0,0.4,0.1,20.0,43,8440.0,63,165,16,2,245
155701,3.0,5.0,4.0,7.0,2.0,1.0,0.4,0.1,20.0,44,8620.0,62,160,15,2,238
155701,3.0,5.0,4.0,7.0,2.0,1.0,0.4,0.1,20.0,45,8520.0,59,149,14,1,223
155701,3.0,5.0,4.0,7.0,2.0,1.0,0.4,0.1,20.0,46,8580.0,58,143,13,1,215
155701,3.0,5.0,4.0,7.0,2.0,1.0,0.4,0.1,20.0,47,8420.0,59,144,12,1,216
155701,3.0,5.0,4.0,7.0,2.0,1.0,0.4,0.1,20.0,48,8220.0,64,148,9,1,222
155701,3.0,5.0,4.0,7.0,2.0,1.0,0.4,0.1,20.0,49,8240.0,66,150,9,1,225
155701,3.0,5.0,4.0,7.0,2.0,1.0,0.4,0.1,20.0,50,8220.0,67,150,9,1,226
155701,3.0,5.0,4.0,7.0,2.0,1.0,0.4,0.1,20.0,51,8220.0,69,153,10,1,232
155701,3.0,5.0,4.0,7.0,2.0,1.0,0.4,0.1,20.0,52,8300.0,72,159,9,1,240
155701,3.0,5.0,4.0,7.0,2.0,1.0,0.4,0.1,20.0,53,8600.0,75,159,9,1,243
155701,3.0,5.0,4.0,7.0,2.0,1.0,0.4,0.1,20.0,54,8540.0,72,165,8,1,245
155701,3.0,5.0,4.0,7.0,2.0,1.0,0.4,0.1,20.0,55,8780.0,73,166,8,1,247
155701,3.0,5.0,4.0,7.0,2.0,1.0,0.4,0.1,20.0,56,8680.0,73,168,8,1,249
155701,3.0,5.0,4.0,7.0,2.0,1.0,0.4,0.1,20.0,57,8700.0,73,167,8,1,248
155701,3.0,5.0,4.0,7.0,2.0,1.0,0.4,0.1,20.0,58,8660.0,68,168,8,1,244
155701,3.0,5.0,4.0,7.0,2.0,1.0,0.4,0.1,20.0,59,8380.0,69,169,8,1,246
155701,3.0,5.0,4.0,7.0,2.0,1.0,0.4,0.1,20.0,60,8420.0,70,173,7,1,250
155701,3.0,5.0,4.0,7.0,2.0,1.0,0.4,0.1,20.0,61,8760.0,70,171,6,1,247
155701,3.0,5.0,4.0,7.0,2.0,1.0,0.4,0.1,20.0,62,8580.0,71,171,6,1,248
155701,3.0,5.0,4.0,7.0,2.0,1.0,0.4,0.1,20.0,63,8460.0,71,171,5,1,247
155701,3.0,5.0,4.0,7.0,2.0,1.0,0.4,0.1,20.0,64,8220.0,70,178,3,1,251
155701,3.0,5.0,4.0,7.0,2.0,1.0,0.4,0.1,20.0,65,8480.0,71,178,3,1,252
155701,3.0,5.0,4.0,7.0,2.0,1.0,0.4,0.1,20.0,66,8520.0,71,178,3,0,252
155701,3.0,5.0,4.0,7.0,2.0,1.0,0.4,0.1,20.0,67,8620.0,69,178,2,0,249
155701,3.0,5.0,4.0,7.0,2.0,1.0,0.4,0.1,20.0,68,8660.0,70,182,2,0,254
155701,3.0,5.0,4.0,7.0,2.0,1.0,0.4,0.1,20.0,69,8560.0,71,177,1,0,249
155701,3.0,5.0,4.0,7.0,2.0,1.0,0.4,0.1,20.0,70,8580.0,65,177,1,0,243
155701,3.0,5.0,4.0,7.0,2.0,1.0,0.4,0.1,20.0,71,8860.0,61,173,1,0,235
155701,3.0,5.0,4.0,7.0,2.0,1.0,0.4,0.1,20.0,72,8600.0,58,174,1,0,233
155701,3.0,5.0,4.0,7.0,2.0,1.0,0.4,0.1,20.0,73,8500.0,56,170,0,0,226
155701,3.0,5.0,4.0,7.0,2.0,1.0,0.4,0.1,20.0,74,8400.0,56,170,0,0,226
155701,3.0,5.0,4.0,7.0,2.0,1.0,0.4,0.1,20.0,75,8240.0,53,173,0,0,226
155701,3.0,5.0,4.0,7.0,2.0,1.0,0.4,0.1,20.0,76,8340.0,57,175,0,0,232
155701,3.0,5.0,4.0,7.0,2.0,1.0,0.4,0.1,20.0,77,8440.0,54,180,0,0,234
155701,3.0,5.0,4.0,7.0,2.0,1.0,0.4,0.1,20.0,78,8600.0,53,184,0,0,237
155701,3.0,5.0,4.0,7.0,2.0,1.0,0.4,0.1,20.0,79,8380.0,56,188,0,0,244
155701,3.0,5.0,4.0,7.0,2.0,1.0,0.4,0.1,20.0,80,8620.0,53,186,0,0,239
155701,3.0,5.0,4.0,7.0,2.0,1.0,0.4,0.1,20.0,81,8480.0,55,192,0,0,247
155701,3.0,5.0,4.0,7.0,2.0,1.0,0.4,0.1,20.0,82,8560.0,57,192,0,0,249
155701,3.0,5.0,4.0,7.0,2.0,1.0,0.4,0.1,20.0,83,8660.0,55,193,0,0,248
155701,3.0,5.0,4.0,7.0,2.0,1.0,0.4,0.1,20.0,84,8620.0,52,194,0,0,246
155701,3.0,5.0,4.0,7.0,2.0,1.0,0.4,0.1,20.0,85,8520.0,52,197,0,0,249
155701,3.0,5.0,4.0,7.0,2.0,1.0,0.4,0.1,20.0,86,8420.0,50,198,0,0,248
155701,3.0,5.0,4.0,7.0,2.0,1.0,0.4,0.1,20.0,87,8480.0,48,198,0,0,246
155701,3.0,5.0,4.0,7.0,2.0,1.0,0.4,0.1,20.0,88,8620.0,47,199,0,0,246
155701,3.0,5.0,4.0,7.0,2.0,1.0,0.4,0.1,20.0,89,8640.0,46,199,0,0,245
155701,3.0,5.0,4.0,7.0,2.0,1.0,0.4,0.1,20.0,90,8520.0,46,199,0,0,245
155701,3.0,5.0,4.0,7.0,2.0,1.0,0.4,0.1,20.0,91,8620.0,43,191,0,0,234
155701,3.0,5.0,4.0,7.0,2.0,1.0,0.4,0.1,20.0,92,8500.0,42,197,0,0,239
155701,3.0,5.0,4.0,7.0,2.0,1.0,0.4,0.1,20.0,93,8400.0,44,195,0,0,239
155701,3.0,5.0,4.0,7.0,2.0,1.0,0.4,0.1,20.0,94,8500.0,44,198,0,0,242
155701,3.0,5.0,4.0,7.0,2.0,1.0,0.4,0.1,20.0,95,8480.0,42,200,0,0,242
155701,3.0,5.0,4.0,7.0,2.0,1.0,0.4,0.1,20.0,96,8520.0,39,199,0,0,238
155701,3.0,5.0,4.0,7.0,2.0,1.0,0.4,0.1,20.0,97,8520.0,37,206,0,0,243
155701,3.0,5.0,4.0,7.0,2.0,1.0,0.4,0.1,20.0,98,8520.0,35,206,0,0,241
155701,3.0,5.0,4.0,7.0,2.0,1.0,0.4,0.1,20.0,99,8520.0,33,211,0,0,244
155701,3.0,5.0,4.0,7.0,2.0,1.0,0.4,0.1,20.0,100,8600.0,29,211,0,0,240
155701,3.0,5.0,4.0,7.0,2.0,1.0,0.4,0.1,20.0,101,8460.0,27,211,0,0,238
155701,3.0,5.0,4.0,7.0,2.0,1.0,0.4,0.1,20.0,102,8620.0,27,208,0,0,235
155701,3.0,5.0,4.0,7.0,2.0,1.0,0.4,0.1,20.0,103,8580.0,27,206,0,0,233
155701,3.0,5.0,4.0,7.0,2.0,1.0,0.4,0.1,20.0,104,8560.0,26,209,0,0,235
155701,3.0,5.0,4.0,7.0,2.0,1.0,0.4,0.1,20.0,105,8680.0,27,214,0,0,241
155701,3.0,5.0,4.0,7.0,2.0,1.0,0.4,0.1,20.0,106,8580.0,29,213,0,0,242
155701,3.0,5.0,4.0,7.0,2.0,1.0,0.4,0.1,20.0,107,8540.0,31,211,0,0,242
155701,3.0,5.0,4.0,7.0,2.0,1.0,0.4,0.1,20.0,108,8520.0,31,211,0,0,242
155701,3.0,5.0,4.0,7.0,2.0,1.0,0.4,0.1,20.0,109,8800.0,31,211,0,0,242
155701,3.0,5.0,4.0,7.0,2.0,1.0,0.4,0.1,20.0,110,8620.0,33,206,0,0,239
155701,3.0,5.0,4.0,7.0,2.0,1.0,0.4,0.1,20.0,111,8420.0,32,206,0,0,238
155701,3.0,5.0,4.0,7.0,2.0,1.0,0.4,0.1,20.0,112,8340.0,35,209,0,0,244
155701,3.0,5.0,4.0,7.0,2.0,1.0,0.4,0.1,20.0,113,8520.0,37,201,0,0,238
155701,3.0,5.0,4.0,7.0,2.0,1.0,0.4,0.1,20.0,114,8440.0,41,201,0,0,242
155701,3.0,5.0,4.0,7.0,2.0,1.0,0.4,0.1,20.0,115,8460.0,42,198,0,0,240
155701,3.0,5.0,4.0,7.0,2.0,1.0,0.4,0.1,20.0,116,8420.0,43,201,0,0,244
155701,3.0,5.0,4.0,7.0,2.0,1.0,0.4,0.1,20.0,117,8380.0,46,195,0,0,241
155701,3.0,5.0,4.0,7.0,2.0,1.0,0.4,0.1,20.0,118,8200.0,51,198,0,0,249
155701,3.0,5.0,4.0,7.0,2.0,1.0,0.4,0.1,20.0,119,8320.0,53,198,0,0,251
155701,3.0,5.0,4.0,7.0,2.0,1.0,0.4,0.1,20.0,120,8440.0,56,194,0,0,250
155701,3.0,5.0,4.0,7.0,2.0,1.0,0.4,0.1,20.0,121,8680.0,62,184,0,0,246
155701,3.0,5.0,4.0,7.0,2.0,1.0,0.4,0.1,20.0,122,8520.0,66,183,0,0,249
155701,3.0,5.0,4.0,7.0,2.0,1.0,0.4,0.1,20.0,123,8520.0,68,181,0,0,249
155701,3.0,5.0,4.0,7.0,2.0,1.0,0.4,0.1,20.0,124,8460.0,67,182,0,0,249
155701,3.0,5.0,4.0,7.0,2.0,1.0,0.4,0.1,20.0,125,8700.0,68,175,0,0,243
155701,3.0,5.0,4.0,7.0,2.0,1.0,0.4,0.1,20.0,126,8580.0,70,173,0,0,243
155701,3.0,5.0,4.0,7.0,2.0,1.0,0.4,0.1,20.0,127,8700.0,73,170,0,0,243
155701,3.0,5.0,4.0,7.0,2.0,1.0,0.4,0.1,20.0,128,8360.0,75,162,0,0,237
155701,3.0,5.0,4.0,7.0,2.0,1.0,0.4,0.1,20.0,129,8400.0,78,164,0,0,242
155701,3.0,5.0,4.0,7.0,2.0,1.0,0.4,0.1,20.0,130,8360.0,83,162,0,0,245
155701,3.0,5.0,4.0,7.0,2.0,1.0,0.4,0.1,20.0,131,8560.0,87,162,0,0,249
155701,3.0,5.0,4.0,7.0,2.0,1.0,0.4,0.1,20.0,132,8500.0,86,160,0,0,246
155701,3.0,5.0,4.0,7.0,2.0,1.0,0.4,0.1,20.0,133,8420.0,89,163,0,0,252
155701,3.0,5.0,4.0,7.0,2.0,1.0,0.4,0.1,20.0,134,8540.0,90,156,0,0,246
155701,3.0,5.0,4.0,7.0,2.0,1.0,0.4,0.1,20.0,135,8640.0,94,148,0,0,242
155701,3.0,5.0,4.0,7.0,2.0,1.0,0.4,0.1,20.0,136,8800.0,92,142,0,0,234
155701,3.0,5.0,4.0,7.0,2.0,1.0,0.4,0.1,20.0,137,8640.0,95,143,0,0,238
155701,3.0,5.0,4.0,7.0,2.0,1.0,0.4,0.1,20.0,138,8640.0,99,139,0,0,238
155701,3.0,5.0,4.0,7.0,2.0,1.0,0.4,0.1,20.0,139,8460.0,100,136,0,0,236
155701,3.0,5.0,4.0,7.0,2.0,1.0,0.4,0.1,20.0,140,8420.0,99,133,0,0,232
155701,3.0,5.0,4.0,7.0,2.0,1.0,0.4,0.1,20.0,141,8500.0,99,134,0,0,233
155701,3.0,5.0,4.0,7.0,2.0,1.0,0.4,0.1,20.0,142,8440.0,101,131,0,0,232
155701,3.0,5.0,4.0,7.0,2.0,1.0,0.4,0.1,20.0,143,8400.0,106,135,0,0,241
155701,3.0,5.0,4.0,7.0,2.0,1.0,0.4,0.1,20.0,144,8140.0,110,134,0,0,244
155701,3.0,5.0,4.0,7.0,2.0,1.0,0.4,0.1,20.0,145,8340.0,108,135,0,0,243
155701,3.0,5.0,4.0,7.0,2.0,1.0,0.4,0.1,20.0,146,8560.0,115,129,0,0,244
155701,3.0,5.0,4.0,7.0,2.0,1.0,0.4,0.1,20.0,147,8400.0,113,131,0,0,244
155701,3.0,5.0,4.0,7.0,2.0,1.0,0.4,0.1,20.0,148,8480.0,117,129,0,0,246
155701,3.0,5.0,4.0,7.0,2.0,1.0,0.4,0.1,20.0,149,8680.0,123,124,0,0,247
155701,3.0,5.0,4.0,7.0,2.0,1.0,0.4,0.1,20.0,150,8500.0,126,121,0,0,247
155701,3.0,5.0,4.0,7.0,2.0,1.0,0.4,0.1,20.0,151,8640.0,125,114,0,0,239
155701,3.0,5.0,4.0,7.0,2.0,1.0,0.4,0.1,20.0,152,8360.0,130,111,0,0,241
155701,3.0,5.0,4.0,7.0,2.0,1.0,0.4,0.1,20.0,153,8360.0,134,115,0,0,249
155701,3.0,5.0,4.0,7.0,2.0,1.0,0.4,0.1,20.0,154,8340.0,143,111,0,0,254
155701,3.0,5.0,4.0,7.0,2.0,1.0,0.4,0.1,20.0,155,8600.0,141,114,0,0,255
155701,3.0,5.0,4.0,7.0,2.0,1.0,0.4,0.1,20.0,156,8360.0,145,114,0,0,259
155701,3.0,5.0,4.0,7.0,2.0,1.0,0.4,0.1,20.0,157,8180.0,147,114,0,0,261
155701,3.0,5.0,4.0,7.0,2.0,1.0,0.4,0.1,20.0,158,8180.0,146,116,0,0,262
155701,3.0,5.0,4.0,7.0,2.0,1.0,0.4,0.1,20.0,159,8640.0,147,116,0,0,263
155701,3.0,5.0,4.0,7.0,2.0,1.0,0.4,0.1,20.0,160,8540.0,145,112,0,0,257
155701,3.0,5.0,4.0,7.0,2.0,1.0,0.4,0.1,20.0,161,8320.0,145,115,0,0,260
155701,3.0,5.0,4.0,7.0,2.0,1.0,0.4,0.1,20.0,162,8480.0,144,116,0,0,260
155701,3.0,5.0,4.0,7.0,2.0,1.0,0.4,0.1,20.0,163,8520.0,147,112,0,0,259
155701,3.0,5.0,4.0,7.0,2.0,1.0,0.4,0.1,20.0,164,8460.0,145,108,0,0,253
155701,3.0,5.0,4.0,7.0,2.0,1.0,0.4,0.1,20.0,165,8640.0,146,104,1,0,251
155701,3.0,5.0,4.0,7.0,2.0,1.0,0.4,0.1,20.0,166,8640.0,146,99,1,0,246
155701,3.0,5.0,4.0,7.0,2.0,1.0,0.4,0.1,20.0,167,8660.0,149,94,1,0,244
155701,3.0,5.0,4.0,7.0,2.0,1.0,0.4,0.1,20.0,168,8660.0,148,90,1,0,239
155701,3.0,5.0,4.0,7.0,2.0,1.0,0.4,0.1,20.0,169,8760.0,144,91,1,0,236
155701,3.0,5.0,4.0,7.0,2.0,1.0,0.4,0.1,20.0,170,8520.0,139,90,1,0,230
155701,3.0,5.0,4.0,7.0,2.0,1.0,0.4,0.1,20.0,171,8500.0,138,92,1,0,231
155701,3.0,5.0,4.0,7.0,2.0,1.0,0.4,0.1,20.0,172,8360.0,140,93,1,0,234
155701,3.0,5.0,4.0,7.0,2.0,1.0,0.4,0.1,20.0,173,8460.0,141,92,1,0,234
155701,3.0,5.0,4.0,7.0,2.0,1.0,0.4,0.1,20.0,174,8400.0,140,92,1,0,233
155701,3.0,5.0,4.0,7.0,2.0,1.0,0.4,0.1,20.0,175,8380.0,149,88,2,0,239
155701,3.0,5.0,4.0,7.0,2.0,1.0,0.4,0.1,20.0,176,8440.0,153,88,3,0,244
155701,3.0,5.0,4.0,7.0,2.0,1.0,0.4,0.1,20.0,177,8640.0,156,83,3,0,242
155701,3.0,5.0,4.0,7.0,2.0,1.0,0.4,0.1,20.0,178,8560.0,161,79,3,0,243
155701,3.0,5.0,4.0,7.0,2.0,1.0,0.4,0.1,20.0,179,8160.0,162,73,3,0,238
155701,3.0,5.0,4.0,7.0,2.0,1.0,0.4,0.1,20.0,180,8160.0,167,72,3,0,242
155701,3.0,5.0,4.0,7.0,2.0,1.0,0.4,0.1,20.0,181,8400.0,176,72,3,0,251
155701,3.0,5.0,4.0,7.0,2.0,1.0,0.4,0.1,20.0,182,8380.0,180,68,3,0,251
155701,3.0,5.0,4.0,7.0,2.0,1.0,0.4,0.1,20.0,183,8480.0,181,62,3,0,246
155701,3.0,5.0,4.0,7.0,2.0,1.0,0.4,0.1,20.0,184,8600.0,182,60,3,0,245
155701,3.0,5.0,4.0,7.0,2.0,1.0,0.4,0.1,20.0,185,8680.0,181,59,3,0,243
155701,3.0,5.0,4.0,7.0,2.0,1.0,0.4,0.1,20.0,186,8600.0,184,57,2,0,243
155701,3.0,5.0,4.0,7.0,2.0,1.0,0.4,0.1,20.0,187,8600.0,186,57,2,0,245
155701,3.0,5.0,4.0,7.0,2.0,1.0,0.4,0.1,20.0,188,8560.0,186,55,2,0,243
155701,3.0,5.0,4.0,7.0,2.0,1.0,0.4,0.1,20.0,189,8580.0,184,56,2,0,242
155701,3.0,5.0,4.0,7.0,2.0,1.0,0.4,0.1,20.0,190,8660.0,188,53,2,0,243
155701,3.0,5.0,4.0,7.0,2.0,1.0,0.4,0.1,20.0,191,8620.0,188,51,2,0,241
155701,3.0,5.0,4.0,7.0,2.0,1.0,0.4,0.1,20.0,192,8460.0,193,51,2,0,246
155701,3.0,5.0,4.0,7.0,2.0,1.0,0.4,0.1,20.0,193,8420.0,195,46,2,0,243
155701,3.0,5.0,4.0,7.0,2.0,1.0,0.4,0.1,20.0,194,8480.0,189,47,2,0,238
155701,3.0,5.0,4.0,7.0,2.0,1.0,0.4,0.1,20.0,195,8360.0,189,42,2,0,233
155701,3.0,5.0,4.0,7.0,2.0,1.0,0.4,0.1,20.0,196,8620.0,186,43,1,0,230
155701,3.0,5.0,4.0,7.0,2.0,1.0,0.4,0.1,20.0,197,8360.0,183,45,0,0,228
155701,3.0,5.0,4.0,7.0,2.0,1.0,0.4,0.1,20.0,198,8340.0,193,42,0,0,235
155701,3.0,5.0,4.0,7.0,2.0,1.0,0.4,0.1,20.0,199,8400.0,198,42,0,0,240
155701,3.0,5.0,4.0,7.0,2.0,1.0,0.4,0.1,20.0,200,8440.0,204,41,0,0,245
155701,3.0,5.0,4.0,7.0,2.0,1.0,0.4,0.1,20.0,201,8520.0,202,42,0,0,244
155701,3.0,5.0,4.0,7.0,2.0,1.0,0.4,0.1,20.0,202,8560.0,202,43,0,0,245
155701,3.0,5.0,4.0,7.0,2.0,1.0,0.4,0.1,20.0,203,8420.0,205,41,0,0,246
155701,3.0,5.0,4.0,7.0,2.0,1.0,0.4,0.1,20.0,204,8600.0,198,43,0,0,241
155701,3.0,5.0,4.0,7.0,2.0,1.0,0.4,0.1,20.0,205,8560.0,200,43,0,0,243
155701,3.0,5.0,4.0,7.0,2.0,1.0,0.4,0.1,20.0,206,8620.0,199,44,0,0,243
155701,3.0,5.0,4.0,7.0,2.0,1.0,0.4,0.1,20.0,207,8360.0,201,44,0,0,245
155701,3.0,5.0,4.0,7.0,2.0,1.0,0.4,0.1,20.0,208,8480.0,199,47,0,0,246
155701,3.0,5.0,4.0,7.0,2.0,1.0,0.4,0.1,20.0,209,8460.0,202,51,0,0,253
155701,3.0,5.0,4.0,7.0,2.0,1.0,0.4,0.1,20.0,210,8620.0,204,48,0,0,252
155701,3.0,5.0,4.0,7.0,2.0,1.0,0.4,0.1,20.0,211,8620.0,199,49,0,0,248
155701,3.0,5.0,4.0,7.0,2.0,1.0,0.4,0.1,20.0,212,8420.0,195,51,0,0,246
155701,3.0,5.0,4.0,7.0,2.0,1.0,0.4,0.1,20.0,213,8620.0,192,52,0,0,244
155701,3.0,5.0,4.0,7.0,2.0,1.0,0.4,0.1,20.0,214,8560.0,187,52,0,0,239
155701,3.0,5.0,4.0,7.0,2.0,1.0,0.4,0.1,20.0,215,8340.0,190,54,0,0,244
155701,3.0,5.0,4.0,7.0,2.0,1.0,0.4,0.1,20.0,216,8260.0,193,57,0,0,250
155701,3.0,5.0,4.0,7.0,2.0,1.0,0.4,0.1,20.0,217,8340.0,194,60,0,0,254
155701,3.0,5.0,4.0,7.0,2.0,1.0,0.4,0.1,20.0,218,8460.0,192,58,0,0,250
155701,3.0,5.0,4.0,7.0,2.0,1.0,0.4,0.1,20.0,219,8420.0,181,62,0,0,243
155701,3.0,5.0,4.0,7.0,2.0,1.0,0.4,0.1,20.0,220,8560.0,189,59,0,0,248
155701,3.0,5.0,4.0,7.0,2.0,1.0,0.4,0.1,20.0,221,8860.0,182,58,0,0,240
155701,3.0,5.0,4.0,7.0,2.0,1.0,0.4,0.1,20.0,222,8640.0,178,54,0,0,232
155701,3.0,5.0,4.0,7.0,2.0,1.0,0.4,0.1,20.0,223,8540.0,178,57,0,0,235
155701,3.0,5.0,4.0,7.0,2.0,1.0,0.4,0.1,20.0,224,8420.0,171,60,0,0,231
155701,3.0,5.0,4.0,7.0,2.0,1.0,0.4,0.1,20.0,225,8340.0,173,67,0,0,240
155701,3.0,5.0,4.0,7.0,2.0,1.0,0.4,0.1,20.0,226,8380.0,178,69,0,0,247
155701,3.0,5.0,4.0,7.0,2.0,1.0,0.4,0.1,20.0,227,8640.0,178,68,0,0,246
155701,3.0,5.0,4.0,7.0,2.0,1.0,0.4,0.1,20.0,228,8740.0,175,67,0,0,242
155701,3.0,5.0,4.0,7.0,2.0,1.0,0.4,0.1,20.0,229,8580.0,176,67,0,0,243
155701,3.0,5.0,4.0,7.0,2.0,1.0,0.4,0.1,20.0,230,8580.0,172,66,0,0,238
155701,3.0,5.0,4.0,7.0,2.0,1.0,0.4,0.1,20.0,231,8740.0,170,61,0,0,231
155701,3.0,5.0,4.0,7.0,2.0,1.0,0.4,0.1,20.0,232,8360.0,171,63,0,0,234
155701,3.0,5.0,4.0,7.0,2.0,1.0,0.4,0.1,20.0,233,8360.0,179,61,0,0,240
155701,3.0,5.0,4.0,7.0,2.0,1.0,0.4,0.1,20.0,234,8580.0,179,61,0,0,240
155701,3.0,5.0,4.0,7.0,2.0,1.0,0.4,0.1,20.0,235,8480.0,180,64,0,0,244
155701,3.0,5.0,4.0,7.0,2.0,1.0,0.4,0.1,20.0,236,8680.0,179,67,0,0,246
155701,3.0,5.0,4.0,7.0,2.0,1.0,0.4,0.1,20.0,237,8580.0,178,65,0,0,243
155701,3.0,5.0,4.0,7.0,2.0,1.0,0.4,0.1,20.0,238,8640.0,176,66,0,0,242
155701,3.0,5.0,4.0,7.0,2.0,1.0,0.4,0.1,20.0,239,8700.0,176,67,0,0,243
155701,3.0,5.0,4.0,7.0,2.0,1.0,0.4,0.1,20.0,240,8500.0,176,63,0,0,239
155701,3.0,5.0,4.0,7.0,2.0,1.0,0.4,0.1,20.0,241,8500.0,173,64,0,0,237
155701,3.0,5.0,4.0,7.0,2.0,1.0,0.4,0.1,20.0,242,8560.0,174,63,0,0,237
155701,3.0,5.0,4.0,7.0,2.0,1.0,0.4,0.1,20.0,243,8380.0,174,63,0,0,237
155701,3.0,5.0,4.0,7.0,2.0,1.0,0.4,0.1,20.0,244,8620.0,172,64,0,0,236
155701,3.0,5.0,4.0,7.0,2.0,1.0,0.4,0.1,20.0,245,8760.0,173,62,0,0,235
155701,3.0,5.0,4.0,7.0,2.0,1.0,0.4,0.1,20.0,246,8480.0,174,58,0,0,232
155701,3.0,5.0,4.0,7.0,2.0,1.0,0.4,0.1,20.0,247,8340.0,172,54,0,0,226
155701,3.0,5.0,4.0,7.0,2.0,1.0,0.4,0.1,20.0,248,8280.0,176,53,0,0,229
155701,3.0,5.0,4.0,7.0,2.0,1.0,0.4,0.1,20.0,249,8320.0,179,56,0,0,235
155701,3.0,5.0,4.0,7.0,2.0,1.0,0.4,0.1,20.0,250,8460.0,183,58,0,0,241
155701,3.0,5.0,4.0,7.0,2.0,1.0,0.4,0.1,20.0,251,8200.0,187,58,0,0,245
155701,3.0,5.0,4.0,7.0,2.0,1.0,0.4,0.1,20.0,252,8280.0,192,60,0,0,252
155701,3.0,5.0,4.0,7.0,2.0,1.0,0.4,0.1,20.0,253,8240.0,194,58,0,0,252
155701,3.0,5.0,4.0,7.0,2.0,1.0,0.4,0.1,20.0,254,8640.0,193,56,0,0,249
155701,3.0,5.0,4.0,7.0,2.0,1.0,0.4,0.1,20.0,255,8760.0,188,57,0,0,245
155701,3.0,5.0,4.0,7.0,2.0,1.0,0.4,0.1,20.0,256,8720.0,183,53,0,0,236
155701,3.0,5.0,4.0,7.0,2.0,1.0,0.4,0.1,20.0,257,8760.0,184,54,0,0,238
155701,3.0,5.0,4.0,7.0,2.0,1.0,0.4,0.1,20.0,258,8600.0,182,53,0,0,235
155701,3.0,5.0,4.0,7.0,2.0,1.0,0.4,0.1,20.0,259,8540.0,187,52,0,0,239
155701,3.0,5.0,4.0,7.0,2.0,1.0,0.4,0.1,20.0,260,8580.0,186,51,0,0,237
155701,3.0,5.0,4.0,7.0,2.0,1.0,0.4,0.1,20.0,261,8520.0,185,51,0,0,236
155701,3.0,5.0,4.0,7.0,2.0,1.0,0.4,0.1,20.0,262,8500.0,184,53,0,0,237
155701,3.0,5.0,4.0,7.0,2.0,1.0,0.4,0.1,20.0,263,8620.0,183,52,0,0,235
155701,3.0,5.0,4.0,7.0,2.0,1.0,0.4,0.1,20.0,264,8520.0,183,55,0,0,238
155701,3.0,5.0,4.0,7.0,2.0,1.0,0.4,0.1,20.0,265,8480.0,185,53,0,0,238
155701,3.0,5.0,4.0,7.0,2.0,1.0,0.4,0.1,20.0,266,8580.0,185,52,0,0,237
155701,3.0,5.0,4.0,7.0,2.0,1.0,0.4,0.1,20.0,267,8640.0,192,49,0,0,241
155701,3.0,5.0,4.0,7.0,2.0,1.0,0.4,0.1,20.0,268,8440.0,192,48,0,0,240
155701,3.0,5.0,4.0,7.0,2.0,1.0,0.4,0.1,20.0,269,8480.0,195,51,0,0,246
155701,3.0,5.0,4.0,7.0,2.0,1.0,0.4,0.1,20.0,270,8300.0,195,47,0,0,242
155701,3.0,5.0,4.0,7.0,2.0,1.0,0.4,0.1,20.0,271,8740.0,186,44,0,0,230
155701,3.0,5.0,4.0,7.0,2.0,1.0,0.4,0.1,20.0,272,8480.0,187,42,0,0,229
155701,3.0,5.0,4.0,7.0,2.0,1.0,0.4,0.1,20.0,273,8480.0,185,40,0,0,225
155701,3.0,5.0,4.0,7.0,2.0,1.0,0.4,0.1,20.0,274,8440.0,186,39,0,0,225
155701,3.0,5.0,4.0,7.0,2.0,1.0,0.4,0.1,20.0,275,8340.0,193,37,0,0,230
155701,3.0,5.0,4.0,7.0,2.0,1.0,0.4,0.1,20.0,276,8300.0,205,37,0,0,242
155701,3.0,5.0,4.0,7.0,2.0,1.0,0.4,0.1,20.0,277,8300.0,209,38,0,0,247
155701,3.0,5.0,4.0,7.0,2.0,1.0,0.4,0.1,20.0,278,8540.0,214,37,0,0,251
155701,3.0,5.0,4.0,7.0,2.0,1.0,0.4,0.1,20.0,279,8480.0,216,36,0,0,252
155701,3.0,5.0,4.0,7.0,2.0,1.0,0.4,0.1,20.0,280,8620.0,221,31,0,0,252
155701,3.0,5.0,4.0,7.0,2.0,1.0,0.4,0.1,20.0,281,8480.0,217,32,0,0,249
155701,3.0,5.0,4.0,7.0,2.0,1.0,0.4,0.1,20.0,282,8780.0,217,29,0,0,246
155701,3.0,5.0,4.0,7.0,2.0,1.0,0.4,0.1,20.0,283,8520.0,221,24,0,0,245
155701,3.0,5.0,4.0,7.0,2.0,1.0,0.4,0.1,20.0,284,8360.0,221,24,0,0,245
155701,3.0,5.0,4.0,7.0,2.0,1.0,0.4,0.1,20.0,285,8360.0,227,25,0,0,252
155701,3.0,5.0,4.0,7.0,2.0,1.0,0.4,0.1,20.0,286,8260.0,231,22,0,0,253
155701,3.0,5.0,4.0,7.0,2.0,1.0,0.4,0.1,20.0,287,8440.0,235,23,0,0,258
155701,3.0,5.0,4.0,7.0,2.0,1.0,0.4,0.1,20.0,288,8360.0,232,22,0,0,254
155701,3.0,5.0,4.0,7.0,2.0,1.0,0.4,0.1,20.0,289,8280.0,230,25,0,0,255
155701,3.0,5.0,4.0,7.0,2.0,1.0,0.4,0.1,20.0,290,8480.0,230,25,0,0,255
155701,3.0,5.0,4.0,7.0,2.0,1.0,0.4,0.1,20.0,291,8460.0,232,25,0,0,257
155701,3.0,5.0,4.0,7.0,2.0,1.0,0.4,0.1,20.0,292,8540.0,234,22,0,0,256
155701,3.0,5.0,4.0,7.0,2.0,1.0,0.4,0.1,20.0,293,8340.0,234,23,0,0,257
155701,3.0,5.0,4.0,7.0,2.0,1.0,0.4,0.1,20.0,294,8480.0,234,23,0,0,257
155701,3.0,5.0,4.0,7.0,2.0,1.0,0.4,0.1,20.0,295,8560.0,231,21,0,0,252
155701,3.0,5.0,4.0,7.0,2.0,1.0,0.4,0.1,20.0,296,8700.0,226,22,0,0,248
155701,3.0,5.0,4.0,7.0,2.0,1.0,0.4,0.1,20.0,297,8640.0,223,24,0,0,247
155701,3.0,5.0,4.0,7.0,2.0,1.0,0.4,0.1,20.0,298,8620.0,214,25,0,0,239
155701,3.0,5.0,4.0,7.0,2.0,1.0,0.4,0.1,20.0,299,8600.0,213,24,0,0,237
155701,3.0,5.0,4.0,7.0,2.0,1.0,0.4,0.1,20.0,300,8620.0,215,23,0,0,238
155701,3.0,5.0,4.0,7.0,2.0,1.0,0.4,0.1,20.0,301,8500.0,210,25,0,0,235
155701,3.0,5.0,4.0,7.0,2.0,1.0,0.4,0.1,20.0,302,8460.0,208,26,0,0,234
155701,3.0,5.0,4.0,7.0,2.0,1.0,0.4,0.1,20.0,303,8600.0,207,27,0,0,234
155701,3.0,5.0,4.0,7.0,2.0,1.0,0.4,0.1,20.0,304,8520.0,206,28,0,0,234
155701,3.0,5.0,4.0,7.0,2.0,1.0,0.4,0.1,20.0,305,8460.0,207,29,0,0,236
155701,3.0,5.0,4.0,7.0,2.0,1.0,0.4,0.1,20.0,306,8440.0,208,29,0,0,237
155701,3.0,5.0,4.0,7.0,2.0,1.0,0.4,0.1,20.0,307,8340.0,211,30,0,0,241
155701,3.0,5.0,4.0,7.0,2.0,1.0,0.4,0.1,20.0,308,8480.0,213,31,0,0,244
155701,3.0,5.0,4.0,7.0,2.0,1.0,0.4,0.1,20.0,309,8440.0,214,28,0,0,242
155701,3.0,5.0,4.0,7.0,2.0,1.0,0.4,0.1,20.0,310,8560.0,211,29,0,0,240
155701,3.0,5.0,4.0,7.0,2.0,1.0,0.4,0.1,20.0,311,8500.0,211,27,0,0,238
155701,3.0,5.0,4.0,7.0,2.0,1.0,0.4,0.1,20.0,312,8640.0,216,27,0,0,243
155701,3.0,5.0,4.0,7.0,2.0,1.0,0.4,0.1,20.0,313,8600.0,213,25,0,0,238
155701,3.0,5.0,4.0,7.0,2.0,1.0,0.4,0.1,20.0,314,8280.0,217,26,0,0,243
155701,3.0,5.0,4.0,7.0,2.0,1.0,0.4,0.1,20.0,315,8420.0,222,25,0,0,247
155701,3.0,5.0,4.0,7.0,2.0,1.0,0.4,0.1,20.0,316,8380.0,222,25,0,0,247
155701,3.0,5.0,4.0,7.0,2.0,1.0,0.4,0.1,20.0,317,8440.0,221,25,0,0,246
155701,3.0,5.0,4.0,7.0,2.0,1.0,0.4,0.1,20.0,318,8600.0,222,24,0,0,246
155701,3.0,5.0,4.0,7.0,2.0,1.0,0.4,0.1,20.0,319,8540.0,225,22,0,0,247
155701,3.0,5.0,4.0,7.0,2.0,1.0,0.4,0.1,20.0,320,8560.0,224,24,0,0,248
155701,3.0,5.0,4.0,7.0,2.0,1.0,0.4,0.1,20.0,321,8640.0,219,25,0,0,244
155701,3.0,5.0,4.0,7.0,2.0,1.0,0.4,0.1,20.0,322,8880.0,211,23,0,0,234
155701,3.0,5.0,4.0,7.0,2.0,1.0,0.4,0.1,20.0,323,8760.0,213,23,0,0,236
155701,3.0,5.0,4.0,7.0,2.0,1.0,0.4,0.1,20.0,324,8460.0,212,22,0,0,234
155701,3.0,5.0,4.0,7.0,2.0,1.0,0.4,0.1,20.0,325,8200.0,206,24,0,0,230
155701,3.0,5.0,4.0,7.0,2.0,1.0,0.4,0.1,20.0,326,8200.0,213,23,0,0,236
155701,3.0,5.0,4.0,7.0,2.0,1.0,0.4,0.1,20.0,327,8340.0,212,22,0,0,234
155701,3.0,5.0,4.0,7.0,2.0,1.0,0.4,0.1,20.0,328,8360.0,220,23,0,0,243
155701,3.0,5.0,4.0,7.0,2.0,1.0,0.4,0.1,20.0,329,8280.0,222,22,0,0,244
155701,3.0,5.0,4.0,7.0,2.0,1.0,0.4,0.1,20.0,330,8300.0,221,20,0,0,241
155701,3.0,5.0,4.0,7.0,2.0,1.0,0.4,0.1,20.0,331,8440.0,226,21,0,0,247
155701,3.0,5.0,4.0,7.0,2.0,1.0,0.4,0.1,20.0,332,8660.0,228,21,0,0,249
155701,3.0,5.0,4.0,7.0,2.0,1.0,0.4,0.1,20.0,333,8480.0,232,20,0,0,252
155701,3.0,5.0,4.0,7.0,2.0,1.0,0.4,0.1,20.0,334,8800.0,229,21,0,0,250
155701,3.0,5.0,4.0,7.0,2.0,1.0,0.4,0.1,20.0,335,8900.0,224,20,0,0,244
155701,3.0,5.0,4.0,7.0,2.0,1.0,0.4,0.1,20.0,336,8440.0,219,19,0,0,238
155701,3.0,5.0,4.0,7.0,2.0,1.0,0.4,0.1,20.0,337,8340.0,213,19,0,0,232
155701,3.0,5.0,4.0,7.0,2.0,1.0,0.4,0.1,20.0,338,8500.0,218,17,0,0,235
155701,3.0,5.0,4.0,7.0,2.0,1.0,0.4,0.1,20.0,339,8580.0,220,16,0,0,236
155701,3.0,5.0,4.0,7.0,2.0,1.0,0.4,0.1,20.0,340,8460.0,224,16,0,0,240
155701,3.0,5.0,4.0,7.0,2.0,1.0,0.4,0.1,20.0,341,8660.0,227,15,0,0,242
155701,3.0,5.0,4.0,7.0,2.0,1.0,0.4,0.1,20.0,342,8460.0,228,12,0,0,240
155701,3.0,5.0,4.0,7.0,2.0,1.0,0.4,0.1,20.0,343,8580.0,235,11,0,0,246
155701,3.0,5.0,4.0,7.0,2.0,1.0,0.4,0.1,20.0,344,8580.0,235,12,0,0,247
155701,3.0,5.0,4.0,7.0,2.0,1.0,0.4,0.1,20.0,345,8600.0,237,13,0,0,250
155701,3.0,5.0,4.0,7.0,2.0,1.0,0.4,0.1,20.0,346,8580.0,232,12,0,0,244
155701,3.0,5.0,4.0,7.0,2.0,1.0,0.4,0.1,20.0,347,8640.0,229,11,0,0,240
155701,3.0,5.0,4.0,7.0,2.0,1.0,0.4,0.1,20.0,348,8660.0,228,11,0,0,239
155701,3.0,5.0,4.0,7.0,2.0,1.0,0.4,0.1,20.0,349,8500.0,224,10,0,0,234
155701,3.0,5.0,4.0,7.0,2.0,1.0,0.4,0.1,20.0,350,8540.0,220,11,0,0,231
155701,3.0,5.0,4.0,7.0,2.0,1.0,0.4,0.1,20.0,351,8580.0,217,10,0,0,227
155701,3.0,5.0,4.0,7.0,2.0,1.0,0.4,0.1,20.0,352,8260.0,217,9,0,0,226
155701,3.0,5.0,4.0,7.0,2.0,1.0,0.4,0.1,20.0,353,8140.0,218,8,0,0,226
155701,3.0,5.0,4.0,7.0,2.0,1.0,0.4,0.1,20.0,354,8100.0,227,10,0,0,237
155701,3.0,5.0,4.0,7.0,2.0,1.0,0.4,0.1,20.0,355,8400.0,226,11,0,0,237
155701,3.0,5.0,4.0,7.0,2.0,1.0,0.4,0.1,20.0,356,8680.0,234,9,0,0,243
155701,3.0,5.0,4.0,7.0,2.0,1.0,0.4,0.1,20.0,357,8580.0,242,9,0,0,251
155701,3.0,5.0,4.0,7.0,2.0,1.0,0.4,0.1,20.0,358,8400.0,244,8,0,0,252
155701,3.0,5.0,4.0,7.0,2.0,1.0,0.4,0.1,20.0,359,8580.0,248,8,0,0,256
155701,3.0,5.0,4.0,7.0,2.0,1.0,0.4,0.1,20.0,360,8400.0,247,8,0,0,255
155701,3.0,5.0,4.0,7.0,2.0,1.0,0.4,0.1,20.0,361,8640.0,251,8,0,0,259
155701,3.0,5.0,4.0,7.0,2.0,1.0,0.4,0.1,20.0,362,8860.0,250,7,0,0,257
155701,3.0,5.0,4.0,7.0,2.0,1.0,0.4,0.1,20.0,363,8580.0,241,7,0,0,248
155701,3.0,5.0,4.0,7.0,2.0,1.0,0.4,0.1,20.0,364,8480.0,241,7,0,0,248
155701,3.0,5.0,4.0,7.0,2.0,1.0,0.4,0.1,20.0,365,8580.0,240,6,0,0,246
155701,3.0,5.0,4.0,7.0,2.0,1.0,0.4,0.1,20.0,366,8500.0,243,6,0,0,249
155701,3.0,5.0,4.0,7.0,2.0,1.0,0.4,0.1,20.0,367,8420.0,235,6,0,0,241
155701,3.0,5.0,4.0,7.0,2.0,1.0,0.4,0.1,20.0,368,8600.0,229,6,0,0,235
155701,3.0,5.0,4.0,7.0,2.0,1.0,0.4,0.1,20.0,369,8320.0,236,5,0,0,241
155701,3.0,5.0,4.0,7.0,2.0,1.0,0.4,0.1,20.0,370,8260.0,241,4,0,0,245
155701,3.0,5.0,4.0,7.0,2.0,1.0,0.4,0.1,20.0,371,8360.0,250,3,0,0,253
155701,3.0,5.0,4.0,7.0,2.0,1.0,0.4,0.1,20.0,372,8700.0,249,3,0,0,252
155701,3.0,5.0,4.0,7.0,2.0,1.0,0.4,0.1,20.0,373,8480.0,251,3,0,0,254
155701,3.0,5.0,4.0,7.0,2.0,1.0,0.4,0.1,20.0,374,8580.0,245,3,0,0,248
155701,3.0,5.0,4.0,7.0,2.0,1.0,0.4,0.1,20.0,375,8660.0,242,3,0,0,245
155701,3.0,5.0,4.0,7.0,2.0,1.0,0.4,0.1,20.0,376,8600.0,239,1,0,0,240
155701,3.0,5.0,4.0,7.0,2.0,1.0,0.4,0.1,20.0,377,8480.0,237,1,0,0,238
155701,3.0,5.0,4.0,7.0,2.0,1.0,0.4,0.1,20.0,378,8260.0,240,0,0,0,240
155701,3.0,5.0,4.0,7.0,2.0,1.0,0.4,0.1,20.0,379,8340.0,245,0,0,0,245
155701,3.0,5.0,4.0,7.0,2.0,1.0,0.4,0.1,20.0,380,8620.0,237,0,0,0,237
155701,3.0,5.0,4.0,7.0,2.0,1.0,0.4,0.1,20.0,381,8560.0,235,0,0,0,235
155701,3.0,5.0,4.0,7.0,2.0,1.0,0.4,0.1,20.0,382,8420.0,239,0,0,0,239
155701,3.0,5.0,4.0,7.0,2.0,1.0,0.4,0.1,20.0,383,8340.0,246,0,0,0,246
155701,3.0,5.0,4.0,7.0,2.0,1.0,0.4,0.1,20.0,384,8560.0,250,0,0,0,250
155701,3.0,5.0,4.0,7.0,2.0,1.0,0.4,0.1,20.0,385,8580.0,256,0,0,0,256
155701,3.0,5.0,4.0,7.0,2.0,1.0,0.4,0.1,20.0,386,8580.0,249,0,0,0,249
155701,3.0,5.0,4.0,7.0,2.0,1.0,0.4,0.1,20.0,387,8260.0,256,0,0,0,256
155701,3.0,5.0,4.0,7.0,2.0,1.0,0.4,0.1,20.0,388,8360.0,254,0,0,0,254
155701,3.0,5.0,4.0,7.0,2.0,1.0,0.4,0.1,20.0,389,8400.0,256,0,0,0,256
155701,3.0,5.0,4.0,7.0,2.0,1.0,0.4,0.1,20.0,390,8440.0,256,0,0,0,256
155701,3.0,5.0,4.0,7.0,2.0,1.0,0.4,0.1,20.0,391,8360.0,256,0,0,0,256
155701,3.0,5.0,4.0,7.0,2.0,1.0,0.4,0.1,20.0,392,8460.0,253,0,0,0,253
155701,3.0,5.0,4.0,7.0,2.0,1.0,0.4,0.1,20.0,393,8600.0,251,0,0,0,251
155701,3.0,5.0,4.0,7.0,2.0,1.0,0.4,0.1,20.0,394,8440.0,248,0,0,0,248
155701,3.0,5.0,4.0,7.0,2.0,1.0,0.4,0.1,20.0,395,8380.0,244,0,0,0,244
155701,3.0,5.0,4.0,7.0,2.0,1.0,0.4,0.1,20.0,396,8460.0,245,0,0,0,245
155701,3.0,5.0,4.0,7.0,2.0,1.0,0.4,0.1,20.0,397,8420.0,255,0,0,0,255
155701,3.0,5.0,4.0,7.0,2.0,1.0,0.4,0.1,20.0,398,8680.0,251,0,0,0,251
155701,3.0,5.0,4.0,7.0,2.0,1.0,0.4,0.1,20.0,399,8620.0,250,0,0,0,250
155701,3.0,5.0,4.0,7.0,2.0,1.0,0.4,0.1,20.0,400,8480.0,247,0,0,0,247
155701,3.0,5.0,4.0,7.0,2.0,1.0,0.4,0.1,20.0,401,8540.0,241,0,0,0,241
155701,3.0,5.0,4.0,7.0,2.0,1.0,0.4,0.1,20.0,402,8540.0,242,0,0,0,242
155701,3.0,5.0,4.0,7.0,2.0,1.0,0.4,0.1,20.0,403,8380.0,242,0,0,0,242
155701,3.0,5.0,4.0,7.0,2.0,1.0,0.4,0.1,20.0,404,8260.0,242,0,0,0,242
155701,3.0,5.0,4.0,7.0,2.0,1.0,0.4,0.1,20.0,405,8180.0,241,0,0,0,241
155701,3.0,5.0,4.0,7.0,2.0,1.0,0.4,0.1,20.0,406,8420.0,240,0,0,0,240
155701,3.0,5.0,4.0,7.0,2.0,1.0,0.4,0.1,20.0,407,8240.0,239,0,0,0,239
155701,3.0,5.0,4.0,7.0,2.0,1.0,0.4,0.1,20.0,408,8560.0,240,0,0,0,240
155701,3.0,5.0,4.0,7.0,2.0,1.0,0.4,0.1,20.0,409,8160.0,244,0,0,0,244
155701,3.0,5.0,4.0,7.0,2.0,1.0,0.4,0.1,20.0,410,8620.0,240,0,0,0,240
155701,3.0,5.0,4.0,7.0,2.0,1.0,0.4,0.1,20.0,411,8600.0,242,0,0,0,242
155701,3.0,5.0,4.0,7.0,2.0,1.0,0.4,0.1,20.0,412,8460.0,245,0,0,0,245
155701,3.0,5.0,4.0,7.0,2.0,1.0,0.4,0.1,20.0,413,8440.0,251,0,0,0,251
155701,3.0,5.0,4.0,7.0,2.0,1.0,0.4,0.1,20.0,414,8580.0,249,0,0,0,249
155701,3.0,5.0,4.0,7.0,2.0,1.0,0.4,0.1,20.0,415,8560.0,252,0,0,0,252
155701,3.0,5.0,4.0,7.0,2.0,1.0,0.4,0.1,20.0,416,8340.0,255,0,0,0,255
155701,3.0,5.0,4.0,7.0,2.0,1.0,0.4,0.1,20.0,417,8680.0,253,0,0,0,253
155701,3.0,5.0,4.0,7.0,2.0,1.0,0.4,0.1,20.0,418,8060.0,250,1,0,0,251
155701,3.0,5.0,4.0,7.0,2.0,1.0,0.4,0.1,20.0,419,8320.0,253,1,0,0,254
155701,3.0,5.0,4.0,7.0,2.0,1.0,0.4,0.1,20.0,420,8300.0,257,2,0,0,259
155701,3.0,5.0,4.0,7.0,2.0,1.0,0.4,0.1,20.0,421,8460.0,263,3,0,0,266
155701,3.0,5.0,4.0,7.0,2.0,1.0,0.4,0.1,20.0,422,8580.0,260,3,0,0,263
155701,3.0,5.0,4.0,7.0,2.0,1.0,0.4,0.1,20.0,423,8480.0,262,3,0,0,265
155701,3.0,5.0,4.0,7.0,2.0,1.0,0.4,0.1,20.0,424,8400.0,266,3,0,0,269
155701,3.0,5.0,4.0,7.0,2.0,1.0,0.4,0.1,20.0,425,8360.0,259,3,0,0,262
155701,3.0,5.0,4.0,7.0,2.0,1.0,0.4,0.1,20.0,426,8500.0,257,3,0,0,260
155701,3.0,5.0,4.0,7.0,2.0,1.0,0.4,0.1,20.0,427,8280.0,256,3,0,0,259
155701,3.0,5.0,4.0,7.0,2.0,1.0,0.4,0.1,20.0,428,8300.0,261,3,0,0,264
155701,3.0,5.0,4.0,7.0,2.0,1.0,0.4,0.1,20.0,429,8420.0,257,2,0,0,259
155701,3.0,5.0,4.0,7.0,2.0,1.0,0.4,0.1,20.0,430,8460.0,252,2,0,0,254
155701,3.0,5.0,4.0,7.0,2.0,1.0,0.4,0.1,20.0,431,8420.0,247,2,0,0,249
155701,3.0,5.0,4.0,7.0,2.0,1.0,0.4,0.1,20.0,432,8580.0,248,2,0,0,250
155701,3.0,5.0,4.0,7.0,2.0,1.0,0.4,0.1,20.0,433,8320.0,246,2,0,0,248
155701,3.0,5.0,4.0,7.0,2.0,1.0,0.4,0.1,20.0,434,8620.0,248,2,0,0,250
155701,3.0,5.0,4.0,7.0,2.0,1.0,0.4,0.1,20.0,435,8520.0,241,2,0,0,243
155701,3.0,5.0,4.0,7.0,2.0,1.0,0.4,0.1,20.0,436,8680.0,243,2,0,0,245
155701,3.0,5.0,4.0,7.0,2.0,1.0,0.4,0.1,20.0,437,8660.0,239,2,0,0,241
155701,3.0,5.0,4.0,7.0,2.0,1.0,0.4,0.1,20.0,438,8600.0,244,2,0,0,246
155701,3.0,5.0,4.0,7.0,2.0,1.0,0.4,0.1,20.0,439,8580.0,242,2,0,0,244
155701,3.0,5.0,4.0,7.0,2.0,1.0,0.4,0.1,20.0,440,8460.0,237,2,0,0,239
155701,3.0,5.0,4.0,7.0,2.0,1.0,0.4,0.1,20.0,441,8220.0,236,2,0,0,238
155701,3.0,5.0,4.0,7.0,2.0,1.0,0.4,0.1,20.0,442,8520.0,238,1,0,0,239
155701,3.0,5.0,4.0,7.0,2.0,1.0,0.4,0.1,20.0,443,8480.0,238,0,0,0,238
155701,3.0,5.0,4.0,7.0,2.0,1.0,0.4,0.1,20.0,444,8400.0,236,0,0,0,236
155701,3.0,5.0,4.0,7.0,2.0,1.0,0.4,0.1,20.0,445,8360.0,236,0,0,0,236
155701,3.0,5.0,4.0,7.0,2.0,1.0,0.4,0.1,20.0,446,8300.0,244,0,0,0,244
155701,3.0,5.0,4.0,7.0,2.0,1.0,0.4,0.1,20.0,447,8540.0,244,0,0,0,244
155701,3.0,5.0,4.0,7.0,2.0,1.0,0.4,0.1,20.0,448,8280.0,248,0,0,0,248
155701,3.0,5.0,4.0,7.0,2.0,1.0,0.4,0.1,20.0,449,8720.0,243,0,0,0,243
155701,3.0,5.0,4.0,7.0,2.0,1.0,0.4,0.1,20.0,450,8520.0,237,0,0,0,237
155701,3.0,5.0,4.0,7.0,2.0,1.0,0.4,0.1,20.0,451,8760.0,232,0,0,0,232
155701,3.0,5.0,4.0,7.0,2.0,1.0,0.4,0.1,20.0,452,8680.0,232,0,0,0,232
155701,3.0,5.0,4.0,7.0,2.0,1.0,0.4,0.1,20.0,453,8340.0,232,0,0,0,232
155701,3.0,5.0,4.0,7.0,2.0,1.0,0.4,0.1,20.0,454,8440.0,236,0,0,0,236
155701,3.0,5.0,4.0,7.0,2.0,1.0,0.4,0.1,20.0,455,8500.0,239,0,0,0,239
155701,3.0,5.0,4.0,7.0,2.0,1.0,0.4,0.1,20.0,456,8360.0,234,0,0,0,234
155701,3.0,5.0,4.0,7.0,2.0,1.0,0.4,0.1,20.0,457,8500.0,240,0,0,0,240
155701,3.0,5.0,4.0,7.0,2.0,1.0,0.4,0.1,20.0,458,8600.0,239,0,0,0,239
155701,3.0,5.0,4.0,7.0,2.0,1.0,0.4,0.1,20.0,459,8420.0,245,0,0,0,245
155701,3.0,5.0,4.0,7.0,2.0,1.0,0.4,0.1,20.0,460,8360.0,246,0,0,0,246
155701,3.0,5.0,4.0,7.0,2.0,1.0,0.4,0.1,20.0,461,8500.0,243,0,0,0,243
155701,3.0,5.0,4.0,7.0,2.0,1.0,0.4,0.1,20.0,462,8480.0,248,0,0,0,248
155701,3.0,5.0,4.0,7.0,2.0,1.0,0.4,0.1,20.0,463,8580.0,246,0,0,0,246
155701,3.0,5.0,4.0,7.0,2.0,1.0,0.4,0.1,20.0,464,8280.0,249,0,0,0,249
155701,3.0,5.0,4.0,7.0,2.0,1.0,0.4,0.1,20.0,465,8220.0,247,0,0,0,247
155701,3.0,5.0,4.0,7.0,2.0,1.0,0.4,0.1,20.0,466,8420.0,246,0,0,0,246
155701,3.0,5.0,4.0,7.0,2.0,1.0,0.4,0.1,20.0,467,8480.0,248,0,0,0,248
155701,3.0,5.0,4.0,7.0,2.0,1.0,0.4,0.1,20.0,468,8340.0,256,0,0,0,256
155701,3.0,5.0,4.0,7.0,2.0,1.0,0.4,0.1,20.0,469,8100.0,260,0,0,0,260
155701,3.0,5.0,4.0,7.0,2.0,1.0,0.4,0.1,20.0,470,8620.0,256,0,0,0,256
155701,3.0,5.0,4.0,7.0,2.0,1.0,0.4,0.1,20.0,471,8600.0,258,0,0,0,258
155701,3.0,5.0,4.0,7.0,2.0,1.0,0.4,0.1,20.0,472,8820.0,264,0,0,0,264
155701,3.0,5.0,4.0,7.0,2.0,1.0,0.4,0.1,20.0,473,8560.0,267,0,0,0,267
155701,3.0,5.0,4.0,7.0,2.0,1.0,0.4,0.1,20.0,474,8280.0,264,0,0,0,264
155701,3.0,5.0,4.0,7.0,2.0,1.0,0.4,0.1,20.0,475,8160.0,270,0,0,0,270
155701,3.0,5.0,4.0,7.0,2.0,1.0,0.4,0.1,20.0,476,8440.0,266,0,0,0,266
155701,3.0,5.0,4.0,7.0,2.0,1.0,0.4,0.1,20.0,477,8540.0,262,0,0,0,262
155701,3.0,5.0,4.0,7.0,2.0,1.0,0.4,0.1,20.0,478,8520.0,264,0,0,0,264
155701,3.0,5.0,4.0,7.0,2.0,1.0,0.4,0.1,20.0,479,8320.0,264,0,0,0,264
155701,3.0,5.0,4.0,7.0,2.0,1.0,0.4,0.1,20.0,480,8560.0,259,0,0,0,259
155701,3.0,5.0,4.0,7.0,2.0,1.0,0.4,0.1,20.0,481,8560.0,259,0,0,0,259
155701,3.0,5.0,4.0,7.0,2.0,1.0,0.4,0.1,20.0,482,8620.0,257,0,0,0,257
155701,3.0,5.0,4.0,7.0,2.0,1.0,0.4,0.1,20.0,483,8580.0,250,0,0,0,250
155701,3.0,5.0,4.0,7.0,2.0,1.0,0.4,0.1,20.0,484,8380.0,247,0,0,0,247
155701,3.0,5.0,4.0,7.0,2.0,1.0,0.4,0.1,20.0,485,8480.0,240,0,0,0,240
155701,3.0,5.0,4.0,7.0,2.0,1.0,0.4,0.1,20.0,486,8400.0,241,0,0,0,241
155701,3.0,5.0,4.0,7.0,2.0,1.0,0.4,0.1,20.0,487,8100.0,250,0,0,0,250
155701,3.0,5.0,4.0,7.0,2.0,1.0,0.4,0.1,20.0,488,8580.0,249,0,0,0,249
155701,3.0,5.0,4.0,7.0,2.0,1.0,0.4,0.1,20.0,489,8540.0,245,0,0,0,245
155701,3.0,5.0,4.0,7.0,2.0,1.0,0.4,0.1,20.0,490,8500.0,235,0,0,0,235
155701,3.0,5.0,4.0,7.0,2.0,1.0,0.4,0.1,20.0,491,8540.0,235,0,0,0,235
155701,3.0,5.0,4.0,7.0,2.0,1.0,0.4,0.1,20.0,492,8560.0,231,0,0,0,231
155701,3.0,5.0,4.0,7.0,2.0,1.0,0.4,0.1,20.0,493,8600.0,236,0,0,0,236
155701,3.0,5.0,4.0,7.0,2.0,1.0,0.4,0.1,20.0,494,8540.0,236,0,0,0,236
155701,3.0,5.0,4.0,7.0,2.0,1.0,0.4,0.1,20.0,495,8300.0,232,0,0,0,232
155701,3.0,5.0,4.0,7.0,2.0,1.0,0.4,0.1,20.0,496,8460.0,240,0,0,0,240
155701,3.0,5.0,4.0,7.0,2.0,1.0,0.4,0.1,20.0,497,8320.0,243,0,0,0,243
155701,3.0,5.0,4.0,7.0,2.0,1.0,0.4,0.1,20.0,498,8340.0,243,0,0,0,243
155701,3.0,5.0,4.0,7.0,2.0,1.0,0.4,0.1,20.0,499,8320.0,247,0,0,0,247