Exp Num,agent:svo_convergence_factor,agent:params:metabolism,agent:params:consumption_factor,agent:params:procreate_cost_factor,agent:params:procreate_req_factor,agent:params:start_energy_factor,agent:params:caught_chance,agent:params:caught_cooldown_factor,agent:params:maximum_age,Epoch,Resource,A,B,C,D,E
187845,3.0,15.0,2.0,3.0,3.0,3.0,0.4,0.5,10.0,0,4310.0,15,27,14,24,76
187845,3.0,15.0,2.0,3.0,3.0,3.0,0.4,0.5,10.0,1,4967.5,15,27,14,24,76
187845,3.0,15.0,2.0,3.0,3.0,3.0,0.4,0.5,10.0,2,5249.375,11,18,11,18,58
187845,3.0,15.0,2.0,3.0,3.0,3.0,0.4,0.5,10.0,3,5811.71875,7,17,10,18,52
187845,3.0,15.0,2.0,3.0,3.0,3.0,0.4,0.5,10.0,4,5974.6484375,4,13,9,16,42
187845,3.0,15.0,2.0,3.0,3.0,3.0,0.4,0.5,10.0,5,5938.310546875,3,12,9,16,40
187845,3.0,15.0,2.0,3.0,3.0,3.0,0.4,0.5,10.0,6,5862.88818359375,3,12,9,16,40
187845,3.0,15.0,2.0,3.0,3.0,3.0,0.4,0.5,10.0,7,5738.6102294921875,4,12,8,16,40
187845,3.0,15.0,2.0,3.0,3.0,3.0,0.4,0.5,10.0,8,5553.262786865234,3,13,9,16,41
187845,3.0,15.0,2.0,3.0,3.0,3.0,0.4,0.5,10.0,9,5231.578483581543,3,15,10,17,44
187845,3.0,15.0,2.0,3.0,3.0,3.0,0.4,0.5,10.0,10,5339.473104476929,3,10,9,13,30
187845,3.0,15.0,2.0,3.0,3.0,3.0,0.4,0.5,10.0,11,5684.341380596161,3,6,8,11,24
187845,3.0,15.0,2.0,3.0,3.0,3.0,0.4,0.5,10.0,12,6325.426725745201,2,6,9,10,19
187845,3.0,15.0,2.0,3.0,3.0,3.0,0.4,0.5,10.0,13,7246.783407181501,2,7,7,7,17
187845,3.0,15.0,2.0,3.0,3.0,3.0,0.4,0.5,10.0,14,8428.479258976877,2,8,5,6,16
187845,3.0,15.0,2.0,3.0,3.0,3.0,0.4,0.5,10.0,15,9370.0,4,9,6,6,20
187845,3.0,15.0,2.0,3.0,3.0,3.0,0.4,0.5,10.0,16,9220.0,4,10,7,7,23
187845,3.0,15.0,2.0,3.0,3.0,3.0,0.4,0.5,10.0,17,9130.0,3,11,7,7,23
187845,3.0,15.0,2.0,3.0,3.0,3.0,0.4,0.5,10.0,18,9130.0,3,14,8,9,27
187845,3.0,15.0,2.0,3.0,3.0,3.0,0.4,0.5,10.0,19,8920.0,3,15,12,10,32
187845,3.0,15.0,2.0,3.0,3.0,3.0,0.4,0.5,10.0,20,8830.0,3,14,11,10,30
187845,3.0,15.0,2.0,3.0,3.0,3.0,0.4,0.5,10.0,21,8890.0,4,19,10,9,35
187845,3.0,15.0,2.0,3.0,3.0,3.0,0.4,0.5,10.0,22,8710.0,4,20,15,11,41
187845,3.0,15.0,2.0,3.0,3.0,3.0,0.4,0.5,10.0,23,8500.0,4,20,15,11,41
187845,3.0,15.0,2.0,3.0,3.0,3.0,0.4,0.5,10.0,24,8650.0,4,22,16,6,44
187845,3.0,15.0,2.0,3.0,3.0,3.0,0.4,0.5,10.0,25,8530.0,4,25,21,8,52
187845,3.0,15.0,2.0,3.0,3.0,3.0,0.4,0.5,10.0,26,8290.0,4,25,22,9,53
187845,3.0,15.0,2.0,3.0,3.0,3.0,0.4,0.5,10.0,27,8290.0,3,25,24,10,53
187845,3.0,15.0,2.0,3.0,3.0,3.0,0.4,0.5,10.0,28,8200.0,3,28,29,12,60
187845,3.0,15.0,2.0,3.0,3.0,3.0,0.4,0.5,10.0,29,7960.0,3,28,31,13,62
187845,3.0,15.0,2.0,3.0,3.0,3.0,0.4,0.5,10.0,30,7880.0,3,30,31,12,64
187845,3.0,15.0,2.0,3.0,3.0,3.0,0.4,0.5,10.0,31,7630.0,3,34,36,15,73
187845,3.0,15.0,2.0,3.0,3.0,3.0,0.4,0.5,10.0,32,6987.5,4,34,42,15,81
187845,3.0,15.0,2.0,3.0,3.0,3.0,0.4,0.5,10.0,33,6124.375,3,36,41,15,81
187845,3.0,15.0,2.0,3.0,3.0,3.0,0.4,0.5,10.0,34,5255.46875,3,38,49,14,91
187845,3.0,15.0,2.0,3.0,3.0,3.0,0.4,0.5,10.0,35,5429.3359375,3,37,51,15,92
187845,3.0,15.0,2.0,3.0,3.0,3.0,0.4,0.5,10.0,36,5946.669921875,3,32,49,16,85
187845,3.0,15.0,2.0,3.0,3.0,3.0,0.4,0.5,10.0,37,6803.33740234375,2,31,46,16,80
187845,3.0,15.0,2.0,3.0,3.0,3.0,0.4,0.5,10.0,38,7844.1717529296875,2,29,47,12,79
187845,3.0,15.0,2.0,3.0,3.0,3.0,0.4,0.5,10.0,39,8725.21469116211,2,26,44,10,74
187845,3.0,15.0,2.0,3.0,3.0,3.0,0.4,0.5,10.0,40,8920.0,2,21,42,9,67
187845,3.0,15.0,2.0,3.0,3.0,3.0,0.4,0.5,10.0,41,8710.0,1,20,35,10,58
187845,3.0,15.0,2.0,3.0,3.0,3.0,0.4,0.5,10.0,42,8800.0,1,15,35,6,53
187845,3.0,15.0,2.0,3.0,3.0,3.0,0.4,0.5,10.0,43,8800.0,0,14,34,5,51
187845,3.0,15.0,2.0,3.0,3.0,3.0,0.4,0.5,10.0,44,8530.0,1,14,30,5,48
187845,3.0,15.0,2.0,3.0,3.0,3.0,0.4,0.5,10.0,45,8680.0,1,11,29,5,43
187845,3.0,15.0,2.0,3.0,3.0,3.0,0.4,0.5,10.0,46,8740.0,1,8,33,6,44
187845,3.0,15.0,2.0,3.0,3.0,3.0,0.4,0.5,10.0,47,8590.0,1,7,34,8,44
187845,3.0,15.0,2.0,3.0,3.0,3.0,0.4,0.5,10.0,48,8530.0,1,7,36,7,46
187845,3.0,15.0,2.0,3.0,3.0,3.0,0.4,0.5,10.0,49,8560.0,1,7,38,9,48
187845,3.0,15.0,2.0,3.0,3.0,3.0,0.4,0.5,10.0,50,8320.0,1,8,41,11,52
187845,3.0,15.0,2.0,3.0,3.0,3.0,0.4,0.5,10.0,51,8320.0,1,8,39,12,49
187845,3.0,15.0,2.0,3.0,3.0,3.0,0.4,0.5,10.0,52,8230.0,1,9,47,11,58
187845,3.0,15.0,2.0,3.0,3.0,3.0,0.4,0.5,10.0,53,7960.0,3,9,50,14,64
187845,3.0,15.0,2.0,3.0,3.0,3.0,0.4,0.5,10.0,54,7670.0,3,9,55,15,70
187845,3.0,15.0,2.0,3.0,3.0,3.0,0.4,0.5,10.0,55,7307.5,2,9,59,14,73
187845,3.0,15.0,2.0,3.0,3.0,3.0,0.4,0.5,10.0,56,6734.375,3,10,61,15,77
187845,3.0,15.0,2.0,3.0,3.0,3.0,0.4,0.5,10.0,57,5777.96875,3,9,63,16,79
187845,3.0,15.0,2.0,3.0,3.0,3.0,0.4,0.5,10.0,58,5032.4609375,3,9,72,13,88
187845,3.0,15.0,2.0,3.0,3.0,3.0,0.4,0.5,10.0,59,5210.576171875,4,10,69,13,87
187845,3.0,15.0,2.0,3.0,3.0,3.0,0.4,0.5,10.0,60,5403.22021484375,4,10,64,11,82
187845,3.0,15.0,2.0,3.0,3.0,3.0,0.4,0.5,10.0,61,5854.0252685546875,4,10,62,10,80
187845,3.0,15.0,2.0,3.0,3.0,3.0,0.4,0.5,10.0,62,6597.531585693359,4,8,63,9,80
187845,3.0,15.0,2.0,3.0,3.0,3.0,0.4,0.5,10.0,63,7106.914482116699,4,8,57,9,74
187845,3.0,15.0,2.0,3.0,3.0,3.0,0.4,0.5,10.0,64,7563.643102645874,4,6,55,8,70
187845,3.0,15.0,2.0,3.0,3.0,3.0,0.4,0.5,10.0,65,8314.553878307343,2,6,48,5,62
187845,3.0,15.0,2.0,3.0,3.0,3.0,0.4,0.5,10.0,66,8830.0,1,6,43,4,56
187845,3.0,15.0,2.0,3.0,3.0,3.0,0.4,0.5,10.0,67,8680.0,1,5,36,3,46
187845,3.0,15.0,2.0,3.0,3.0,3.0,0.4,0.5,10.0,68,8710.0,1,5,37,4,47
187845,3.0,15.0,2.0,3.0,3.0,3.0,0.4,0.5,10.0,69,8650.0,1,6,36,4,46
187845,3.0,15.0,2.0,3.0,3.0,3.0,0.4,0.5,10.0,70,8650.0,1,4,36,4,44
187845,3.0,15.0,2.0,3.0,3.0,3.0,0.4,0.5,10.0,71,8740.0,1,4,35,6,43
187845,3.0,15.0,2.0,3.0,3.0,3.0,0.4,0.5,10.0,72,8620.0,1,5,38,7,47
187845,3.0,15.0,2.0,3.0,3.0,3.0,0.4,0.5,10.0,73,8500.0,0,4,40,8,46
187845,3.0,15.0,2.0,3.0,3.0,3.0,0.4,0.5,10.0,74,8530.0,0,5,38,11,45
187845,3.0,15.0,2.0,3.0,3.0,3.0,0.4,0.5,10.0,75,8350.0,0,7,43,12,52
187845,3.0,15.0,2.0,3.0,3.0,3.0,0.4,0.5,10.0,76,8170.0,0,7,46,13,55
187845,3.0,15.0,2.0,3.0,3.0,3.0,0.4,0.5,10.0,77,8020.0,0,9,49,16,59
187845,3.0,15.0,2.0,3.0,3.0,3.0,0.4,0.5,10.0,78,7960.0,0,9,48,19,57
187845,3.0,15.0,2.0,3.0,3.0,3.0,0.4,0.5,10.0,79,7790.0,0,11,55,17,66
187845,3.0,15.0,2.0,3.0,3.0,3.0,0.4,0.5,10.0,80,7367.5,0,11,57,20,68
187845,3.0,15.0,2.0,3.0,3.0,3.0,0.4,0.5,10.0,81,6809.375,0,10,60,22,70
187845,3.0,15.0,2.0,3.0,3.0,3.0,0.4,0.5,10.0,82,5841.71875,0,12,66,22,78
187845,3.0,15.0,2.0,3.0,3.0,3.0,0.4,0.5,10.0,83,5352.1484375,0,14,66,22,80
187845,3.0,15.0,2.0,3.0,3.0,3.0,0.4,0.5,10.0,84,5280.185546875,0,13,66,25,79
187845,3.0,15.0,2.0,3.0,3.0,3.0,0.4,0.5,10.0,85,5580.23193359375,0,13,66,25,79
187845,3.0,15.0,2.0,3.0,3.0,3.0,0.4,0.5,10.0,86,6195.2899169921875,0,12,61,21,73
187845,3.0,15.0,2.0,3.0,3.0,3.0,0.4,0.5,10.0,87,6844.112396240234,0,11,56,20,68
187845,3.0,15.0,2.0,3.0,3.0,3.0,0.4,0.5,10.0,88,7085.140495300293,0,10,53,20,64
187845,3.0,15.0,2.0,3.0,3.0,3.0,0.4,0.5,10.0,89,7356.425619125366,0,9,46,18,56
187845,3.0,15.0,2.0,3.0,3.0,3.0,0.4,0.5,10.0,90,7485.532023906708,0,10,42,16,54
187845,3.0,15.0,2.0,3.0,3.0,3.0,0.4,0.5,10.0,91,7586.915029883385,0,11,45,15,58
187845,3.0,15.0,2.0,3.0,3.0,3.0,0.4,0.5,10.0,92,7623.643787354231,0,13,42,14,57
187845,3.0,15.0,2.0,3.0,3.0,3.0,0.4,0.5,10.0,93,7699.554734192789,0,12,38,13,52
187845,3.0,15.0,2.0,3.0,3.0,3.0,0.4,0.5,10.0,94,7974.443417740986,0,12,39,13,53
187845,3.0,15.0,2.0,3.0,3.0,3.0,0.4,0.5,10.0,95,8258.054272176232,0,10,42,11,54
187845,3.0,15.0,2.0,3.0,3.0,3.0,0.4,0.5,10.0,96,8200.0,0,9,43,10,54
187845,3.0,15.0,2.0,3.0,3.0,3.0,0.4,0.5,10.0,97,8260.0,0,10,46,12,59
187845,3.0,15.0,2.0,3.0,3.0,3.0,0.4,0.5,10.0,98,7930.0,0,12,48,15,63
187845,3.0,15.0,2.0,3.0,3.0,3.0,0.4,0.5,10.0,99,7632.5,0,12,52,16,66
187845,3.0,15.0,2.0,3.0,3.0,3.0,0.4,0.5,10.0,100,7290.625,0,11,63,16,76
187845,3.0,15.0,2.0,3.0,3.0,3.0,0.4,0.5,10.0,101,6413.28125,0,14,66,16,83
187845,3.0,15.0,2.0,3.0,3.0,3.0,0.4,0.5,10.0,102,5346.6015625,0,15,65,16,82
187845,3.0,15.0,2.0,3.0,3.0,3.0,0.4,0.5,10.0,103,5393.251953125,0,12,71,15,85
187845,3.0,15.0,2.0,3.0,3.0,3.0,0.4,0.5,10.0,104,5451.56494140625,0,10,69,15,81
187845,3.0,15.0,2.0,3.0,3.0,3.0,0.4,0.5,10.0,105,5674.4561767578125,0,10,65,17,77
187845,3.0,15.0,2.0,3.0,3.0,3.0,0.4,0.5,10.0,106,5833.070220947266,0,9,65,16,76
187845,3.0,15.0,2.0,3.0,3.0,3.0,0.4,0.5,10.0,107,6091.337776184082,0,10,62,14,74
187845,3.0,15.0,2.0,3.0,3.0,3.0,0.4,0.5,10.0,108,6534.1722202301025,0,8,56,12,66
187845,3.0,15.0,2.0,3.0,3.0,3.0,0.4,0.5,10.0,109,6727.715275287628,0,7,60,13,69
187845,3.0,15.0,2.0,3.0,3.0,3.0,0.4,0.5,10.0,110,6639.644094109535,0,6,59,10,67
187845,3.0,15.0,2.0,3.0,3.0,3.0,0.4,0.5,10.0,111,6559.555117636919,0,7,51,8,61
187845,3.0,15.0,2.0,3.0,3.0,3.0,0.4,0.5,10.0,112,6459.443897046149,0,6,51,8,60
187845,3.0,15.0,2.0,3.0,3.0,3.0,0.4,0.5,10.0,113,6394.304871307686,0,6,48,6,57
187845,3.0,15.0,2.0,3.0,3.0,3.0,0.4,0.5,10.0,114,6342.8810891346075,0,7,47,5,58
187845,3.0,15.0,2.0,3.0,3.0,3.0,0.4,0.5,10.0,115,6098.601361418259,0,7,50,6,61
187845,3.0,15.0,2.0,3.0,3.0,3.0,0.4,0.5,10.0,116,5763.251701772824,0,7,54,7,65
187845,3.0,15.0,2.0,3.0,3.0,3.0,0.4,0.5,10.0,117,5134.06462721603,0,8,58,8,71
187845,3.0,15.0,2.0,3.0,3.0,3.0,0.4,0.5,10.0,118,4377.580784020038,0,7,63,9,75
187845,3.0,15.0,2.0,3.0,3.0,3.0,0.4,0.5,10.0,119,4511.975980025047,0,7,62,9,74
187845,3.0,15.0,2.0,3.0,3.0,3.0,0.4,0.5,10.0,120,4589.969975031308,0,7,58,8,70
187845,3.0,15.0,2.0,3.0,3.0,3.0,0.4,0.5,10.0,121,4867.4624687891355,0,6,59,8,70
187845,3.0,15.0,2.0,3.0,3.0,3.0,0.4,0.5,10.0,122,5154.328085986419,0,6,57,8,66
187845,3.0,15.0,2.0,3.0,3.0,3.0,0.4,0.5,10.0,123,5602.910107483023,0,6,54,8,64
187845,3.0,15.0,2.0,3.0,3.0,3.0,0.4,0.5,10.0,124,5863.6376343537795,0,6,47,6,57
187845,3.0,15.0,2.0,3.0,3.0,3.0,0.4,0.5,10.0,125,6309.547042942224,0,6,41,6,50
187845,3.0,15.0,2.0,3.0,3.0,3.0,0.4,0.5,10.0,126,6686.93380367778,0,5,41,6,49
187845,3.0,15.0,2.0,3.0,3.0,3.0,0.4,0.5,10.0,127,7038.667254597225,0,4,38,6,46
187845,3.0,15.0,2.0,3.0,3.0,3.0,0.4,0.5,10.0,128,7568.334068246531,0,4,35,5,42
187845,3.0,15.0,2.0,3.0,3.0,3.0,0.4,0.5,10.0,129,8230.417585308165,0,4,35,5,43
187845,3.0,15.0,2.0,3.0,3.0,3.0,0.4,0.5,10.0,130,8710.0,0,3,33,7,40
187845,3.0,15.0,2.0,3.0,3.0,3.0,0.4,0.5,10.0,131,8680.0,0,3,36,7,43
187845,3.0,15.0,2.0,3.0,3.0,3.0,0.4,0.5,10.0,132,8590.0,0,5,37,7,48
187845,3.0,15.0,2.0,3.0,3.0,3.0,0.4,0.5,10.0,133,8440.0,0,5,39,8,50
187845,3.0,15.0,2.0,3.0,3.0,3.0,0.4,0.5,10.0,134,8350.0,0,4,43,9,52
187845,3.0,15.0,2.0,3.0,3.0,3.0,0.4,0.5,10.0,135,8200.0,0,7,46,13,59
187845,3.0,15.0,2.0,3.0,3.0,3.0,0.4,0.5,10.0,136,7990.0,0,7,46,15,59
187845,3.0,15.0,2.0,3.0,3.0,3.0,0.4,0.5,10.0,137,7977.5,0,7,46,16,58
187845,3.0,15.0,2.0,3.0,3.0,3.0,0.4,0.5,10.0,138,7871.875,0,8,47,20,62
187845,3.0,15.0,2.0,3.0,3.0,3.0,0.4,0.5,10.0,139,7469.84375,0,8,55,21,70
187845,3.0,15.0,2.0,3.0,3.0,3.0,0.4,0.5,10.0,140,6787.3046875,0,7,58,21,71
187845,3.0,15.0,2.0,3.0,3.0,3.0,0.4,0.5,10.0,141,5994.130859375,0,8,59,22,73
187845,3.0,15.0,2.0,3.0,3.0,3.0,0.4,0.5,10.0,142,5332.66357421875,0,8,64,26,78
187845,3.0,15.0,2.0,3.0,3.0,3.0,0.4,0.5,10.0,143,5315.8294677734375,0,9,65,26,79
187845,3.0,15.0,2.0,3.0,3.0,3.0,0.4,0.5,10.0,144,5714.786834716797,0,8,62,25,74
187845,3.0,15.0,2.0,3.0,3.0,3.0,0.4,0.5,10.0,145,6213.483543395996,0,6,62,23,72
187845,3.0,15.0,2.0,3.0,3.0,3.0,0.4,0.5,10.0,146,7046.854429244995,0,6,61,21,71
187845,3.0,15.0,2.0,3.0,3.0,3.0,0.4,0.5,10.0,147,7368.568036556244,0,4,58,19,65
187845,3.0,15.0,2.0,3.0,3.0,3.0,0.4,0.5,10.0,148,7860.710045695305,0,4,54,17,60
187845,3.0,15.0,2.0,3.0,3.0,3.0,0.4,0.5,10.0,149,8385.887557119131,0,3,50,15,55
187845,3.0,15.0,2.0,3.0,3.0,3.0,0.4,0.5,10.0,150,8530.0,0,3,45,14,49
187845,3.0,15.0,2.0,3.0,3.0,3.0,0.4,0.5,10.0,151,8470.0,0,3,42,16,46
187845,3.0,15.0,2.0,3.0,3.0,3.0,0.4,0.5,10.0,152,8380.0,0,3,39,16,43
187845,3.0,15.0,2.0,3.0,3.0,3.0,0.4,0.5,10.0,153,8470.0,0,2,40,14,42
187845,3.0,15.0,2.0,3.0,3.0,3.0,0.4,0.5,10.0,154,8590.0,0,2,39,12,42
187845,3.0,15.0,2.0,3.0,3.0,3.0,0.4,0.5,10.0,155,8560.0,0,3,38,12,42
187845,3.0,15.0,2.0,3.0,3.0,3.0,0.4,0.5,10.0,156,8470.0,0,3,38,12,45
187845,3.0,15.0,2.0,3.0,3.0,3.0,0.4,0.5,10.0,157,8380.0,0,3,43,12,50
187845,3.0,15.0,2.0,3.0,3.0,3.0,0.4,0.5,10.0,158,8230.0,0,4,47,12,55
187845,3.0,15.0,2.0,3.0,3.0,3.0,0.4,0.5,10.0,159,8080.0,0,4,47,16,55
187845,3.0,15.0,2.0,3.0,3.0,3.0,0.4,0.5,10.0,160,7990.0,0,4,55,15,63
187845,3.0,15.0,2.0,3.0,3.0,3.0,0.4,0.5,10.0,161,7767.5,0,3,62,15,69
187845,3.0,15.0,2.0,3.0,3.0,3.0,0.4,0.5,10.0,162,7369.375,0,3,60,18,69
187845,3.0,15.0,2.0,3.0,3.0,3.0,0.4,0.5,10.0,163,6751.71875,0,3,68,17,77
187845,3.0,15.0,2.0,3.0,3.0,3.0,0.4,0.5,10.0,164,5799.6484375,0,4,75,16,86
187845,3.0,15.0,2.0,3.0,3.0,3.0,0.4,0.5,10.0,165,5629.560546875,0,4,75,15,85
187845,3.0,15.0,2.0,3.0,3.0,3.0,0.4,0.5,10.0,166,5596.95068359375,0,3,74,17,83
187845,3.0,15.0,2.0,3.0,3.0,3.0,0.4,0.5,10.0,167,5586.1883544921875,0,3,77,16,83
187845,3.0,15.0,2.0,3.0,3.0,3.0,0.4,0.5,10.0,168,5542.735443115234,0,3,77,17,83
187845,3.0,15.0,2.0,3.0,3.0,3.0,0.4,0.5,10.0,169,5518.419303894043,0,2,72,19,77
187845,3.0,15.0,2.0,3.0,3.0,3.0,0.4,0.5,10.0,170,5578.024129867554,0,2,71,17,76
187845,3.0,15.0,2.0,3.0,3.0,3.0,0.4,0.5,10.0,171,5562.530162334442,0,2,62,13,67
187845,3.0,15.0,2.0,3.0,3.0,3.0,0.4,0.5,10.0,172,5573.162702918053,0,1,61,13,65
187845,3.0,15.0,2.0,3.0,3.0,3.0,0.4,0.5,10.0,173,5436.453378647566,0,2,62,13,67
187845,3.0,15.0,2.0,3.0,3.0,3.0,0.4,0.5,10.0,174,5235.566723309457,0,2,56,13,60
187845,3.0,15.0,2.0,3.0,3.0,3.0,0.4,0.5,10.0,175,4804.458404136822,0,2,59,13,61
187845,3.0,15.0,2.0,3.0,3.0,3.0,0.4,0.5,10.0,176,4085.573005171027,0,2,63,13,66
187845,3.0,15.0,2.0,3.0,3.0,3.0,0.4,0.5,10.0,177,3996.966256463784,0,2,60,13,63
187845,3.0,15.0,2.0,3.0,3.0,3.0,0.4,0.5,10.0,178,4006.2078205797297,0,1,57,11,59
187845,3.0,15.0,2.0,3.0,3.0,3.0,0.4,0.5,10.0,179,4137.759775724662,0,2,57,10,60
187845,3.0,15.0,2.0,3.0,3.0,3.0,0.4,0.5,10.0,180,4182.199719655828,0,2,51,11,54
187845,3.0,15.0,2.0,3.0,3.0,3.0,0.4,0.5,10.0,181,4237.749649569785,0,2,50,10,53
187845,3.0,15.0,2.0,3.0,3.0,3.0,0.4,0.5,10.0,182,4457.187061962231,0,3,47,9,51
187845,3.0,15.0,2.0,3.0,3.0,3.0,0.4,0.5,10.0,183,4521.483827452789,0,3,44,11,49
187845,3.0,15.0,2.0,3.0,3.0,3.0,0.4,0.5,10.0,184,4541.854784315987,0,3,41,9,46
187845,3.0,15.0,2.0,3.0,3.0,3.0,0.4,0.5,10.0,185,4417.318480394983,0,3,40,6,45
187845,3.0,15.0,2.0,3.0,3.0,3.0,0.4,0.5,10.0,186,4291.6481004937295,0,2,38,6,42
187845,3.0,15.0,2.0,3.0,3.0,3.0,0.4,0.5,10.0,187,3984.560125617162,0,2,41,7,45
187845,3.0,15.0,2.0,3.0,3.0,3.0,0.4,0.5,10.0,188,3480.7001570214525,0,2,46,7,50
187845,3.0,15.0,2.0,3.0,3.0,3.0,0.4,0.5,10.0,189,3030.8751962768156,0,2,44,6,49
187845,3.0,15.0,2.0,3.0,3.0,3.0,0.4,0.5,10.0,190,2918.5939953460193,0,2,41,6,45
187845,3.0,15.0,2.0,3.0,3.0,3.0,0.4,0.5,10.0,191,2898.242494182524,0,2,46,6,50
187845,3.0,15.0,2.0,3.0,3.0,3.0,0.4,0.5,10.0,192,2842.8031177281546,0,2,44,5,48
187845,3.0,15.0,2.0,3.0,3.0,3.0,0.4,0.5,10.0,193,3043.5038971601934,0,1,44,5,47
187845,3.0,15.0,2.0,3.0,3.0,3.0,0.4,0.5,10.0,194,3444.379871450242,0,0,41,4,42
187845,3.0,15.0,2.0,3.0,3.0,3.0,0.4,0.5,10.0,195,3735.474839312802,0,0,38,2,39
187845,3.0,15.0,2.0,3.0,3.0,3.0,0.4,0.5,10.0,196,4039.3435491410028,0,0,36,1,37
187845,3.0,15.0,2.0,3.0,3.0,3.0,0.4,0.5,10.0,197,4509.179436426253,0,0,29,1,30
187845,3.0,15.0,2.0,3.0,3.0,3.0,0.4,0.5,10.0,198,5066.4742955328165,0,0,27,1,28
187845,3.0,15.0,2.0,3.0,3.0,3.0,0.4,0.5,10.0,199,5763.092869416021,0,0,26,0,27
187845,3.0,15.0,2.0,3.0,3.0,3.0,0.4,0.5,10.0,200,6513.866086770026,0,0,24,0,26
187845,3.0,15.0,2.0,3.0,3.0,3.0,0.4,0.5,10.0,201,7422.332608462533,0,0,24,0,26
187845,3.0,15.0,2.0,3.0,3.0,3.0,0.4,0.5,10.0,202,8617.915760578166,0,0,21,0,22
187845,3.0,15.0,2.0,3.0,3.0,3.0,0.4,0.5,10.0,203,9430.0,0,0,21,0,22
187845,3.0,15.0,2.0,3.0,3.0,3.0,0.4,0.5,10.0,204,9340.0,0,0,27,0,28
187845,3.0,15.0,2.0,3.0,3.0,3.0,0.4,0.5,10.0,205,9250.0,0,0,24,0,25
187845,3.0,15.0,2.0,3.0,3.0,3.0,0.4,0.5,10.0,206,9340.0,0,0,24,1,25
187845,3.0,15.0,2.0,3.0,3.0,3.0,0.4,0.5,10.0,207,9220.0,0,0,29,1,30
187845,3.0,15.0,2.0,3.0,3.0,3.0,0.4,0.5,10.0,208,9070.0,0,0,30,1,31
187845,3.0,15.0,2.0,3.0,3.0,3.0,0.4,0.5,10.0,209,9130.0,0,0,31,1,33
187845,3.0,15.0,2.0,3.0,3.0,3.0,0.4,0.5,10.0,210,9010.0,0,0,35,1,37
187845,3.0,15.0,2.0,3.0,3.0,3.0,0.4,0.5,10.0,211,8950.0,0,0,36,1,37
187845,3.0,15.0,2.0,3.0,3.0,3.0,0.4,0.5,10.0,212,8980.0,0,1,36,2,38
187845,3.0,15.0,2.0,3.0,3.0,3.0,0.4,0.5,10.0,213,8800.0,0,1,41,2,43
187845,3.0,15.0,2.0,3.0,3.0,3.0,0.4,0.5,10.0,214,8740.0,0,1,42,2,44
187845,3.0,15.0,2.0,3.0,3.0,3.0,0.4,0.5,10.0,215,8710.0,0,2,44,4,47
187845,3.0,15.0,2.0,3.0,3.0,3.0,0.4,0.5,10.0,216,8560.0,0,2,48,4,51
187845,3.0,15.0,2.0,3.0,3.0,3.0,0.4,0.5,10.0,217,8440.0,0,2,49,3,52
187845,3.0,15.0,2.0,3.0,3.0,3.0,0.4,0.5,10.0,218,8470.0,0,2,53,5,56
187845,3.0,15.0,2.0,3.0,3.0,3.0,0.4,0.5,10.0,219,8230.0,0,2,60,5,63
187845,3.0,15.0,2.0,3.0,3.0,3.0,0.4,0.5,10.0,220,8110.0,0,2,61,5,63
187845,3.0,15.0,2.0,3.0,3.0,3.0,0.4,0.5,10.0,221,8110.0,0,2,66,5,68
187845,3.0,15.0,2.0,3.0,3.0,3.0,0.4,0.5,10.0,222,7900.0,0,2,76,5,78
187845,3.0,15.0,2.0,3.0,3.0,3.0,0.4,0.5,10.0,223,7505.0,0,1,79,5,80
187845,3.0,15.0,2.0,3.0,3.0,3.0,0.4,0.5,10.0,224,7041.25,0,2,80,6,82
187845,3.0,15.0,2.0,3.0,3.0,3.0,0.4,0.5,10.0,225,6251.5625,0,2,92,8,94
187845,3.0,15.0,2.0,3.0,3.0,3.0,0.4,0.5,10.0,226,5534.453125,0,1,94,7,95
187845,3.0,15.0,2.0,3.0,3.0,3.0,0.4,0.5,10.0,227,5328.06640625,0,1,91,7,92
187845,3.0,15.0,2.0,3.0,3.0,3.0,0.4,0.5,10.0,228,5580.0830078125,0,1,95,6,96
187845,3.0,15.0,2.0,3.0,3.0,3.0,0.4,0.5,10.0,229,5955.103759765625,0,1,93,5,94
187845,3.0,15.0,2.0,3.0,3.0,3.0,0.4,0.5,10.0,230,6153.879699707031,0,1,89,5,90
187845,3.0,15.0,2.0,3.0,3.0,3.0,0.4,0.5,10.0,231,6552.349624633789,0,1,83,5,84
187845,3.0,15.0,2.0,3.0,3.0,3.0,0.4,0.5,10.0,232,6750.437030792236,0,1,76,5,77
187845,3.0,15.0,2.0,3.0,3.0,3.0,0.4,0.5,10.0,233,6938.046288490295,0,1,72,5,73
187845,3.0,15.0,2.0,3.0,3.0,3.0,0.4,0.5,10.0,234,6932.557860612869,0,1,68,5,69
187845,3.0,15.0,2.0,3.0,3.0,3.0,0.4,0.5,10.0,235,6745.697325766087,0,1,71,5,72
187845,3.0,15.0,2.0,3.0,3.0,3.0,0.4,0.5,10.0,236,6542.121657207608,0,0,70,4,70
187845,3.0,15.0,2.0,3.0,3.0,3.0,0.4,0.5,10.0,237,6227.65207150951,0,0,74,2,74
187845,3.0,15.0,2.0,3.0,3.0,3.0,0.4,0.5,10.0,238,5804.565089386888,0,1,70,2,71
187845,3.0,15.0,2.0,3.0,3.0,3.0,0.4,0.5,10.0,239,5275.70636173361,0,1,69,2,70
187845,3.0,15.0,2.0,3.0,3.0,3.0,0.4,0.5,10.0,240,4554.632952167012,0,1,76,2,77
187845,3.0,15.0,2.0,3.0,3.0,3.0,0.4,0.5,10.0,241,4313.291190208765,0,2,79,2,81
187845,3.0,15.0,2.0,3.0,3.0,3.0,0.4,0.5,10.0,242,4401.613987760957,0,2,76,2,78
187845,3.0,15.0,2.0,3.0,3.0,3.0,0.4,0.5,10.0,243,4512.017484701196,0,2,77,1,79
187845,3.0,15.0,2.0,3.0,3.0,3.0,0.4,0.5,10.0,244,4710.021855876495,0,2,74,1,76
187845,3.0,15.0,2.0,3.0,3.0,3.0,0.4,0.5,10.0,245,5047.527319845618,0,2,69,1,71
187845,3.0,15.0,2.0,3.0,3.0,3.0,0.4,0.5,10.0,246,5499.409149807023,0,2,62,1,64
187845,3.0,15.0,2.0,3.0,3.0,3.0,0.4,0.5,10.0,247,5734.261437258779,0,2,62,1,64
187845,3.0,15.0,2.0,3.0,3.0,3.0,0.4,0.5,10.0,248,5967.826796573473,0,2,58,1,60
187845,3.0,15.0,2.0,3.0,3.0,3.0,0.4,0.5,10.0,249,6439.783495716842,0,1,48,1,49
187845,3.0,15.0,2.0,3.0,3.0,3.0,0.4,0.5,10.0,250,6999.729369646052,0,1,44,1,45
187845,3.0,15.0,2.0,3.0,3.0,3.0,0.4,0.5,10.0,251,7579.661712057565,0,0,45,1,45
187845,3.0,15.0,2.0,3.0,3.0,3.0,0.4,0.5,10.0,252,8334.577140071957,0,0,43,2,43
187845,3.0,15.0,2.0,3.0,3.0,3.0,0.4,0.5,10.0,253,8800.0,0,0,45,2,45
187845,3.0,15.0,2.0,3.0,3.0,3.0,0.4,0.5,10.0,254,8680.0,0,0,49,2,49
187845,3.0,15.0,2.0,3.0,3.0,3.0,0.4,0.5,10.0,255,8620.0,0,0,50,2,50
187845,3.0,15.0,2.0,3.0,3.0,3.0,0.4,0.5,10.0,256,8530.0,0,0,54,2,54
187845,3.0,15.0,2.0,3.0,3.0,3.0,0.4,0.5,10.0,257,8440.0,0,0,55,3,55
187845,3.0,15.0,2.0,3.0,3.0,3.0,0.4,0.5,10.0,258,8350.0,0,0,60,4,60
187845,3.0,15.0,2.0,3.0,3.0,3.0,0.4,0.5,10.0,259,8200.0,0,0,62,4,62
187845,3.0,15.0,2.0,3.0,3.0,3.0,0.4,0.5,10.0,260,8170.0,0,0,66,3,66
187845,3.0,15.0,2.0,3.0,3.0,3.0,0.4,0.5,10.0,261,8020.0,0,0,75,3,75
187845,3.0,15.0,2.0,3.0,3.0,3.0,0.4,0.5,10.0,262,7720.0,0,0,81,3,81
187845,3.0,15.0,2.0,3.0,3.0,3.0,0.4,0.5,10.0,263,7370.0,0,0,83,3,83
187845,3.0,15.0,2.0,3.0,3.0,3.0,0.4,0.5,10.0,264,6752.5,0,0,92,2,92
187845,3.0,15.0,2.0,3.0,3.0,3.0,0.4,0.5,10.0,265,5800.625,0,0,99,2,99
187845,3.0,15.0,2.0,3.0,3.0,3.0,0.4,0.5,10.0,266,5600.78125,0,0,100,2,100
187845,3.0,15.0,2.0,3.0,3.0,3.0,0.4,0.5,10.0,267,5500.9765625,0,0,96,2,96
187845,3.0,15.0,2.0,3.0,3.0,3.0,0.4,0.5,10.0,268,5466.220703125,0,0,96,2,96
187845,3.0,15.0,2.0,3.0,3.0,3.0,0.4,0.5,10.0,269,5482.77587890625,0,0,96,2,96
187845,3.0,15.0,2.0,3.0,3.0,3.0,0.4,0.5,10.0,270,5413.4698486328125,0,0,94,2,94
187845,3.0,15.0,2.0,3.0,3.0,3.0,0.4,0.5,10.0,271,5416.837310791016,0,0,91,1,91
187845,3.0,15.0,2.0,3.0,3.0,3.0,0.4,0.5,10.0,272,5271.0466384887695,0,0,85,2,85
187845,3.0,15.0,2.0,3.0,3.0,3.0,0.4,0.5,10.0,273,4878.808298110962,0,0,82,2,82
187845,3.0,15.0,2.0,3.0,3.0,3.0,0.4,0.5,10.0,274,4358.510372638702,0,0,78,2,78
187845,3.0,15.0,2.0,3.0,3.0,3.0,0.4,0.5,10.0,275,4338.137965798378,0,0,76,3,76
187845,3.0,15.0,2.0,3.0,3.0,3.0,0.4,0.5,10.0,276,4162.6724572479725,0,0,66,3,66
187845,3.0,15.0,2.0,3.0,3.0,3.0,0.4,0.5,10.0,277,3823.3405715599656,0,0,64,3,64
187845,3.0,15.0,2.0,3.0,3.0,3.0,0.4,0.5,10.0,278,3519.175714449957,0,0,65,4,65
187845,3.0,15.0,2.0,3.0,3.0,3.0,0.4,0.5,10.0,279,3708.9696430624463,0,0,63,4,63
187845,3.0,15.0,2.0,3.0,3.0,3.0,0.4,0.5,10.0,280,3856.212053828058,0,0,60,3,60
187845,3.0,15.0,2.0,3.0,3.0,3.0,0.4,0.5,10.0,281,4010.2650672850723,0,0,57,3,57
187845,3.0,15.0,2.0,3.0,3.0,3.0,0.4,0.5,10.0,282,4262.83133410634,0,0,54,3,54
187845,3.0,15.0,2.0,3.0,3.0,3.0,0.4,0.5,10.0,283,4488.5391676329255,0,0,49,2,49
187845,3.0,15.0,2.0,3.0,3.0,3.0,0.4,0.5,10.0,284,4620.673959541156,0,0,43,2,43
187845,3.0,15.0,2.0,3.0,3.0,3.0,0.4,0.5,10.0,285,4935.8424494264455,0,0,38,2,38
187845,3.0,15.0,2.0,3.0,3.0,3.0,0.4,0.5,10.0,286,5209.803061783057,0,0,39,2,39
187845,3.0,15.0,2.0,3.0,3.0,3.0,0.4,0.5,10.0,287,5372.253827228822,0,0,38,3,38
187845,3.0,15.0,2.0,3.0,3.0,3.0,0.4,0.5,10.0,288,5695.317284036028,0,0,37,2,37
187845,3.0,15.0,2.0,3.0,3.0,3.0,0.4,0.5,10.0,289,6069.146605045034,0,0,40,1,40
187845,3.0,15.0,2.0,3.0,3.0,3.0,0.4,0.5,10.0,290,6566.433256306293,0,0,38,1,38
187845,3.0,15.0,2.0,3.0,3.0,3.0,0.4,0.5,10.0,291,7158.041570382866,0,0,35,2,35
187845,3.0,15.0,2.0,3.0,3.0,3.0,0.4,0.5,10.0,292,7867.551962978581,0,0,40,2,40
187845,3.0,15.0,2.0,3.0,3.0,3.0,0.4,0.5,10.0,293,8574.439953723228,0,0,46,2,46
187845,3.0,15.0,2.0,3.0,3.0,3.0,0.4,0.5,10.0,294,8590.0,0,0,50,2,50
187845,3.0,15.0,2.0,3.0,3.0,3.0,0.4,0.5,10.0,295,8560.0,0,0,53,2,53
187845,3.0,15.0,2.0,3.0,3.0,3.0,0.4,0.5,10.0,296,8410.0,0,0,60,2,60
187845,3.0,15.0,2.0,3.0,3.0,3.0,0.4,0.5,10.0,297,8290.0,0,0,60,3,60
187845,3.0,15.0,2.0,3.0,3.0,3.0,0.4,0.5,10.0,298,8200.0,0,0,64,3,64
187845,3.0,15.0,2.0,3.0,3.0,3.0,0.4,0.5,10.0,299,8110.0,0,0,71,3,71
187845,3.0,15.0,2.0,3.0,3.0,3.0,0.4,0.5,10.0,300,7840.0,0,0,77,3,77
187845,3.0,15.0,2.0,3.0,3.0,3.0,0.4,0.5,10.0,301,7610.0,0,0,78,3,78
187845,3.0,15.0,2.0,3.0,3.0,3.0,0.4,0.5,10.0,302,7202.5,0,0,87,2,87
187845,3.0,15.0,2.0,3.0,3.0,3.0,0.4,0.5,10.0,303,6483.125,0,0,94,1,94
187845,3.0,15.0,2.0,3.0,3.0,3.0,0.4,0.5,10.0,304,5433.90625,0,0,98,1,98
187845,3.0,15.0,2.0,3.0,3.0,3.0,0.4,0.5,10.0,305,5502.3828125,0,0,98,1,98
187845,3.0,15.0,2.0,3.0,3.0,3.0,0.4,0.5,10.0,306,5467.978515625,0,0,97,1,97
187845,3.0,15.0,2.0,3.0,3.0,3.0,0.4,0.5,10.0,307,5424.97314453125,0,0,93,1,93
187845,3.0,15.0,2.0,3.0,3.0,3.0,0.4,0.5,10.0,308,5371.2164306640625,0,0,96,1,96
187845,3.0,15.0,2.0,3.0,3.0,3.0,0.4,0.5,10.0,309,5394.020538330078,0,0,96,0,96
187845,3.0,15.0,2.0,3.0,3.0,3.0,0.4,0.5,10.0,310,5362.525672912598,0,0,93,0,93
187845,3.0,15.0,2.0,3.0,3.0,3.0,0.4,0.5,10.0,311,5293.157091140747,0,0,86,0,86
187845,3.0,15.0,2.0,3.0,3.0,3.0,0.4,0.5,10.0,312,5296.446363925934,0,0,75,0,75
187845,3.0,15.0,2.0,3.0,3.0,3.0,0.4,0.5,10.0,313,5120.557954907417,0,0,69,0,69
187845,3.0,15.0,2.0,3.0,3.0,3.0,0.4,0.5,10.0,314,4840.697443634272,0,0,71,0,71
187845,3.0,15.0,2.0,3.0,3.0,3.0,0.4,0.5,10.0,315,4340.8718045428395,0,0,68,0,68
187845,3.0,15.0,2.0,3.0,3.0,3.0,0.4,0.5,10.0,316,3716.0897556785494,0,0,68,0,68
187845,3.0,15.0,2.0,3.0,3.0,3.0,0.4,0.5,10.0,317,3625.1121945981868,0,0,73,0,73
187845,3.0,15.0,2.0,3.0,3.0,3.0,0.4,0.5,10.0,318,4081.3902432477335,0,0,71,0,71
187845,3.0,15.0,2.0,3.0,3.0,3.0,0.4,0.5,10.0,319,4261.737804059667,0,0,65,0,65
187845,3.0,15.0,2.0,3.0,3.0,3.0,0.4,0.5,10.0,320,4757.1722550745835,0,0,58,0,58
187845,3.0,15.0,2.0,3.0,3.0,3.0,0.4,0.5,10.0,321,4956.465318843229,0,0,55,0,55
187845,3.0,15.0,2.0,3.0,3.0,3.0,0.4,0.5,10.0,322,5235.581648554036,0,0,53,0,53
187845,3.0,15.0,2.0,3.0,3.0,3.0,0.4,0.5,10.0,323,5644.477060692545,0,0,46,0,46
187845,3.0,15.0,2.0,3.0,3.0,3.0,0.4,0.5,10.0,324,6005.596325865681,0,0,47,0,47
187845,3.0,15.0,2.0,3.0,3.0,3.0,0.4,0.5,10.0,325,6366.995407332101,0,0,43,0,43
187845,3.0,15.0,2.0,3.0,3.0,3.0,0.4,0.5,10.0,326,6878.744259165127,0,0,40,0,40
187845,3.0,15.0,2.0,3.0,3.0,3.0,0.4,0.5,10.0,327,7488.430323956409,0,0,45,0,45
187845,3.0,15.0,2.0,3.0,3.0,3.0,0.4,0.5,10.0,328,8160.537904945511,0,0,44,0,44
187845,3.0,15.0,2.0,3.0,3.0,3.0,0.4,0.5,10.0,329,8890.0,0,0,40,0,40
187845,3.0,15.0,2.0,3.0,3.0,3.0,0.4,0.5,10.0,330,8830.0,0,0,46,0,46
187845,3.0,15.0,2.0,3.0,3.0,3.0,0.4,0.5,10.0,331,8620.0,0,0,53,0,53
187845,3.0,15.0,2.0,3.0,3.0,3.0,0.4,0.5,10.0,332,8530.0,0,0,54,0,54
187845,3.0,15.0,2.0,3.0,3.0,3.0,0.4,0.5,10.0,333,8500.0,0,0,58,0,58
187845,3.0,15.0,2.0,3.0,3.0,3.0,0.4,0.5,10.0,334,8320.0,0,0,63,0,63
187845,3.0,15.0,2.0,3.0,3.0,3.0,0.4,0.5,10.0,335,8260.0,0,0,64,0,64
187845,3.0,15.0,2.0,3.0,3.0,3.0,0.4,0.5,10.0,336,8170.0,0,0,72,0,72
187845,3.0,15.0,2.0,3.0,3.0,3.0,0.4,0.5,10.0,337,7900.0,0,0,80,0,80
187845,3.0,15.0,2.0,3.0,3.0,3.0,0.4,0.5,10.0,338,7655.0,0,0,80,0,80
187845,3.0,15.0,2.0,3.0,3.0,3.0,0.4,0.5,10.0,339,7378.75,0,0,87,0,87
187845,3.0,15.0,2.0,3.0,3.0,3.0,0.4,0.5,10.0,340,6703.4375,0,0,94,0,94
187845,3.0,15.0,2.0,3.0,3.0,3.0,0.4,0.5,10.0,341,5769.296875,0,0,97,0,97
187845,3.0,15.0,2.0,3.0,3.0,3.0,0.4,0.5,10.0,342,5171.62109375,0,0,102,0,102
187845,3.0,15.0,2.0,3.0,3.0,3.0,0.4,0.5,10.0,343,5504.5263671875,0,0,103,0,103
187845,3.0,15.0,2.0,3.0,3.0,3.0,0.4,0.5,10.0,344,5920.657958984375,0,0,96,0,96
187845,3.0,15.0,2.0,3.0,3.0,3.0,0.4,0.5,10.0,345,6500.822448730469,0,0,90,0,90
187845,3.0,15.0,2.0,3.0,3.0,3.0,0.4,0.5,10.0,346,7226.028060913086,0,0,88,0,88
187845,3.0,15.0,2.0,3.0,3.0,3.0,0.4,0.5,10.0,347,7592.535076141357,0,0,79,0,79
187845,3.0,15.0,2.0,3.0,3.0,3.0,0.4,0.5,10.0,348,8050.668845176697,0,0,69,0,69
187845,3.0,15.0,2.0,3.0,3.0,3.0,0.4,0.5,10.0,349,8650.0,0,0,63,0,63
187845,3.0,15.0,2.0,3.0,3.0,3.0,0.4,0.5,10.0,350,8470.0,0,0,65,0,65
187845,3.0,15.0,2.0,3.0,3.0,3.0,0.4,0.5,10.0,351,8350.0,0,0,61,0,61
187845,3.0,15.0,2.0,3.0,3.0,3.0,0.4,0.5,10.0,352,8530.0,0,0,56,0,56
187845,3.0,15.0,2.0,3.0,3.0,3.0,0.4,0.5,10.0,353,8680.0,0,0,52,0,52
187845,3.0,15.0,2.0,3.0,3.0,3.0,0.4,0.5,10.0,354,8620.0,0,0,52,0,52
187845,3.0,15.0,2.0,3.0,3.0,3.0,0.4,0.5,10.0,355,8530.0,0,0,56,0,56
187845,3.0,15.0,2.0,3.0,3.0,3.0,0.4,0.5,10.0,356,8380.0,0,0,62,0,62
187845,3.0,15.0,2.0,3.0,3.0,3.0,0.4,0.5,10.0,357,8260.0,0,0,65,0,65
187845,3.0,15.0,2.0,3.0,3.0,3.0,0.4,0.5,10.0,358,8200.0,0,0,68,0,68
187845,3.0,15.0,2.0,3.0,3.0,3.0,0.4,0.5,10.0,359,8020.0,0,0,76,0,76
187845,3.0,15.0,2.0,3.0,3.0,3.0,0.4,0.5,10.0,360,7780.0,0,0,84,0,84
187845,3.0,15.0,2.0,3.0,3.0,3.0,0.4,0.5,10.0,361,7385.0,0,0,88,0,88
187845,3.0,15.0,2.0,3.0,3.0,3.0,0.4,0.5,10.0,362,6681.25,0,0,95,0,95
187845,3.0,15.0,2.0,3.0,3.0,3.0,0.4,0.5,10.0,363,5771.5625,0,0,99,0,99
187845,3.0,15.0,2.0,3.0,3.0,3.0,0.4,0.5,10.0,364,5384.453125,0,0,103,0,103
187845,3.0,15.0,2.0,3.0,3.0,3.0,0.4,0.5,10.0,365,5560.56640625,0,0,99,0,99
187845,3.0,15.0,2.0,3.0,3.0,3.0,0.4,0.5,10.0,366,5720.7080078125,0,0,99,0,99
187845,3.0,15.0,2.0,3.0,3.0,3.0,0.4,0.5,10.0,367,5980.885009765625,0,0,95,0,95
187845,3.0,15.0,2.0,3.0,3.0,3.0,0.4,0.5,10.0,368,6246.106262207031,0,0,93,0,93
187845,3.0,15.0,2.0,3.0,3.0,3.0,0.4,0.5,10.0,369,6637.632827758789,0,0,87,0,87
187845,3.0,15.0,2.0,3.0,3.0,3.0,0.4,0.5,10.0,370,6887.041034698486,0,0,83,0,83
187845,3.0,15.0,2.0,3.0,3.0,3.0,0.4,0.5,10.0,371,7138.801293373108,0,0,74,0,74
187845,3.0,15.0,2.0,3.0,3.0,3.0,0.4,0.5,10.0,372,7393.501616716385,0,0,67,0,67
187845,3.0,15.0,2.0,3.0,3.0,3.0,0.4,0.5,10.0,373,7591.877020895481,0,0,67,0,67
187845,3.0,15.0,2.0,3.0,3.0,3.0,0.4,0.5,10.0,374,7779.846276119351,0,0,68,0,68
187845,3.0,15.0,2.0,3.0,3.0,3.0,0.4,0.5,10.0,375,8044.807845149189,0,0,62,0,62
187845,3.0,15.0,2.0,3.0,3.0,3.0,0.4,0.5,10.0,376,8290.0,0,0,64,0,64
187845,3.0,15.0,2.0,3.0,3.0,3.0,0.4,0.5,10.0,377,8200.0,0,0,68,0,68
187845,3.0,15.0,2.0,3.0,3.0,3.0,0.4,0.5,10.0,378,8080.0,0,0,73,0,73
187845,3.0,15.0,2.0,3.0,3.0,3.0,0.4,0.5,10.0,379,7960.0,0,0,77,0,77
187845,3.0,15.0,2.0,3.0,3.0,3.0,0.4,0.5,10.0,380,7760.0,0,0,85,0,85
187845,3.0,15.0,2.0,3.0,3.0,3.0,0.4,0.5,10.0,381,7330.0,0,0,86,0,86
187845,3.0,15.0,2.0,3.0,3.0,3.0,0.4,0.5,10.0,382,6642.5,0,0,96,0,96
187845,3.0,15.0,2.0,3.0,3.0,3.0,0.4,0.5,10.0,383,5633.125,0,0,104,0,104
187845,3.0,15.0,2.0,3.0,3.0,3.0,0.4,0.5,10.0,384,5541.40625,0,0,102,0,102
187845,3.0,15.0,2.0,3.0,3.0,3.0,0.4,0.5,10.0,385,5696.7578125,0,0,98,0,98
187845,3.0,15.0,2.0,3.0,3.0,3.0,0.4,0.5,10.0,386,5890.947265625,0,0,96,0,96
187845,3.0,15.0,2.0,3.0,3.0,3.0,0.4,0.5,10.0,387,6193.68408203125,0,0,96,0,96
187845,3.0,15.0,2.0,3.0,3.0,3.0,0.4,0.5,10.0,388,6392.1051025390625,0,0,91,0,91
187845,3.0,15.0,2.0,3.0,3.0,3.0,0.4,0.5,10.0,389,6850.131378173828,0,0,87,0,87
187845,3.0,15.0,2.0,3.0,3.0,3.0,0.4,0.5,10.0,390,7002.664222717285,0,0,79,0,79
187845,3.0,15.0,2.0,3.0,3.0,3.0,0.4,0.5,10.0,391,7193.330278396606,0,0,73,0,73
187845,3.0,15.0,2.0,3.0,3.0,3.0,0.4,0.5,10.0,392,7431.662847995758,0,0,67,0,67
187845,3.0,15.0,2.0,3.0,3.0,3.0,0.4,0.5,10.0,393,7669.578559994698,0,0,64,0,64
187845,3.0,15.0,2.0,3.0,3.0,3.0,0.4,0.5,10.0,394,7786.973199993372,0,0,70,0,70
187845,3.0,15.0,2.0,3.0,3.0,3.0,0.4,0.5,10.0,395,7963.716499991715,0,0,66,0,66
187845,3.0,15.0,2.0,3.0,3.0,3.0,0.4,0.5,10.0,396,8124.645624989644,0,0,67,1,67
187845,3.0,15.0,2.0,3.0,3.0,3.0,0.4,0.5,10.0,397,8080.0,0,0,73,1,73
187845,3.0,15.0,2.0,3.0,3.0,3.0,0.4,0.5,10.0,398,7870.0,0,0,81,1,81
187845,3.0,15.0,2.0,3.0,3.0,3.0,0.4,0.5,10.0,399,7527.5,0,0,82,2,82
187845,3.0,15.0,2.0,3.0,3.0,3.0,0.4,0.5,10.0,400,7069.375,0,0,88,2,88
187845,3.0,15.0,2.0,3.0,3.0,3.0,0.4,0.5,10.0,401,6286.71875,0,0,98,2,98
187845,3.0,15.0,2.0,3.0,3.0,3.0,0.4,0.5,10.0,402,5428.3984375,0,0,97,2,97
187845,3.0,15.0,2.0,3.0,3.0,3.0,0.4,0.5,10.0,403,5195.498046875,0,0,94,2,94
187845,3.0,15.0,2.0,3.0,3.0,3.0,0.4,0.5,10.0,404,5474.37255859375,0,0,97,2,97
187845,3.0,15.0,2.0,3.0,3.0,3.0,0.4,0.5,10.0,405,5672.9656982421875,0,0,93,2,93
187845,3.0,15.0,2.0,3.0,3.0,3.0,0.4,0.5,10.0,406,5951.207122802734,0,0,87,2,87
187845,3.0,15.0,2.0,3.0,3.0,3.0,0.4,0.5,10.0,407,6269.008903503418,0,0,89,1,89
187845,3.0,15.0,2.0,3.0,3.0,3.0,0.4,0.5,10.0,408,6696.2611293792725,0,0,85,1,85
187845,3.0,15.0,2.0,3.0,3.0,3.0,0.4,0.5,10.0,409,6900.326411724091,0,0,73,1,73
187845,3.0,15.0,2.0,3.0,3.0,3.0,0.4,0.5,10.0,410,7065.408014655113,0,0,71,0,71
187845,3.0,15.0,2.0,3.0,3.0,3.0,0.4,0.5,10.0,411,7121.7600183188915,0,0,66,0,66
187845,3.0,15.0,2.0,3.0,3.0,3.0,0.4,0.5,10.0,412,7222.200022898614,0,0,64,0,64
187845,3.0,15.0,2.0,3.0,3.0,3.0,0.4,0.5,10.0,413,7347.750028623268,0,0,66,0,66
187845,3.0,15.0,2.0,3.0,3.0,3.0,0.4,0.5,10.0,414,7294.687535779085,0,0,70,0,70
187845,3.0,15.0,2.0,3.0,3.0,3.0,0.4,0.5,10.0,415,7258.359419723856,0,0,68,0,68
187845,3.0,15.0,2.0,3.0,3.0,3.0,0.4,0.5,10.0,416,7212.94927465482,0,0,72,0,72
187845,3.0,15.0,2.0,3.0,3.0,3.0,0.4,0.5,10.0,417,6916.186593318525,0,0,79,0,79
187845,3.0,15.0,2.0,3.0,3.0,3.0,0.4,0.5,10.0,418,6395.233241648157,0,0,86,0,86
187845,3.0,15.0,2.0,3.0,3.0,3.0,0.4,0.5,10.0,419,5594.041552060196,0,0,92,0,92
187845,3.0,15.0,2.0,3.0,3.0,3.0,0.4,0.5,10.0,420,5072.5519400752455,0,0,93,0,93
187845,3.0,15.0,2.0,3.0,3.0,3.0,0.4,0.5,10.0,421,5020.689925094057,0,0,90,0,90
187845,3.0,15.0,2.0,3.0,3.0,3.0,0.4,0.5,10.0,422,5045.862406367571,0,0,90,0,90
187845,3.0,15.0,2.0,3.0,3.0,3.0,0.4,0.5,10.0,423,5167.328007959463,0,0,91,0,91
187845,3.0,15.0,2.0,3.0,3.0,3.0,0.4,0.5,10.0,424,5409.160009949329,0,0,86,0,86
187845,3.0,15.0,2.0,3.0,3.0,3.0,0.4,0.5,10.0,425,5531.450012436661,0,0,84,0,84
187845,3.0,15.0,2.0,3.0,3.0,3.0,0.4,0.5,10.0,426,5624.3125155458265,0,0,78,0,78
187845,3.0,15.0,2.0,3.0,3.0,3.0,0.4,0.5,10.0,427,5650.390644432283,0,0,72,0,72
187845,3.0,15.0,2.0,3.0,3.0,3.0,0.4,0.5,10.0,428,5502.988305540353,0,0,69,0,69
187845,3.0,15.0,2.0,3.0,3.0,3.0,0.4,0.5,10.0,429,5138.735381925442,0,0,66,0,66
187845,3.0,15.0,2.0,3.0,3.0,3.0,0.4,0.5,10.0,430,4683.419227406803,0,0,68,0,68
187845,3.0,15.0,2.0,3.0,3.0,3.0,0.4,0.5,10.0,431,4084.274034258504,0,0,66,1,66
187845,3.0,15.0,2.0,3.0,3.0,3.0,0.4,0.5,10.0,432,3425.3425428231294,0,0,62,1,62
187845,3.0,15.0,2.0,3.0,3.0,3.0,0.4,0.5,10.0,433,3411.6781785289113,0,0,64,1,64
187845,3.0,15.0,2.0,3.0,3.0,3.0,0.4,0.5,10.0,434,3514.5977231611396,0,0,59,1,59
187845,3.0,15.0,2.0,3.0,3.0,3.0,0.4,0.5,10.0,435,3793.2471539514245,0,0,57,1,57
187845,3.0,15.0,2.0,3.0,3.0,3.0,0.4,0.5,10.0,436,4111.55894243928,0,0,51,1,51
187845,3.0,15.0,2.0,3.0,3.0,3.0,0.4,0.5,10.0,437,4269.448678049101,0,0,49,1,49
187845,3.0,15.0,2.0,3.0,3.0,3.0,0.4,0.5,10.0,438,4496.810847561375,0,0,47,1,47
187845,3.0,15.0,2.0,3.0,3.0,3.0,0.4,0.5,10.0,439,4781.01355945172,0,0,42,1,42
187845,3.0,15.0,2.0,3.0,3.0,3.0,0.4,0.5,10.0,440,4986.2669493146495,0,0,40,1,40
187845,3.0,15.0,2.0,3.0,3.0,3.0,0.4,0.5,10.0,441,5392.833686643312,0,0,37,1,37
187845,3.0,15.0,2.0,3.0,3.0,3.0,0.4,0.5,10.0,442,5751.04210830414,0,0,34,1,34
187845,3.0,15.0,2.0,3.0,3.0,3.0,0.4,0.5,10.0,443,6258.802635380175,0,0,33,1,33
187845,3.0,15.0,2.0,3.0,3.0,3.0,0.4,0.5,10.0,444,6893.503294225219,0,0,36,0,36
187845,3.0,15.0,2.0,3.0,3.0,3.0,0.4,0.5,10.0,445,7566.879117781524,0,0,39,0,39
187845,3.0,15.0,2.0,3.0,3.0,3.0,0.4,0.5,10.0,446,8438.598897226904,0,0,38,0,38
187845,3.0,15.0,2.0,3.0,3.0,3.0,0.4,0.5,10.0,447,8920.0,0,0,42,0,42
187845,3.0,15.0,2.0,3.0,3.0,3.0,0.4,0.5,10.0,448,8770.0,0,0,46,0,46
187845,3.0,15.0,2.0,3.0,3.0,3.0,0.4,0.5,10.0,449,8770.0,0,0,45,0,45
187845,3.0,15.0,2.0,3.0,3.0,3.0,0.4,0.5,10.0,450,8740.0,0,0,49,0,49
187845,3.0,15.0,2.0,3.0,3.0,3.0,0.4,0.5,10.0,451,8560.0,0,0,56,0,56
187845,3.0,15.0,2.0,3.0,3.0,3.0,0.4,0.5,10.0,452,8410.0,0,0,58,0,58
187845,3.0,15.0,2.0,3.0,3.0,3.0,0.4,0.5,10.0,453,8380.0,0,0,60,0,60
187845,3.0,15.0,2.0,3.0,3.0,3.0,0.4,0.5,10.0,454,8290.0,0,0,67,0,67
187845,3.0,15.0,2.0,3.0,3.0,3.0,0.4,0.5,10.0,455,8110.0,0,0,67,0,67
187845,3.0,15.0,2.0,3.0,3.0,3.0,0.4,0.5,10.0,456,8110.0,0,0,73,0,73
187845,3.0,15.0,2.0,3.0,3.0,3.0,0.4,0.5,10.0,457,7900.0,0,0,82,0,82
187845,3.0,15.0,2.0,3.0,3.0,3.0,0.4,0.5,10.0,458,7625.0,0,0,81,0,81
187845,3.0,15.0,2.0,3.0,3.0,3.0,0.4,0.5,10.0,459,7161.25,0,0,89,0,89
187845,3.0,15.0,2.0,3.0,3.0,3.0,0.4,0.5,10.0,460,6401.5625,0,0,103,0,103
187845,3.0,15.0,2.0,3.0,3.0,3.0,0.4,0.5,10.0,461,5691.953125,0,0,104,0,104
187845,3.0,15.0,2.0,3.0,3.0,3.0,0.4,0.5,10.0,462,5554.94140625,0,0,98,0,98
187845,3.0,15.0,2.0,3.0,3.0,3.0,0.4,0.5,10.0,463,5593.6767578125,0,0,103,0,103
187845,3.0,15.0,2.0,3.0,3.0,3.0,0.4,0.5,10.0,464,5702.095947265625,0,0,100,0,100
187845,3.0,15.0,2.0,3.0,3.0,3.0,0.4,0.5,10.0,465,6197.619934082031,0,0,91,0,91
187845,3.0,15.0,2.0,3.0,3.0,3.0,0.4,0.5,10.0,466,6757.024917602539,0,0,89,0,89
187845,3.0,15.0,2.0,3.0,3.0,3.0,0.4,0.5,10.0,467,7066.281147003174,0,0,82,0,82
187845,3.0,15.0,2.0,3.0,3.0,3.0,0.4,0.5,10.0,468,7332.851433753967,0,0,73,0,73
187845,3.0,15.0,2.0,3.0,3.0,3.0,0.4,0.5,10.0,469,7456.064292192459,0,0,73,0,73
187845,3.0,15.0,2.0,3.0,3.0,3.0,0.4,0.5,10.0,470,7610.080365240574,0,0,65,0,65
187845,3.0,15.0,2.0,3.0,3.0,3.0,0.4,0.5,10.0,471,7772.600456550717,0,0,66,0,66
187845,3.0,15.0,2.0,3.0,3.0,3.0,0.4,0.5,10.0,472,8035.750570688397,0,0,60,0,60
187845,3.0,15.0,2.0,3.0,3.0,3.0,0.4,0.5,10.0,473,8350.0,0,0,61,0,61
187845,3.0,15.0,2.0,3.0,3.0,3.0,0.4,0.5,10.0,474,8230.0,0,0,70,0,70
187845,3.0,15.0,2.0,3.0,3.0,3.0,0.4,0.5,10.0,475,8050.0,0,0,72,0,72
187845,3.0,15.0,2.0,3.0,3.0,3.0,0.4,0.5,10.0,476,7990.0,0,0,75,0,75
187845,3.0,15.0,2.0,3.0,3.0,3.0,0.4,0.5,10.0,477,7887.5,0,0,82,0,82
187845,3.0,15.0,2.0,3.0,3.0,3.0,0.4,0.5,10.0,478,7549.375,0,0,88,0,88
187845,3.0,15.0,2.0,3.0,3.0,3.0,0.4,0.5,10.0,479,6916.71875,0,0,90,0,90
187845,3.0,15.0,2.0,3.0,3.0,3.0,0.4,0.5,10.0,480,6215.8984375,0,0,96,0,96
187845,3.0,15.0,2.0,3.0,3.0,3.0,0.4,0.5,10.0,481,5369.873046875,0,0,105,0,105
187845,3.0,15.0,2.0,3.0,3.0,3.0,0.4,0.5,10.0,482,5482.34130859375,0,0,100,0,100
187845,3.0,15.0,2.0,3.0,3.0,3.0,0.4,0.5,10.0,483,5742.9266357421875,0,0,99,0,99
187845,3.0,15.0,2.0,3.0,3.0,3.0,0.4,0.5,10.0,484,5978.658294677734,0,0,96,0,96
187845,3.0,15.0,2.0,3.0,3.0,3.0,0.4,0.5,10.0,485,6393.322868347168,0,0,96,0,96
187845,3.0,15.0,2.0,3.0,3.0,3.0,0.4,0.5,10.0,486,6701.65358543396,0,0,88,0,88
187845,3.0,15.0,2.0,3.0,3.0,3.0,0.4,0.5,10.0,487,6937.06698179245,0,0,83,0,83
187845,3.0,15.0,2.0,3.0,3.0,3.0,0.4,0.5,10.0,488,7081.333727240562,0,0,77,0,77
187845,3.0,15.0,2.0,3.0,3.0,3.0,0.4,0.5,10.0,489,7201.667159050703,0,0,68,0,68
187845,3.0,15.0,2.0,3.0,3.0,3.0,0.4,0.5,10.0,490,7352.083948813379,0,0,67,0,67
187845,3.0,15.0,2.0,3.0,3.0,3.0,0.4,0.5,10.0,491,7600.1049360167235,0,0,63,0,63
187845,3.0,15.0,2.0,3.0,3.0,3.0,0.4,0.5,10.0,492,7850.131170020904,0,0,58,0,58
187845,3.0,15.0,2.0,3.0,3.0,3.0,0.4,0.5,10.0,493,8192.66396252613,0,0,61,0,61
187845,3.0,15.0,2.0,3.0,3.0,3.0,0.4,0.5,10.0,494,8260.0,0,0,67,0,67
187845,3.0,15.0,2.0,3.0,3.0,3.0,0.4,0.5,10.0,495,8080.0,0,0,71,0,71
187845,3.0,15.0,2.0,3.0,3.0,3.0,0.4,0.5,10.0,496,7960.0,0,0,74,0,74
187845,3.0,15.0,2.0,3.0,3.0,3.0,0.4,0.5,10.0,497,7880.0,0,0,81,0,81
187845,3.0,15.0,2.0,3.0,3.0,3.0,0.4,0.5,10.0,498,7510.0,0,0,88,0,88
187845,3.0,15.0,2.0,3.0,3.0,3.0,0.4,0.5,10.0,499,6927.5,0,0,91,0,91