Exp Num,agent:svo_convergence_factor,agent:params:metabolism,agent:params:consumption_factor,agent:params:procreate_cost_factor,agent:params:procreate_req_factor,agent:params:start_energy_factor,agent:params:caught_chance,agent:params:caught_cooldown_factor,agent:params:maximum_age,Epoch,Resource,A,B,C,D,E
16339,1.0,5.0,3.0,9.0,2.0,2.0,0.4,0.30000000000000004,50.0,0,3500.0,15,33,11,23,77
16339,1.0,5.0,3.0,9.0,2.0,2.0,0.4,0.30000000000000004,50.0,1,2935.0,15,33,11,23,77
16339,1.0,5.0,3.0,9.0,2.0,2.0,0.4,0.30000000000000004,50.0,2,2753.75,15,33,11,23,77
16339,1.0,5.0,3.0,9.0,2.0,2.0,0.4,0.30000000000000004,50.0,3,2767.1875,15,33,11,23,77
16339,1.0,5.0,3.0,9.0,2.0,2.0,0.4,0.30000000000000004,50.0,4,2948.984375,15,33,11,22,77
16339,1.0,5.0,3.0,9.0,2.0,2.0,0.4,0.30000000000000004,50.0,5,3191.23046875,15,33,11,22,77
16339,1.0,5.0,3.0,9.0,2.0,2.0,0.4,0.30000000000000004,50.0,6,3524.0380859375,15,33,11,22,77
16339,1.0,5.0,3.0,9.0,2.0,2.0,0.4,0.30000000000000004,50.0,7,3730.047607421875,14,29,11,20,72
16339,1.0,5.0,3.0,9.0,2.0,2.0,0.4,0.30000000000000004,50.0,8,3777.5595092773438,14,28,14,21,74
16339,1.0,5.0,3.0,9.0,2.0,2.0,0.4,0.30000000000000004,50.0,9,3776.9493865966797,14,28,17,21,77
16339,1.0,5.0,3.0,9.0,2.0,2.0,0.4,0.30000000000000004,50.0,10,3776.1867332458496,13,26,20,20,77
16339,1.0,5.0,3.0,9.0,2.0,2.0,0.4,0.30000000000000004,50.0,11,3670.233416557312,12,23,22,19,75
16339,1.0,5.0,3.0,9.0,2.0,2.0,0.4,0.30000000000000004,50.0,12,3477.79177069664,12,30,24,22,84
16339,1.0,5.0,3.0,9.0,2.0,2.0,0.4,0.30000000000000004,50.0,13,3087.2397133708,10,28,32,26,89
16339,1.0,5.0,3.0,9.0,2.0,2.0,0.4,0.30000000000000004,50.0,14,3169.0496417135,10,28,34,24,91
16339,1.0,5.0,3.0,9.0,2.0,2.0,0.4,0.30000000000000004,50.0,15,3361.312052141875,10,29,37,25,95
16339,1.0,5.0,3.0,9.0,2.0,2.0,0.4,0.30000000000000004,50.0,16,3541.640065177344,8,31,39,26,97
16339,1.0,5.0,3.0,9.0,2.0,2.0,0.4,0.30000000000000004,50.0,17,3722.0500814716797,8,32,43,28,102
16339,1.0,5.0,3.0,9.0,2.0,2.0,0.4,0.30000000000000004,50.0,18,3857.5626018395997,8,33,47,29,108
16339,1.0,5.0,3.0,9.0,2.0,2.0,0.4,0.30000000000000004,50.0,19,4086.9532522994996,7,34,53,30,114
16339,1.0,5.0,3.0,9.0,2.0,2.0,0.4,0.30000000000000004,50.0,20,4268.6915653743745,7,33,57,31,117
16339,1.0,5.0,3.0,9.0,2.0,2.0,0.4,0.30000000000000004,50.0,21,4450.864456717968,7,35,63,31,125
16339,1.0,5.0,3.0,9.0,2.0,2.0,0.4,0.30000000000000004,50.0,22,4588.58057089746,7,36,70,32,134
16339,1.0,5.0,3.0,9.0,2.0,2.0,0.4,0.30000000000000004,50.0,23,4775.725713621825,6,37,75,32,138
16339,1.0,5.0,3.0,9.0,2.0,2.0,0.4,0.30000000000000004,50.0,24,4994.657142027281,5,36,83,34,144
16339,1.0,5.0,3.0,9.0,2.0,2.0,0.4,0.30000000000000004,50.0,25,5193.3214275341015,3,37,83,37,142
16339,1.0,5.0,3.0,9.0,2.0,2.0,0.4,0.30000000000000004,50.0,26,5306.651784417627,2,37,87,39,145
16339,1.0,5.0,3.0,9.0,2.0,2.0,0.4,0.30000000000000004,50.0,27,5373.314730522034,2,37,88,44,146
16339,1.0,5.0,3.0,9.0,2.0,2.0,0.4,0.30000000000000004,50.0,28,5366.643413152542,2,34,96,44,149
16339,1.0,5.0,3.0,9.0,2.0,2.0,0.4,0.30000000000000004,50.0,29,5493.304266440678,2,33,99,44,150
16339,1.0,5.0,3.0,9.0,2.0,2.0,0.4,0.30000000000000004,50.0,30,5546.630333050847,2,34,109,44,160
16339,1.0,5.0,3.0,9.0,2.0,2.0,0.4,0.30000000000000004,50.0,31,5748.2879163135585,2,34,115,42,165
16339,1.0,5.0,3.0,9.0,2.0,2.0,0.4,0.30000000000000004,50.0,32,6000.359895391948,1,35,123,42,172
16339,1.0,5.0,3.0,9.0,2.0,2.0,0.4,0.30000000000000004,50.0,33,6165.449869239936,1,31,129,40,174
16339,1.0,5.0,3.0,9.0,2.0,2.0,0.4,0.30000000000000004,50.0,34,6251.81233654992,1,30,140,38,184
16339,1.0,5.0,3.0,9.0,2.0,2.0,0.4,0.30000000000000004,50.0,35,6344.7654206873995,1,29,149,36,192
16339,1.0,5.0,3.0,9.0,2.0,2.0,0.4,0.30000000000000004,50.0,36,6580.956775859249,1,29,160,34,203
16339,1.0,5.0,3.0,9.0,2.0,2.0,0.4,0.30000000000000004,50.0,37,6936.195969824061,1,29,169,33,212
16339,1.0,5.0,3.0,9.0,2.0,2.0,0.4,0.30000000000000004,50.0,38,7215.244962280076,1,28,174,33,216
16339,1.0,5.0,3.0,9.0,2.0,2.0,0.4,0.30000000000000004,50.0,39,7474.056202850095,1,28,178,33,220
16339,1.0,5.0,3.0,9.0,2.0,2.0,0.4,0.30000000000000004,50.0,40,7647.570253562619,1,26,192,31,231
16339,1.0,5.0,3.0,9.0,2.0,2.0,0.4,0.30000000000000004,50.0,41,7699.462816953273,1,23,208,30,244
16339,1.0,5.0,3.0,9.0,2.0,2.0,0.4,0.30000000000000004,50.0,42,7944.328521191592,1,23,216,28,252
16339,1.0,5.0,3.0,9.0,2.0,2.0,0.4,0.30000000000000004,50.0,43,8130.41065148949,1,20,229,27,261
16339,1.0,5.0,3.0,9.0,2.0,2.0,0.4,0.30000000000000004,50.0,44,8245.0,1,19,240,23,271
16339,1.0,5.0,3.0,9.0,2.0,2.0,0.4,0.30000000000000004,50.0,45,8485.0,0,19,245,23,275
16339,1.0,5.0,3.0,9.0,2.0,2.0,0.4,0.30000000000000004,50.0,46,8545.0,0,16,249,21,276
16339,1.0,5.0,3.0,9.0,2.0,2.0,0.4,0.30000000000000004,50.0,47,8500.0,0,16,254,20,279
16339,1.0,5.0,3.0,9.0,2.0,2.0,0.4,0.30000000000000004,50.0,48,8650.0,0,16,259,18,284
16339,1.0,5.0,3.0,9.0,2.0,2.0,0.4,0.30000000000000004,50.0,49,8620.0,0,14,263,18,285
16339,1.0,5.0,3.0,9.0,2.0,2.0,0.4,0.30000000000000004,50.0,50,8620.0,0,13,269,14,288
16339,1.0,5.0,3.0,9.0,2.0,2.0,0.4,0.30000000000000004,50.0,51,8695.0,0,12,275,14,292
16339,1.0,5.0,3.0,9.0,2.0,2.0,0.4,0.30000000000000004,50.0,52,8605.0,0,11,278,12,290
16339,1.0,5.0,3.0,9.0,2.0,2.0,0.4,0.30000000000000004,50.0,53,8770.0,0,10,284,12,295
16339,1.0,5.0,3.0,9.0,2.0,2.0,0.4,0.30000000000000004,50.0,54,8950.0,0,10,284,12,295
16339,1.0,5.0,3.0,9.0,2.0,2.0,0.4,0.30000000000000004,50.0,55,8875.0,0,9,281,11,291
16339,1.0,5.0,3.0,9.0,2.0,2.0,0.4,0.30000000000000004,50.0,56,8725.0,0,9,286,11,296
16339,1.0,5.0,3.0,9.0,2.0,2.0,0.4,0.30000000000000004,50.0,57,8845.0,0,8,286,11,295
16339,1.0,5.0,3.0,9.0,2.0,2.0,0.4,0.30000000000000004,50.0,58,8740.0,0,8,284,9,293
16339,1.0,5.0,3.0,9.0,2.0,2.0,0.4,0.30000000000000004,50.0,59,8620.0,0,6,271,8,278
16339,1.0,5.0,3.0,9.0,2.0,2.0,0.4,0.30000000000000004,50.0,60,8470.0,0,6,273,5,280
16339,1.0,5.0,3.0,9.0,2.0,2.0,0.4,0.30000000000000004,50.0,61,8380.0,0,5,279,4,284
16339,1.0,5.0,3.0,9.0,2.0,2.0,0.4,0.30000000000000004,50.0,62,8260.0,0,4,287,3,291
16339,1.0,5.0,3.0,9.0,2.0,2.0,0.4,0.30000000000000004,50.0,63,8080.0,0,3,280,3,283
16339,1.0,5.0,3.0,9.0,2.0,2.0,0.4,0.30000000000000004,50.0,64,8065.0,0,3,284,2,287
16339,1.0,5.0,3.0,9.0,2.0,2.0,0.4,0.30000000000000004,50.0,65,8095.0,0,2,286,2,288
16339,1.0,5.0,3.0,9.0,2.0,2.0,0.4,0.30000000000000004,50.0,66,8185.0,0,2,291,2,293
16339,1.0,5.0,3.0,9.0,2.0,2.0,0.4,0.30000000000000004,50.0,67,8290.0,0,2,298,2,300
16339,1.0,5.0,3.0,9.0,2.0,2.0,0.4,0.30000000000000004,50.0,68,8515.0,0,2,299,1,301
16339,1.0,5.0,3.0,9.0,2.0,2.0,0.4,0.30000000000000004,50.0,69,8605.0,0,2,299,1,301
16339,1.0,5.0,3.0,9.0,2.0,2.0,0.4,0.30000000000000004,50.0,70,8695.0,0,2,303,1,305
16339,1.0,5.0,3.0,9.0,2.0,2.0,0.4,0.30000000000000004,50.0,71,8800.0,0,2,305,1,307
16339,1.0,5.0,3.0,9.0,2.0,2.0,0.4,0.30000000000000004,50.0,72,8965.0,0,1,309,1,310
16339,1.0,5.0,3.0,9.0,2.0,2.0,0.4,0.30000000000000004,50.0,73,8995.0,0,1,311,1,312
16339,1.0,5.0,3.0,9.0,2.0,2.0,0.4,0.30000000000000004,50.0,74,8995.0,0,1,307,1,308
16339,1.0,5.0,3.0,9.0,2.0,2.0,0.4,0.30000000000000004,50.0,75,8965.0,0,1,305,0,306
16339,1.0,5.0,3.0,9.0,2.0,2.0,0.4,0.30000000000000004,50.0,76,8845.0,0,1,303,0,304
16339,1.0,5.0,3.0,9.0,2.0,2.0,0.4,0.30000000000000004,50.0,77,8770.0,0,1,302,0,303
16339,1.0,5.0,3.0,9.0,2.0,2.0,0.4,0.30000000000000004,50.0,78,8635.0,0,1,299,0,300
16339,1.0,5.0,3.0,9.0,2.0,2.0,0.4,0.30000000000000004,50.0,79,8560.0,0,1,298,0,299
16339,1.0,5.0,3.0,9.0,2.0,2.0,0.4,0.30000000000000004,50.0,80,8545.0,0,1,299,0,300
16339,1.0,5.0,3.0,9.0,2.0,2.0,0.4,0.30000000000000004,50.0,81,8515.0,0,1,294,0,295
16339,1.0,5.0,3.0,9.0,2.0,2.0,0.4,0.30000000000000004,50.0,82,8455.0,0,1,283,0,284
16339,1.0,5.0,3.0,9.0,2.0,2.0,0.4,0.30000000000000004,50.0,83,8290.0,0,1,275,0,276
16339,1.0,5.0,3.0,9.0,2.0,2.0,0.4,0.30000000000000004,50.0,84,7975.0,0,1,285,0,286
16339,1.0,5.0,3.0,9.0,2.0,2.0,0.4,0.30000000000000004,50.0,85,7988.75,0,1,288,0,289
16339,1.0,5.0,3.0,9.0,2.0,2.0,0.4,0.30000000000000004,50.0,86,8155.9375,0,1,289,0,290
16339,1.0,5.0,3.0,9.0,2.0,2.0,0.4,0.30000000000000004,50.0,87,8245.0,0,1,294,0,295
16339,1.0,5.0,3.0,9.0,2.0,2.0,0.4,0.30000000000000004,50.0,88,8320.0,0,0,298,0,298
16339,1.0,5.0,3.0,9.0,2.0,2.0,0.4,0.30000000000000004,50.0,89,8470.0,0,0,299,0,299
16339,1.0,5.0,3.0,9.0,2.0,2.0,0.4,0.30000000000000004,50.0,90,8560.0,0,0,306,0,306
16339,1.0,5.0,3.0,9.0,2.0,2.0,0.4,0.30000000000000004,50.0,91,8740.0,0,0,308,0,308
16339,1.0,5.0,3.0,9.0,2.0,2.0,0.4,0.30000000000000004,50.0,92,8725.0,0,0,310,0,310
16339,1.0,5.0,3.0,9.0,2.0,2.0,0.4,0.30000000000000004,50.0,93,8980.0,0,0,312,0,312
16339,1.0,5.0,3.0,9.0,2.0,2.0,0.4,0.30000000000000004,50.0,94,9130.0,0,0,314,0,314
16339,1.0,5.0,3.0,9.0,2.0,2.0,0.4,0.30000000000000004,50.0,95,9190.0,0,0,314,0,314
16339,1.0,5.0,3.0,9.0,2.0,2.0,0.4,0.30000000000000004,50.0,96,9280.0,0,0,312,0,312
16339,1.0,5.0,3.0,9.0,2.0,2.0,0.4,0.30000000000000004,50.0,97,9265.0,0,0,299,0,299
16339,1.0,5.0,3.0,9.0,2.0,2.0,0.4,0.30000000000000004,50.0,98,9100.0,0,0,290,0,290
16339,1.0,5.0,3.0,9.0,2.0,2.0,0.4,0.30000000000000004,50.0,99,9040.0,0,0,285,0,285
16339,1.0,5.0,3.0,9.0,2.0,2.0,0.4,0.30000000000000004,50.0,100,8950.0,0,0,282,0,282
16339,1.0,5.0,3.0,9.0,2.0,2.0,0.4,0.30000000000000004,50.0,101,9025.0,0,0,268,0,268
16339,1.0,5.0,3.0,9.0,2.0,2.0,0.4,0.30000000000000004,50.0,102,8800.0,0,0,264,0,264
16339,1.0,5.0,3.0,9.0,2.0,2.0,0.4,0.30000000000000004,50.0,103,8770.0,0,0,256,0,256
16339,1.0,5.0,3.0,9.0,2.0,2.0,0.4,0.30000000000000004,50.0,104,8545.0,0,0,249,0,249
16339,1.0,5.0,3.0,9.0,2.0,2.0,0.4,0.30000000000000004,50.0,105,8380.0,0,0,238,0,238
16339,1.0,5.0,3.0,9.0,2.0,2.0,0.4,0.30000000000000004,50.0,106,8200.0,0,0,238,0,238
16339,1.0,5.0,3.0,9.0,2.0,2.0,0.4,0.30000000000000004,50.0,107,8005.0,0,0,235,0,235
16339,1.0,5.0,3.0,9.0,2.0,2.0,0.4,0.30000000000000004,50.0,108,7675.0,0,0,249,0,249
16339,1.0,5.0,3.0,9.0,2.0,2.0,0.4,0.30000000000000004,50.0,109,7118.75,0,0,259,0,259
16339,1.0,5.0,3.0,9.0,2.0,2.0,0.4,0.30000000000000004,50.0,110,7038.4375,0,0,273,0,273
16339,1.0,5.0,3.0,9.0,2.0,2.0,0.4,0.30000000000000004,50.0,111,7598.046875,0,0,277,0,277
16339,1.0,5.0,3.0,9.0,2.0,2.0,0.4,0.30000000000000004,50.0,112,8147.55859375,0,0,280,0,280
16339,1.0,5.0,3.0,9.0,2.0,2.0,0.4,0.30000000000000004,50.0,113,8740.0,0,0,281,0,281
16339,1.0,5.0,3.0,9.0,2.0,2.0,0.4,0.30000000000000004,50.0,114,8455.0,0,0,284,0,284
16339,1.0,5.0,3.0,9.0,2.0,2.0,0.4,0.30000000000000004,50.0,115,8530.0,0,0,292,0,292
16339,1.0,5.0,3.0,9.0,2.0,2.0,0.4,0.30000000000000004,50.0,116,8560.0,0,0,303,0,303
16339,1.0,5.0,3.0,9.0,2.0,2.0,0.4,0.30000000000000004,50.0,117,8830.0,0,0,316,0,316
16339,1.0,5.0,3.0,9.0,2.0,2.0,0.4,0.30000000000000004,50.0,118,9085.0,0,0,321,0,321
16339,1.0,5.0,3.0,9.0,2.0,2.0,0.4,0.30000000000000004,50.0,119,9220.0,0,0,318,0,318
16339,1.0,5.0,3.0,9.0,2.0,2.0,0.4,0.30000000000000004,50.0,120,9415.0,0,0,314,0,314
16339,1.0,5.0,3.0,9.0,2.0,2.0,0.4,0.30000000000000004,50.0,121,9445.0,0,0,301,0,301
16339,1.0,5.0,3.0,9.0,2.0,2.0,0.4,0.30000000000000004,50.0,122,9355.0,0,0,297,0,297
16339,1.0,5.0,3.0,9.0,2.0,2.0,0.4,0.30000000000000004,50.0,123,9295.0,0,0,285,0,285
16339,1.0,5.0,3.0,9.0,2.0,2.0,0.4,0.30000000000000004,50.0,124,9295.0,0,0,272,0,272
16339,1.0,5.0,3.0,9.0,2.0,2.0,0.4,0.30000000000000004,50.0,125,9190.0,0,0,267,0,267
16339,1.0,5.0,3.0,9.0,2.0,2.0,0.4,0.30000000000000004,50.0,126,9250.0,0,0,255,0,255
16339,1.0,5.0,3.0,9.0,2.0,2.0,0.4,0.30000000000000004,50.0,127,9100.0,0,0,236,0,236
16339,1.0,5.0,3.0,9.0,2.0,2.0,0.4,0.30000000000000004,50.0,128,9025.0,0,0,224,0,224
16339,1.0,5.0,3.0,9.0,2.0,2.0,0.4,0.30000000000000004,50.0,129,8875.0,0,0,213,0,213
16339,1.0,5.0,3.0,9.0,2.0,2.0,0.4,0.30000000000000004,50.0,130,8650.0,0,0,206,0,206
16339,1.0,5.0,3.0,9.0,2.0,2.0,0.4,0.30000000000000004,50.0,131,8440.0,0,0,199,0,199
16339,1.0,5.0,3.0,9.0,2.0,2.0,0.4,0.30000000000000004,50.0,132,8200.0,0,0,202,0,202
16339,1.0,5.0,3.0,9.0,2.0,2.0,0.4,0.30000000000000004,50.0,133,7945.0,0,0,208,0,208
16339,1.0,5.0,3.0,9.0,2.0,2.0,0.4,0.30000000000000004,50.0,134,7636.25,0,0,218,0,218
16339,1.0,5.0,3.0,9.0,2.0,2.0,0.4,0.30000000000000004,50.0,135,6785.3125,0,0,242,0,242
16339,1.0,5.0,3.0,9.0,2.0,2.0,0.4,0.30000000000000004,50.0,136,6561.640625,0,0,254,0,254
16339,1.0,5.0,3.0,9.0,2.0,2.0,0.4,0.30000000000000004,50.0,137,6807.05078125,0,0,259,0,259
16339,1.0,5.0,3.0,9.0,2.0,2.0,0.4,0.30000000000000004,50.0,138,7203.8134765625,0,0,266,0,266
16339,1.0,5.0,3.0,9.0,2.0,2.0,0.4,0.30000000000000004,50.0,139,7819.766845703125,0,0,274,0,274
16339,1.0,5.0,3.0,9.0,2.0,2.0,0.4,0.30000000000000004,50.0,140,8604.708557128906,0,0,282,0,282
16339,1.0,5.0,3.0,9.0,2.0,2.0,0.4,0.30000000000000004,50.0,141,8770.0,0,0,286,0,286
16339,1.0,5.0,3.0,9.0,2.0,2.0,0.4,0.30000000000000004,50.0,142,8620.0,0,0,294,0,294
16339,1.0,5.0,3.0,9.0,2.0,2.0,0.4,0.30000000000000004,50.0,143,8695.0,0,0,305,0,305
16339,1.0,5.0,3.0,9.0,2.0,2.0,0.4,0.30000000000000004,50.0,144,8800.0,0,0,312,0,312
16339,1.0,5.0,3.0,9.0,2.0,2.0,0.4,0.30000000000000004,50.0,145,9130.0,0,0,316,0,316
16339,1.0,5.0,3.0,9.0,2.0,2.0,0.4,0.30000000000000004,50.0,146,9220.0,0,0,316,0,316
16339,1.0,5.0,3.0,9.0,2.0,2.0,0.4,0.30000000000000004,50.0,147,9220.0,0,0,309,0,309
16339,1.0,5.0,3.0,9.0,2.0,2.0,0.4,0.30000000000000004,50.0,148,9160.0,0,0,294,0,294
16339,1.0,5.0,3.0,9.0,2.0,2.0,0.4,0.30000000000000004,50.0,149,9130.0,0,0,287,0,287
16339,1.0,5.0,3.0,9.0,2.0,2.0,0.4,0.30000000000000004,50.0,150,9145.0,0,0,280,0,280
16339,1.0,5.0,3.0,9.0,2.0,2.0,0.4,0.30000000000000004,50.0,151,8935.0,0,0,268,0,268
16339,1.0,5.0,3.0,9.0,2.0,2.0,0.4,0.30000000000000004,50.0,152,8815.0,0,0,258,0,258
16339,1.0,5.0,3.0,9.0,2.0,2.0,0.4,0.30000000000000004,50.0,153,8845.0,0,0,241,0,241
16339,1.0,5.0,3.0,9.0,2.0,2.0,0.4,0.30000000000000004,50.0,154,8545.0,0,0,243,0,243
16339,1.0,5.0,3.0,9.0,2.0,2.0,0.4,0.30000000000000004,50.0,155,8275.0,0,0,250,0,250
16339,1.0,5.0,3.0,9.0,2.0,2.0,0.4,0.30000000000000004,50.0,156,8170.0,0,0,246,0,246
16339,1.0,5.0,3.0,9.0,2.0,2.0,0.4,0.30000000000000004,50.0,157,7885.0,0,0,251,0,251
16339,1.0,5.0,3.0,9.0,2.0,2.0,0.4,0.30000000000000004,50.0,158,7486.25,0,0,265,0,265
16339,1.0,5.0,3.0,9.0,2.0,2.0,0.4,0.30000000000000004,50.0,159,7362.8125,0,0,277,0,277
16339,1.0,5.0,3.0,9.0,2.0,2.0,0.4,0.30000000000000004,50.0,160,7613.515625,0,0,279,0,279
16339,1.0,5.0,3.0,9.0,2.0,2.0,0.4,0.30000000000000004,50.0,161,7926.89453125,0,0,275,0,275
16339,1.0,5.0,3.0,9.0,2.0,2.0,0.4,0.30000000000000004,50.0,162,8228.6181640625,0,0,286,0,286
16339,1.0,5.0,3.0,9.0,2.0,2.0,0.4,0.30000000000000004,50.0,163,8290.0,0,0,292,0,292
16339,1.0,5.0,3.0,9.0,2.0,2.0,0.4,0.30000000000000004,50.0,164,8440.0,0,0,298,0,298
16339,1.0,5.0,3.0,9.0,2.0,2.0,0.4,0.30000000000000004,50.0,165,8695.0,0,0,307,0,307
16339,1.0,5.0,3.0,9.0,2.0,2.0,0.4,0.30000000000000004,50.0,166,8740.0,0,0,315,0,315
16339,1.0,5.0,3.0,9.0,2.0,2.0,0.4,0.30000000000000004,50.0,167,9145.0,0,0,319,0,319
16339,1.0,5.0,3.0,9.0,2.0,2.0,0.4,0.30000000000000004,50.0,168,9175.0,0,0,319,0,319
16339,1.0,5.0,3.0,9.0,2.0,2.0,0.4,0.30000000000000004,50.0,169,9310.0,0,0,311,0,311
16339,1.0,5.0,3.0,9.0,2.0,2.0,0.4,0.30000000000000004,50.0,170,9145.0,0,0,313,0,313
16339,1.0,5.0,3.0,9.0,2.0,2.0,0.4,0.30000000000000004,50.0,171,9220.0,0,0,306,0,306
16339,1.0,5.0,3.0,9.0,2.0,2.0,0.4,0.30000000000000004,50.0,172,9100.0,0,0,297,0,297
16339,1.0,5.0,3.0,9.0,2.0,2.0,0.4,0.30000000000000004,50.0,173,9145.0,0,0,288,0,288
16339,1.0,5.0,3.0,9.0,2.0,2.0,0.4,0.30000000000000004,50.0,174,9130.0,0,0,281,0,281
16339,1.0,5.0,3.0,9.0,2.0,2.0,0.4,0.30000000000000004,50.0,175,9010.0,0,0,271,0,271
16339,1.0,5.0,3.0,9.0,2.0,2.0,0.4,0.30000000000000004,50.0,176,8905.0,0,0,263,0,263
16339,1.0,5.0,3.0,9.0,2.0,2.0,0.4,0.30000000000000004,50.0,177,8755.0,0,0,245,0,245
16339,1.0,5.0,3.0,9.0,2.0,2.0,0.4,0.30000000000000004,50.0,178,8560.0,0,0,240,0,240
16339,1.0,5.0,3.0,9.0,2.0,2.0,0.4,0.30000000000000004,50.0,179,8455.0,0,0,236,0,236
16339,1.0,5.0,3.0,9.0,2.0,2.0,0.4,0.30000000000000004,50.0,180,8230.0,0,0,238,0,238
16339,1.0,5.0,3.0,9.0,2.0,2.0,0.4,0.30000000000000004,50.0,181,8005.0,0,0,238,0,238
16339,1.0,5.0,3.0,9.0,2.0,2.0,0.4,0.30000000000000004,50.0,182,7795.0,0,0,249,0,249
16339,1.0,5.0,3.0,9.0,2.0,2.0,0.4,0.30000000000000004,50.0,183,7148.75,0,0,263,0,263
16339,1.0,5.0,3.0,9.0,2.0,2.0,0.4,0.30000000000000004,50.0,184,7180.9375,0,0,266,0,266
16339,1.0,5.0,3.0,9.0,2.0,2.0,0.4,0.30000000000000004,50.0,185,7356.171875,0,0,271,0,271
16339,1.0,5.0,3.0,9.0,2.0,2.0,0.4,0.30000000000000004,50.0,186,7695.21484375,0,0,278,0,278
16339,1.0,5.0,3.0,9.0,2.0,2.0,0.4,0.30000000000000004,50.0,187,8074.0185546875,0,0,289,0,289
16339,1.0,5.0,3.0,9.0,2.0,2.0,0.4,0.30000000000000004,50.0,188,8545.0,0,0,299,0,299
16339,1.0,5.0,3.0,9.0,2.0,2.0,0.4,0.30000000000000004,50.0,189,8755.0,0,0,310,0,310
16339,1.0,5.0,3.0,9.0,2.0,2.0,0.4,0.30000000000000004,50.0,190,8965.0,0,0,316,0,316
16339,1.0,5.0,3.0,9.0,2.0,2.0,0.4,0.30000000000000004,50.0,191,9265.0,0,0,318,0,318
16339,1.0,5.0,3.0,9.0,2.0,2.0,0.4,0.30000000000000004,50.0,192,9265.0,0,0,318,0,318
16339,1.0,5.0,3.0,9.0,2.0,2.0,0.4,0.30000000000000004,50.0,193,9310.0,0,0,318,0,318
16339,1.0,5.0,3.0,9.0,2.0,2.0,0.4,0.30000000000000004,50.0,194,9400.0,0,0,313,0,313
16339,1.0,5.0,3.0,9.0,2.0,2.0,0.4,0.30000000000000004,50.0,195,9385.0,0,0,300,0,300
16339,1.0,5.0,3.0,9.0,2.0,2.0,0.4,0.30000000000000004,50.0,196,9190.0,0,0,283,0,283
16339,1.0,5.0,3.0,9.0,2.0,2.0,0.4,0.30000000000000004,50.0,197,9325.0,0,0,268,0,268
16339,1.0,5.0,3.0,9.0,2.0,2.0,0.4,0.30000000000000004,50.0,198,9205.0,0,0,256,0,256
16339,1.0,5.0,3.0,9.0,2.0,2.0,0.4,0.30000000000000004,50.0,199,9160.0,0,0,243,0,243
16339,1.0,5.0,3.0,9.0,2.0,2.0,0.4,0.30000000000000004,50.0,200,9115.0,0,0,231,0,231
16339,1.0,5.0,3.0,9.0,2.0,2.0,0.4,0.30000000000000004,50.0,201,8935.0,0,0,226,0,226
16339,1.0,5.0,3.0,9.0,2.0,2.0,0.4,0.30000000000000004,50.0,202,8860.0,0,0,213,0,213
16339,1.0,5.0,3.0,9.0,2.0,2.0,0.4,0.30000000000000004,50.0,203,8620.0,0,0,204,0,204
16339,1.0,5.0,3.0,9.0,2.0,2.0,0.4,0.30000000000000004,50.0,204,8440.0,0,0,203,0,203
16339,1.0,5.0,3.0,9.0,2.0,2.0,0.4,0.30000000000000004,50.0,205,8050.0,0,0,210,0,210
16339,1.0,5.0,3.0,9.0,2.0,2.0,0.4,0.30000000000000004,50.0,206,7810.0,0,0,222,0,222
16339,1.0,5.0,3.0,9.0,2.0,2.0,0.4,0.30000000000000004,50.0,207,7317.5,0,0,230,0,230
16339,1.0,5.0,3.0,9.0,2.0,2.0,0.4,0.30000000000000004,50.0,208,6491.875,0,0,249,0,249
16339,1.0,5.0,3.0,9.0,2.0,2.0,0.4,0.30000000000000004,50.0,209,6629.84375,0,0,256,0,256
16339,1.0,5.0,3.0,9.0,2.0,2.0,0.4,0.30000000000000004,50.0,210,7042.3046875,0,0,263,0,263
16339,1.0,5.0,3.0,9.0,2.0,2.0,0.4,0.30000000000000004,50.0,211,7497.880859375,0,0,269,0,269
16339,1.0,5.0,3.0,9.0,2.0,2.0,0.4,0.30000000000000004,50.0,212,8202.35107421875,0,0,275,0,275
16339,1.0,5.0,3.0,9.0,2.0,2.0,0.4,0.30000000000000004,50.0,213,8755.0,0,0,283,0,283
16339,1.0,5.0,3.0,9.0,2.0,2.0,0.4,0.30000000000000004,50.0,214,8650.0,0,0,290,0,290
16339,1.0,5.0,3.0,9.0,2.0,2.0,0.4,0.30000000000000004,50.0,215,8665.0,0,0,300,0,300
16339,1.0,5.0,3.0,9.0,2.0,2.0,0.4,0.30000000000000004,50.0,216,8740.0,0,0,311,0,311
16339,1.0,5.0,3.0,9.0,2.0,2.0,0.4,0.30000000000000004,50.0,217,9055.0,0,0,314,0,314
16339,1.0,5.0,3.0,9.0,2.0,2.0,0.4,0.30000000000000004,50.0,218,9145.0,0,0,316,0,316
16339,1.0,5.0,3.0,9.0,2.0,2.0,0.4,0.30000000000000004,50.0,219,9070.0,0,0,309,0,309
16339,1.0,5.0,3.0,9.0,2.0,2.0,0.4,0.30000000000000004,50.0,220,8950.0,0,0,303,0,303
16339,1.0,5.0,3.0,9.0,2.0,2.0,0.4,0.30000000000000004,50.0,221,8800.0,0,0,296,0,296
16339,1.0,5.0,3.0,9.0,2.0,2.0,0.4,0.30000000000000004,50.0,222,8815.0,0,0,292,0,292
16339,1.0,5.0,3.0,9.0,2.0,2.0,0.4,0.30000000000000004,50.0,223,8755.0,0,0,284,0,284
16339,1.0,5.0,3.0,9.0,2.0,2.0,0.4,0.30000000000000004,50.0,224,8515.0,0,0,279,0,279
16339,1.0,5.0,3.0,9.0,2.0,2.0,0.4,0.30000000000000004,50.0,225,8410.0,0,0,275,0,275
16339,1.0,5.0,3.0,9.0,2.0,2.0,0.4,0.30000000000000004,50.0,226,8125.0,0,0,268,0,268
16339,1.0,5.0,3.0,9.0,2.0,2.0,0.4,0.30000000000000004,50.0,227,8035.0,0,0,270,0,270
16339,1.0,5.0,3.0,9.0,2.0,2.0,0.4,0.30000000000000004,50.0,228,7825.0,0,0,284,0,284
16339,1.0,5.0,3.0,9.0,2.0,2.0,0.4,0.30000000000000004,50.0,229,7906.25,0,0,284,0,284
16339,1.0,5.0,3.0,9.0,2.0,2.0,0.4,0.30000000000000004,50.0,230,7992.8125,0,0,286,0,286
16339,1.0,5.0,3.0,9.0,2.0,2.0,0.4,0.30000000000000004,50.0,231,8296.015625,0,0,296,0,296
16339,1.0,5.0,3.0,9.0,2.0,2.0,0.4,0.30000000000000004,50.0,232,8530.0,0,0,300,0,300
16339,1.0,5.0,3.0,9.0,2.0,2.0,0.4,0.30000000000000004,50.0,233,8620.0,0,0,304,0,304
16339,1.0,5.0,3.0,9.0,2.0,2.0,0.4,0.30000000000000004,50.0,234,8575.0,0,0,299,0,299
16339,1.0,5.0,3.0,9.0,2.0,2.0,0.4,0.30000000000000004,50.0,235,8575.0,0,0,303,0,303
16339,1.0,5.0,3.0,9.0,2.0,2.0,0.4,0.30000000000000004,50.0,236,8710.0,0,0,307,0,307
16339,1.0,5.0,3.0,9.0,2.0,2.0,0.4,0.30000000000000004,50.0,237,8905.0,0,0,311,0,311
16339,1.0,5.0,3.0,9.0,2.0,2.0,0.4,0.30000000000000004,50.0,238,9025.0,0,0,313,0,313
16339,1.0,5.0,3.0,9.0,2.0,2.0,0.4,0.30000000000000004,50.0,239,8935.0,0,0,315,0,315
16339,1.0,5.0,3.0,9.0,2.0,2.0,0.4,0.30000000000000004,50.0,240,9040.0,0,0,314,0,314
16339,1.0,5.0,3.0,9.0,2.0,2.0,0.4,0.30000000000000004,50.0,241,9130.0,0,0,309,0,309
16339,1.0,5.0,3.0,9.0,2.0,2.0,0.4,0.30000000000000004,50.0,242,9070.0,0,0,301,0,301
16339,1.0,5.0,3.0,9.0,2.0,2.0,0.4,0.30000000000000004,50.0,243,9040.0,0,0,296,0,296
16339,1.0,5.0,3.0,9.0,2.0,2.0,0.4,0.30000000000000004,50.0,244,9025.0,0,0,293,0,293
16339,1.0,5.0,3.0,9.0,2.0,2.0,0.4,0.30000000000000004,50.0,245,8905.0,0,0,278,0,278
16339,1.0,5.0,3.0,9.0,2.0,2.0,0.4,0.30000000000000004,50.0,246,8875.0,0,0,263,0,263
16339,1.0,5.0,3.0,9.0,2.0,2.0,0.4,0.30000000000000004,50.0,247,8680.0,0,0,261,0,261
16339,1.0,5.0,3.0,9.0,2.0,2.0,0.4,0.30000000000000004,50.0,248,8605.0,0,0,259,0,259
16339,1.0,5.0,3.0,9.0,2.0,2.0,0.4,0.30000000000000004,50.0,249,8290.0,0,0,259,0,259
16339,1.0,5.0,3.0,9.0,2.0,2.0,0.4,0.30000000000000004,50.0,250,8140.0,0,0,264,0,264
16339,1.0,5.0,3.0,9.0,2.0,2.0,0.4,0.30000000000000004,50.0,251,7930.0,0,0,268,0,268
16339,1.0,5.0,3.0,9.0,2.0,2.0,0.4,0.30000000000000004,50.0,252,7527.5,0,0,272,0,272
16339,1.0,5.0,3.0,9.0,2.0,2.0,0.4,0.30000000000000004,50.0,253,7384.375,0,0,273,0,273
16339,1.0,5.0,3.0,9.0,2.0,2.0,0.4,0.30000000000000004,50.0,254,7535.46875,0,0,278,0,278
16339,1.0,5.0,3.0,9.0,2.0,2.0,0.4,0.30000000000000004,50.0,255,7874.3359375,0,0,287,0,287
16339,1.0,5.0,3.0,9.0,2.0,2.0,0.4,0.30000000000000004,50.0,256,8237.919921875,0,0,290,0,290
16339,1.0,5.0,3.0,9.0,2.0,2.0,0.4,0.30000000000000004,50.0,257,8290.0,0,0,298,0,298
16339,1.0,5.0,3.0,9.0,2.0,2.0,0.4,0.30000000000000004,50.0,258,8560.0,0,0,304,0,304
16339,1.0,5.0,3.0,9.0,2.0,2.0,0.4,0.30000000000000004,50.0,259,8725.0,0,0,304,0,304
16339,1.0,5.0,3.0,9.0,2.0,2.0,0.4,0.30000000000000004,50.0,260,8785.0,0,0,311,0,311
16339,1.0,5.0,3.0,9.0,2.0,2.0,0.4,0.30000000000000004,50.0,261,8950.0,0,0,317,0,317
16339,1.0,5.0,3.0,9.0,2.0,2.0,0.4,0.30000000000000004,50.0,262,9250.0,0,0,321,0,321
16339,1.0,5.0,3.0,9.0,2.0,2.0,0.4,0.30000000000000004,50.0,263,9385.0,0,0,315,0,315
16339,1.0,5.0,3.0,9.0,2.0,2.0,0.4,0.30000000000000004,50.0,264,9400.0,0,0,313,0,313
16339,1.0,5.0,3.0,9.0,2.0,2.0,0.4,0.30000000000000004,50.0,265,9400.0,0,0,302,0,302
16339,1.0,5.0,3.0,9.0,2.0,2.0,0.4,0.30000000000000004,50.0,266,9445.0,0,0,293,0,293
16339,1.0,5.0,3.0,9.0,2.0,2.0,0.4,0.30000000000000004,50.0,267,9370.0,0,0,282,0,282
16339,1.0,5.0,3.0,9.0,2.0,2.0,0.4,0.30000000000000004,50.0,268,9385.0,0,0,267,0,267
16339,1.0,5.0,3.0,9.0,2.0,2.0,0.4,0.30000000000000004,50.0,269,9265.0,0,0,253,0,253
16339,1.0,5.0,3.0,9.0,2.0,2.0,0.4,0.30000000000000004,50.0,270,9265.0,0,0,231,0,231
16339,1.0,5.0,3.0,9.0,2.0,2.0,0.4,0.30000000000000004,50.0,271,9190.0,0,0,212,0,212
16339,1.0,5.0,3.0,9.0,2.0,2.0,0.4,0.30000000000000004,50.0,272,8905.0,0,0,204,0,204
16339,1.0,5.0,3.0,9.0,2.0,2.0,0.4,0.30000000000000004,50.0,273,8815.0,0,0,202,0,202
16339,1.0,5.0,3.0,9.0,2.0,2.0,0.4,0.30000000000000004,50.0,274,8575.0,0,0,202,0,202
16339,1.0,5.0,3.0,9.0,2.0,2.0,0.4,0.30000000000000004,50.0,275,8440.0,0,0,204,0,204
16339,1.0,5.0,3.0,9.0,2.0,2.0,0.4,0.30000000000000004,50.0,276,8290.0,0,0,196,0,196
16339,1.0,5.0,3.0,9.0,2.0,2.0,0.4,0.30000000000000004,50.0,277,7900.0,0,0,204,0,204
16339,1.0,5.0,3.0,9.0,2.0,2.0,0.4,0.30000000000000004,50.0,278,7430.0,0,0,222,0,222
16339,1.0,5.0,3.0,9.0,2.0,2.0,0.4,0.30000000000000004,50.0,279,6482.5,0,0,241,0,241
16339,1.0,5.0,3.0,9.0,2.0,2.0,0.4,0.30000000000000004,50.0,280,6483.125,0,0,248,0,248
16339,1.0,5.0,3.0,9.0,2.0,2.0,0.4,0.30000000000000004,50.0,281,6798.90625,0,0,259,0,259
16339,1.0,5.0,3.0,9.0,2.0,2.0,0.4,0.30000000000000004,50.0,282,7358.6328125,0,0,267,0,267
16339,1.0,5.0,3.0,9.0,2.0,2.0,0.4,0.30000000000000004,50.0,283,7968.291015625,0,0,275,0,275
16339,1.0,5.0,3.0,9.0,2.0,2.0,0.4,0.30000000000000004,50.0,284,8640.36376953125,0,0,280,0,280
16339,1.0,5.0,3.0,9.0,2.0,2.0,0.4,0.30000000000000004,50.0,285,8605.0,0,0,291,0,291
16339,1.0,5.0,3.0,9.0,2.0,2.0,0.4,0.30000000000000004,50.0,286,8695.0,0,0,303,0,303
16339,1.0,5.0,3.0,9.0,2.0,2.0,0.4,0.30000000000000004,50.0,287,8890.0,0,0,313,0,313
16339,1.0,5.0,3.0,9.0,2.0,2.0,0.4,0.30000000000000004,50.0,288,9040.0,0,0,317,0,317
16339,1.0,5.0,3.0,9.0,2.0,2.0,0.4,0.30000000000000004,50.0,289,9340.0,0,0,318,0,318
16339,1.0,5.0,3.0,9.0,2.0,2.0,0.4,0.30000000000000004,50.0,290,9325.0,0,0,305,0,305
16339,1.0,5.0,3.0,9.0,2.0,2.0,0.4,0.30000000000000004,50.0,291,9175.0,0,0,292,0,292
16339,1.0,5.0,3.0,9.0,2.0,2.0,0.4,0.30000000000000004,50.0,292,9205.0,0,0,279,0,279
16339,1.0,5.0,3.0,9.0,2.0,2.0,0.4,0.30000000000000004,50.0,293,9175.0,0,0,264,0,264
16339,1.0,5.0,3.0,9.0,2.0,2.0,0.4,0.30000000000000004,50.0,294,9115.0,0,0,251,0,251
16339,1.0,5.0,3.0,9.0,2.0,2.0,0.4,0.30000000000000004,50.0,295,9085.0,0,0,244,0,244
16339,1.0,5.0,3.0,9.0,2.0,2.0,0.4,0.30000000000000004,50.0,296,8980.0,0,0,234,0,234
16339,1.0,5.0,3.0,9.0,2.0,2.0,0.4,0.30000000000000004,50.0,297,8830.0,0,0,229,0,229
16339,1.0,5.0,3.0,9.0,2.0,2.0,0.4,0.30000000000000004,50.0,298,8695.0,0,0,225,0,225
16339,1.0,5.0,3.0,9.0,2.0,2.0,0.4,0.30000000000000004,50.0,299,8470.0,0,0,224,0,224
16339,1.0,5.0,3.0,9.0,2.0,2.0,0.4,0.30000000000000004,50.0,300,8350.0,0,0,221,0,221
16339,1.0,5.0,3.0,9.0,2.0,2.0,0.4,0.30000000000000004,50.0,301,8095.0,0,0,226,0,226
16339,1.0,5.0,3.0,9.0,2.0,2.0,0.4,0.30000000000000004,50.0,302,7780.0,0,0,237,0,237
16339,1.0,5.0,3.0,9.0,2.0,2.0,0.4,0.30000000000000004,50.0,303,7190.0,0,0,253,0,253
16339,1.0,5.0,3.0,9.0,2.0,2.0,0.4,0.30000000000000004,50.0,304,6992.5,0,0,263,0,263
16339,1.0,5.0,3.0,9.0,2.0,2.0,0.4,0.30000000000000004,50.0,305,7165.625,0,0,271,0,271
16339,1.0,5.0,3.0,9.0,2.0,2.0,0.4,0.30000000000000004,50.0,306,7502.03125,0,0,274,0,274
16339,1.0,5.0,3.0,9.0,2.0,2.0,0.4,0.30000000000000004,50.0,307,7892.5390625,0,0,284,0,284
16339,1.0,5.0,3.0,9.0,2.0,2.0,0.4,0.30000000000000004,50.0,308,8410.673828125,0,0,293,0,293
16339,1.0,5.0,3.0,9.0,2.0,2.0,0.4,0.30000000000000004,50.0,309,8575.0,0,0,300,0,300
16339,1.0,5.0,3.0,9.0,2.0,2.0,0.4,0.30000000000000004,50.0,310,8740.0,0,0,306,0,306
16339,1.0,5.0,3.0,9.0,2.0,2.0,0.4,0.30000000000000004,50.0,311,8860.0,0,0,314,0,314
16339,1.0,5.0,3.0,9.0,2.0,2.0,0.4,0.30000000000000004,50.0,312,9160.0,0,0,317,0,317
16339,1.0,5.0,3.0,9.0,2.0,2.0,0.4,0.30000000000000004,50.0,313,9205.0,0,0,322,0,322
16339,1.0,5.0,3.0,9.0,2.0,2.0,0.4,0.30000000000000004,50.0,314,9190.0,0,0,318,0,318
16339,1.0,5.0,3.0,9.0,2.0,2.0,0.4,0.30000000000000004,50.0,315,9370.0,0,0,307,0,307
16339,1.0,5.0,3.0,9.0,2.0,2.0,0.4,0.30000000000000004,50.0,316,9355.0,0,0,293,0,293
16339,1.0,5.0,3.0,9.0,2.0,2.0,0.4,0.30000000000000004,50.0,317,9355.0,0,0,282,0,282
16339,1.0,5.0,3.0,9.0,2.0,2.0,0.4,0.30000000000000004,50.0,318,9265.0,0,0,269,0,269
16339,1.0,5.0,3.0,9.0,2.0,2.0,0.4,0.30000000000000004,50.0,319,9190.0,0,0,260,0,260
16339,1.0,5.0,3.0,9.0,2.0,2.0,0.4,0.30000000000000004,50.0,320,9175.0,0,0,249,0,249
16339,1.0,5.0,3.0,9.0,2.0,2.0,0.4,0.30000000000000004,50.0,321,9040.0,0,0,236,0,236
16339,1.0,5.0,3.0,9.0,2.0,2.0,0.4,0.30000000000000004,50.0,322,8875.0,0,0,232,0,232
16339,1.0,5.0,3.0,9.0,2.0,2.0,0.4,0.30000000000000004,50.0,323,8815.0,0,0,218,0,218
16339,1.0,5.0,3.0,9.0,2.0,2.0,0.4,0.30000000000000004,50.0,324,8590.0,0,0,214,0,214
16339,1.0,5.0,3.0,9.0,2.0,2.0,0.4,0.30000000000000004,50.0,325,8410.0,0,0,208,0,208
16339,1.0,5.0,3.0,9.0,2.0,2.0,0.4,0.30000000000000004,50.0,326,8170.0,0,0,211,0,211
16339,1.0,5.0,3.0,9.0,2.0,2.0,0.4,0.30000000000000004,50.0,327,7840.0,0,0,224,0,224
16339,1.0,5.0,3.0,9.0,2.0,2.0,0.4,0.30000000000000004,50.0,328,7355.0,0,0,234,0,234
16339,1.0,5.0,3.0,9.0,2.0,2.0,0.4,0.30000000000000004,50.0,329,6673.75,0,0,251,0,251
16339,1.0,5.0,3.0,9.0,2.0,2.0,0.4,0.30000000000000004,50.0,330,6722.1875,0,0,257,0,257
16339,1.0,5.0,3.0,9.0,2.0,2.0,0.4,0.30000000000000004,50.0,331,7022.734375,0,0,265,0,265
16339,1.0,5.0,3.0,9.0,2.0,2.0,0.4,0.30000000000000004,50.0,332,7368.41796875,0,0,273,0,273
16339,1.0,5.0,3.0,9.0,2.0,2.0,0.4,0.30000000000000004,50.0,333,7980.5224609375,0,0,283,0,283
16339,1.0,5.0,3.0,9.0,2.0,2.0,0.4,0.30000000000000004,50.0,334,8700.653076171875,0,0,291,0,291
16339,1.0,5.0,3.0,9.0,2.0,2.0,0.4,0.30000000000000004,50.0,335,8755.0,0,0,298,0,298
16339,1.0,5.0,3.0,9.0,2.0,2.0,0.4,0.30000000000000004,50.0,336,8770.0,0,0,308,0,308
16339,1.0,5.0,3.0,9.0,2.0,2.0,0.4,0.30000000000000004,50.0,337,8950.0,0,0,315,0,315
16339,1.0,5.0,3.0,9.0,2.0,2.0,0.4,0.30000000000000004,50.0,338,9115.0,0,0,316,0,316
16339,1.0,5.0,3.0,9.0,2.0,2.0,0.4,0.30000000000000004,50.0,339,9145.0,0,0,318,0,318
16339,1.0,5.0,3.0,9.0,2.0,2.0,0.4,0.30000000000000004,50.0,340,9295.0,0,0,306,0,306
16339,1.0,5.0,3.0,9.0,2.0,2.0,0.4,0.30000000000000004,50.0,341,9250.0,0,0,295,0,295
16339,1.0,5.0,3.0,9.0,2.0,2.0,0.4,0.30000000000000004,50.0,342,9085.0,0,0,288,0,288
16339,1.0,5.0,3.0,9.0,2.0,2.0,0.4,0.30000000000000004,50.0,343,9070.0,0,0,281,0,281
16339,1.0,5.0,3.0,9.0,2.0,2.0,0.4,0.30000000000000004,50.0,344,8920.0,0,0,269,0,269
16339,1.0,5.0,3.0,9.0,2.0,2.0,0.4,0.30000000000000004,50.0,345,8815.0,0,0,265,0,265
16339,1.0,5.0,3.0,9.0,2.0,2.0,0.4,0.30000000000000004,50.0,346,8725.0,0,0,253,0,253
16339,1.0,5.0,3.0,9.0,2.0,2.0,0.4,0.30000000000000004,50.0,347,8560.0,0,0,246,0,246
16339,1.0,5.0,3.0,9.0,2.0,2.0,0.4,0.30000000000000004,50.0,348,8545.0,0,0,236,0,236
16339,1.0,5.0,3.0,9.0,2.0,2.0,0.4,0.30000000000000004,50.0,349,8320.0,0,0,238,0,238
16339,1.0,5.0,3.0,9.0,2.0,2.0,0.4,0.30000000000000004,50.0,350,7990.0,0,0,240,0,240
16339,1.0,5.0,3.0,9.0,2.0,2.0,0.4,0.30000000000000004,50.0,351,7677.5,0,0,246,0,246
16339,1.0,5.0,3.0,9.0,2.0,2.0,0.4,0.30000000000000004,50.0,352,7106.875,0,0,262,0,262
16339,1.0,5.0,3.0,9.0,2.0,2.0,0.4,0.30000000000000004,50.0,353,7143.59375,0,0,267,0,267
16339,1.0,5.0,3.0,9.0,2.0,2.0,0.4,0.30000000000000004,50.0,354,7549.4921875,0,0,273,0,273
16339,1.0,5.0,3.0,9.0,2.0,2.0,0.4,0.30000000000000004,50.0,355,7861.865234375,0,0,278,0,278
16339,1.0,5.0,3.0,9.0,2.0,2.0,0.4,0.30000000000000004,50.0,356,8057.33154296875,0,0,287,0,287
16339,1.0,5.0,3.0,9.0,2.0,2.0,0.4,0.30000000000000004,50.0,357,8485.0,0,0,296,0,296
16339,1.0,5.0,3.0,9.0,2.0,2.0,0.4,0.30000000000000004,50.0,358,8545.0,0,0,308,0,308
16339,1.0,5.0,3.0,9.0,2.0,2.0,0.4,0.30000000000000004,50.0,359,8815.0,0,0,316,0,316
16339,1.0,5.0,3.0,9.0,2.0,2.0,0.4,0.30000000000000004,50.0,360,8905.0,0,0,320,0,320
16339,1.0,5.0,3.0,9.0,2.0,2.0,0.4,0.30000000000000004,50.0,361,9205.0,0,0,321,0,321
16339,1.0,5.0,3.0,9.0,2.0,2.0,0.4,0.30000000000000004,50.0,362,9340.0,0,0,318,0,318
16339,1.0,5.0,3.0,9.0,2.0,2.0,0.4,0.30000000000000004,50.0,363,9235.0,0,0,316,0,316
16339,1.0,5.0,3.0,9.0,2.0,2.0,0.4,0.30000000000000004,50.0,364,9430.0,0,0,308,0,308
16339,1.0,5.0,3.0,9.0,2.0,2.0,0.4,0.30000000000000004,50.0,365,9385.0,0,0,291,0,291
16339,1.0,5.0,3.0,9.0,2.0,2.0,0.4,0.30000000000000004,50.0,366,9460.0,0,0,279,0,279
16339,1.0,5.0,3.0,9.0,2.0,2.0,0.4,0.30000000000000004,50.0,367,9310.0,0,0,265,0,265
16339,1.0,5.0,3.0,9.0,2.0,2.0,0.4,0.30000000000000004,50.0,368,9325.0,0,0,253,0,253
16339,1.0,5.0,3.0,9.0,2.0,2.0,0.4,0.30000000000000004,50.0,369,9265.0,0,0,242,0,242
16339,1.0,5.0,3.0,9.0,2.0,2.0,0.4,0.30000000000000004,50.0,370,9190.0,0,0,229,0,229
16339,1.0,5.0,3.0,9.0,2.0,2.0,0.4,0.30000000000000004,50.0,371,9010.0,0,0,218,0,218
16339,1.0,5.0,3.0,9.0,2.0,2.0,0.4,0.30000000000000004,50.0,372,8845.0,0,0,209,0,209
16339,1.0,5.0,3.0,9.0,2.0,2.0,0.4,0.30000000000000004,50.0,373,8635.0,0,0,204,0,204
16339,1.0,5.0,3.0,9.0,2.0,2.0,0.4,0.30000000000000004,50.0,374,8530.0,0,0,204,0,204
16339,1.0,5.0,3.0,9.0,2.0,2.0,0.4,0.30000000000000004,50.0,375,8335.0,0,0,202,0,202
16339,1.0,5.0,3.0,9.0,2.0,2.0,0.4,0.30000000000000004,50.0,376,8065.0,0,0,209,0,209
16339,1.0,5.0,3.0,9.0,2.0,2.0,0.4,0.30000000000000004,50.0,377,7810.0,0,0,223,0,223
16339,1.0,5.0,3.0,9.0,2.0,2.0,0.4,0.30000000000000004,50.0,378,7287.5,0,0,232,0,232
16339,1.0,5.0,3.0,9.0,2.0,2.0,0.4,0.30000000000000004,50.0,379,6604.375,0,0,251,0,251
16339,1.0,5.0,3.0,9.0,2.0,2.0,0.4,0.30000000000000004,50.0,380,6710.46875,0,0,259,0,259
16339,1.0,5.0,3.0,9.0,2.0,2.0,0.4,0.30000000000000004,50.0,381,7263.0859375,0,0,269,0,269
16339,1.0,5.0,3.0,9.0,2.0,2.0,0.4,0.30000000000000004,50.0,382,7848.857421875,0,0,278,0,278
16339,1.0,5.0,3.0,9.0,2.0,2.0,0.4,0.30000000000000004,50.0,383,8611.07177734375,0,0,279,0,279
16339,1.0,5.0,3.0,9.0,2.0,2.0,0.4,0.30000000000000004,50.0,384,8875.0,0,0,284,0,284
16339,1.0,5.0,3.0,9.0,2.0,2.0,0.4,0.30000000000000004,50.0,385,8830.0,0,0,293,0,293
16339,1.0,5.0,3.0,9.0,2.0,2.0,0.4,0.30000000000000004,50.0,386,8725.0,0,0,302,0,302
16339,1.0,5.0,3.0,9.0,2.0,2.0,0.4,0.30000000000000004,50.0,387,8845.0,0,0,311,0,311
16339,1.0,5.0,3.0,9.0,2.0,2.0,0.4,0.30000000000000004,50.0,388,8965.0,0,0,310,0,310
16339,1.0,5.0,3.0,9.0,2.0,2.0,0.4,0.30000000000000004,50.0,389,8965.0,0,0,313,0,313
16339,1.0,5.0,3.0,9.0,2.0,2.0,0.4,0.30000000000000004,50.0,390,8875.0,0,0,304,0,304
16339,1.0,5.0,3.0,9.0,2.0,2.0,0.4,0.30000000000000004,50.0,391,8785.0,0,0,298,0,298
16339,1.0,5.0,3.0,9.0,2.0,2.0,0.4,0.30000000000000004,50.0,392,8605.0,0,0,293,0,293
16339,1.0,5.0,3.0,9.0,2.0,2.0,0.4,0.30000000000000004,50.0,393,8440.0,0,0,290,0,290
16339,1.0,5.0,3.0,9.0,2.0,2.0,0.4,0.30000000000000004,50.0,394,8365.0,0,0,288,0,288
16339,1.0,5.0,3.0,9.0,2.0,2.0,0.4,0.30000000000000004,50.0,395,8140.0,0,0,289,0,289
16339,1.0,5.0,3.0,9.0,2.0,2.0,0.4,0.30000000000000004,50.0,396,8050.0,0,0,291,0,291
16339,1.0,5.0,3.0,9.0,2.0,2.0,0.4,0.30000000000000004,50.0,397,8215.0,0,0,293,0,293
16339,1.0,5.0,3.0,9.0,2.0,2.0,0.4,0.30000000000000004,50.0,398,8275.0,0,0,296,0,296
16339,1.0,5.0,3.0,9.0,2.0,2.0,0.4,0.30000000000000004,50.0,399,8350.0,0,0,292,0,292
16339,1.0,5.0,3.0,9.0,2.0,2.0,0.4,0.30000000000000004,50.0,400,8125.0,0,0,287,0,287
16339,1.0,5.0,3.0,9.0,2.0,2.0,0.4,0.30000000000000004,50.0,401,8200.0,0,0,299,0,299
16339,1.0,5.0,3.0,9.0,2.0,2.0,0.4,0.30000000000000004,50.0,402,8500.0,0,0,301,0,301
16339,1.0,5.0,3.0,9.0,2.0,2.0,0.4,0.30000000000000004,50.0,403,8545.0,0,0,309,0,309
16339,1.0,5.0,3.0,9.0,2.0,2.0,0.4,0.30000000000000004,50.0,404,8860.0,0,0,309,0,309
16339,1.0,5.0,3.0,9.0,2.0,2.0,0.4,0.30000000000000004,50.0,405,8965.0,0,0,320,0,320
16339,1.0,5.0,3.0,9.0,2.0,2.0,0.4,0.30000000000000004,50.0,406,9220.0,0,0,319,0,319
16339,1.0,5.0,3.0,9.0,2.0,2.0,0.4,0.30000000000000004,50.0,407,9190.0,0,0,317,0,317
16339,1.0,5.0,3.0,9.0,2.0,2.0,0.4,0.30000000000000004,50.0,408,9280.0,0,0,308,0,308
16339,1.0,5.0,3.0,9.0,2.0,2.0,0.4,0.30000000000000004,50.0,409,9310.0,0,0,301,0,301
16339,1.0,5.0,3.0,9.0,2.0,2.0,0.4,0.30000000000000004,50.0,410,9235.0,0,0,294,0,294
16339,1.0,5.0,3.0,9.0,2.0,2.0,0.4,0.30000000000000004,50.0,411,9220.0,0,0,286,0,286
16339,1.0,5.0,3.0,9.0,2.0,2.0,0.4,0.30000000000000004,50.0,412,9160.0,0,0,276,0,276
16339,1.0,5.0,3.0,9.0,2.0,2.0,0.4,0.30000000000000004,50.0,413,9145.0,0,0,259,0,259
16339,1.0,5.0,3.0,9.0,2.0,2.0,0.4,0.30000000000000004,50.0,414,9100.0,0,0,243,0,243
16339,1.0,5.0,3.0,9.0,2.0,2.0,0.4,0.30000000000000004,50.0,415,8950.0,0,0,238,0,238
16339,1.0,5.0,3.0,9.0,2.0,2.0,0.4,0.30000000000000004,50.0,416,8890.0,0,0,224,0,224
16339,1.0,5.0,3.0,9.0,2.0,2.0,0.4,0.30000000000000004,50.0,417,8755.0,0,0,216,0,216
16339,1.0,5.0,3.0,9.0,2.0,2.0,0.4,0.30000000000000004,50.0,418,8500.0,0,0,210,0,210
16339,1.0,5.0,3.0,9.0,2.0,2.0,0.4,0.30000000000000004,50.0,419,8200.0,0,0,213,0,213
16339,1.0,5.0,3.0,9.0,2.0,2.0,0.4,0.30000000000000004,50.0,420,8005.0,0,0,221,0,221
16339,1.0,5.0,3.0,9.0,2.0,2.0,0.4,0.30000000000000004,50.0,421,7720.0,0,0,235,0,235
16339,1.0,5.0,3.0,9.0,2.0,2.0,0.4,0.30000000000000004,50.0,422,6980.0,0,0,255,0,255
16339,1.0,5.0,3.0,9.0,2.0,2.0,0.4,0.30000000000000004,50.0,423,6865.0,0,0,261,0,261
16339,1.0,5.0,3.0,9.0,2.0,2.0,0.4,0.30000000000000004,50.0,424,7126.25,0,0,266,0,266
16339,1.0,5.0,3.0,9.0,2.0,2.0,0.4,0.30000000000000004,50.0,425,7587.8125,0,0,274,0,274
16339,1.0,5.0,3.0,9.0,2.0,2.0,0.4,0.30000000000000004,50.0,426,8014.765625,0,0,281,0,281
16339,1.0,5.0,3.0,9.0,2.0,2.0,0.4,0.30000000000000004,50.0,427,8530.0,0,0,285,0,285
16339,1.0,5.0,3.0,9.0,2.0,2.0,0.4,0.30000000000000004,50.0,428,8395.0,0,0,294,0,294
16339,1.0,5.0,3.0,9.0,2.0,2.0,0.4,0.30000000000000004,50.0,429,8530.0,0,0,308,0,308
16339,1.0,5.0,3.0,9.0,2.0,2.0,0.4,0.30000000000000004,50.0,430,8785.0,0,0,319,0,319
16339,1.0,5.0,3.0,9.0,2.0,2.0,0.4,0.30000000000000004,50.0,431,9100.0,0,0,322,0,322
16339,1.0,5.0,3.0,9.0,2.0,2.0,0.4,0.30000000000000004,50.0,432,9250.0,0,0,321,0,321
16339,1.0,5.0,3.0,9.0,2.0,2.0,0.4,0.30000000000000004,50.0,433,9400.0,0,0,316,0,316
16339,1.0,5.0,3.0,9.0,2.0,2.0,0.4,0.30000000000000004,50.0,434,9430.0,0,0,306,0,306
16339,1.0,5.0,3.0,9.0,2.0,2.0,0.4,0.30000000000000004,50.0,435,9475.0,0,0,296,0,296
16339,1.0,5.0,3.0,9.0,2.0,2.0,0.4,0.30000000000000004,50.0,436,9460.0,0,0,283,0,283
16339,1.0,5.0,3.0,9.0,2.0,2.0,0.4,0.30000000000000004,50.0,437,9445.0,0,0,269,0,269
16339,1.0,5.0,3.0,9.0,2.0,2.0,0.4,0.30000000000000004,50.0,438,9385.0,0,0,259,0,259
16339,1.0,5.0,3.0,9.0,2.0,2.0,0.4,0.30000000000000004,50.0,439,9400.0,0,0,249,0,249
16339,1.0,5.0,3.0,9.0,2.0,2.0,0.4,0.30000000000000004,50.0,440,9265.0,0,0,232,0,232
16339,1.0,5.0,3.0,9.0,2.0,2.0,0.4,0.30000000000000004,50.0,441,9370.0,0,0,209,0,209
16339,1.0,5.0,3.0,9.0,2.0,2.0,0.4,0.30000000000000004,50.0,442,9055.0,0,0,196,0,196
16339,1.0,5.0,3.0,9.0,2.0,2.0,0.4,0.30000000000000004,50.0,443,8950.0,0,0,190,0,190
16339,1.0,5.0,3.0,9.0,2.0,2.0,0.4,0.30000000000000004,50.0,444,8770.0,0,0,182,0,182
16339,1.0,5.0,3.0,9.0,2.0,2.0,0.4,0.30000000000000004,50.0,445,8635.0,0,0,181,0,181
16339,1.0,5.0,3.0,9.0,2.0,2.0,0.4,0.30000000000000004,50.0,446,8425.0,0,0,182,0,182
16339,1.0,5.0,3.0,9.0,2.0,2.0,0.4,0.30000000000000004,50.0,447,8170.0,0,0,188,0,188
16339,1.0,5.0,3.0,9.0,2.0,2.0,0.4,0.30000000000000004,50.0,448,8035.0,0,0,196,0,196
16339,1.0,5.0,3.0,9.0,2.0,2.0,0.4,0.30000000000000004,50.0,449,7585.0,0,0,215,0,215
16339,1.0,5.0,3.0,9.0,2.0,2.0,0.4,0.30000000000000004,50.0,450,6751.25,0,0,233,0,233
16339,1.0,5.0,3.0,9.0,2.0,2.0,0.4,0.30000000000000004,50.0,451,6324.0625,0,0,246,0,246
16339,1.0,5.0,3.0,9.0,2.0,2.0,0.4,0.30000000000000004,50.0,452,6630.078125,0,0,248,0,248
16339,1.0,5.0,3.0,9.0,2.0,2.0,0.4,0.30000000000000004,50.0,453,7267.59765625,0,0,257,0,257
16339,1.0,5.0,3.0,9.0,2.0,2.0,0.4,0.30000000000000004,50.0,454,7884.4970703125,0,0,267,0,267
16339,1.0,5.0,3.0,9.0,2.0,2.0,0.4,0.30000000000000004,50.0,455,8445.621337890625,0,0,276,0,276
16339,1.0,5.0,3.0,9.0,2.0,2.0,0.4,0.30000000000000004,50.0,456,8680.0,0,0,286,0,286
16339,1.0,5.0,3.0,9.0,2.0,2.0,0.4,0.30000000000000004,50.0,457,8575.0,0,0,296,0,296
16339,1.0,5.0,3.0,9.0,2.0,2.0,0.4,0.30000000000000004,50.0,458,8650.0,0,0,305,0,305
16339,1.0,5.0,3.0,9.0,2.0,2.0,0.4,0.30000000000000004,50.0,459,8935.0,0,0,314,0,314
16339,1.0,5.0,3.0,9.0,2.0,2.0,0.4,0.30000000000000004,50.0,460,9145.0,0,0,317,0,317
16339,1.0,5.0,3.0,9.0,2.0,2.0,0.4,0.30000000000000004,50.0,461,9145.0,0,0,308,0,308
16339,1.0,5.0,3.0,9.0,2.0,2.0,0.4,0.30000000000000004,50.0,462,9010.0,0,0,304,0,304
16339,1.0,5.0,3.0,9.0,2.0,2.0,0.4,0.30000000000000004,50.0,463,9055.0,0,0,301,0,301
16339,1.0,5.0,3.0,9.0,2.0,2.0,0.4,0.30000000000000004,50.0,464,8950.0,0,0,296,0,296
16339,1.0,5.0,3.0,9.0,2.0,2.0,0.4,0.30000000000000004,50.0,465,8830.0,0,0,286,0,286
16339,1.0,5.0,3.0,9.0,2.0,2.0,0.4,0.30000000000000004,50.0,466,8635.0,0,0,284,0,284
16339,1.0,5.0,3.0,9.0,2.0,2.0,0.4,0.30000000000000004,50.0,467,8590.0,0,0,274,0,274
16339,1.0,5.0,3.0,9.0,2.0,2.0,0.4,0.30000000000000004,50.0,468,8455.0,0,0,272,0,272
16339,1.0,5.0,3.0,9.0,2.0,2.0,0.4,0.30000000000000004,50.0,469,8140.0,0,0,265,0,265
16339,1.0,5.0,3.0,9.0,2.0,2.0,0.4,0.30000000000000004,50.0,470,7900.0,0,0,269,0,269
16339,1.0,5.0,3.0,9.0,2.0,2.0,0.4,0.30000000000000004,50.0,471,7745.0,0,0,282,0,282
16339,1.0,5.0,3.0,9.0,2.0,2.0,0.4,0.30000000000000004,50.0,472,7881.25,0,0,282,0,282
16339,1.0,5.0,3.0,9.0,2.0,2.0,0.4,0.30000000000000004,50.0,473,7976.5625,0,0,286,0,286
16339,1.0,5.0,3.0,9.0,2.0,2.0,0.4,0.30000000000000004,50.0,474,8005.703125,0,0,292,0,292
16339,1.0,5.0,3.0,9.0,2.0,2.0,0.4,0.30000000000000004,50.0,475,8305.0,0,0,303,0,303
16339,1.0,5.0,3.0,9.0,2.0,2.0,0.4,0.30000000000000004,50.0,476,8590.0,0,0,303,0,303
16339,1.0,5.0,3.0,9.0,2.0,2.0,0.4,0.30000000000000004,50.0,477,8695.0,0,0,302,0,302
16339,1.0,5.0,3.0,9.0,2.0,2.0,0.4,0.30000000000000004,50.0,478,8710.0,0,0,306,0,306
16339,1.0,5.0,3.0,9.0,2.0,2.0,0.4,0.30000000000000004,50.0,479,8905.0,0,0,310,0,310
16339,1.0,5.0,3.0,9.0,2.0,2.0,0.4,0.30000000000000004,50.0,480,9010.0,0,0,311,0,311
16339,1.0,5.0,3.0,9.0,2.0,2.0,0.4,0.30000000000000004,50.0,481,9085.0,0,0,314,0,314
16339,1.0,5.0,3.0,9.0,2.0,2.0,0.4,0.30000000000000004,50.0,482,9160.0,0,0,313,0,313
16339,1.0,5.0,3.0,9.0,2.0,2.0,0.4,0.30000000000000004,50.0,483,9205.0,0,0,314,0,314
16339,1.0,5.0,3.0,9.0,2.0,2.0,0.4,0.30000000000000004,50.0,484,9190.0,0,0,309,0,309
16339,1.0,5.0,3.0,9.0,2.0,2.0,0.4,0.30000000000000004,50.0,485,9115.0,0,0,300,0,300
16339,1.0,5.0,3.0,9.0,2.0,2.0,0.4,0.30000000000000004,50.0,486,9100.0,0,0,288,0,288
16339,1.0,5.0,3.0,9.0,2.0,2.0,0.4,0.30000000000000004,50.0,487,9040.0,0,0,279,0,279
16339,1.0,5.0,3.0,9.0,2.0,2.0,0.4,0.30000000000000004,50.0,488,8995.0,0,0,268,0,268
16339,1.0,5.0,3.0,9.0,2.0,2.0,0.4,0.30000000000000004,50.0,489,8755.0,0,0,258,0,258
16339,1.0,5.0,3.0,9.0,2.0,2.0,0.4,0.30000000000000004,50.0,490,8650.0,0,0,249,0,249
16339,1.0,5.0,3.0,9.0,2.0,2.0,0.4,0.30000000000000004,50.0,491,8470.0,0,0,249,0,249
16339,1.0,5.0,3.0,9.0,2.0,2.0,0.4,0.30000000000000004,50.0,492,8185.0,0,0,248,0,248
16339,1.0,5.0,3.0,9.0,2.0,2.0,0.4,0.30000000000000004,50.0,493,7945.0,0,0,253,0,253
16339,1.0,5.0,3.0,9.0,2.0,2.0,0.4,0.30000000000000004,50.0,494,7621.25,0,0,262,0,262
16339,1.0,5.0,3.0,9.0,2.0,2.0,0.4,0.30000000000000004,50.0,495,7306.5625,0,0,268,0,268
16339,1.0,5.0,3.0,9.0,2.0,2.0,0.4,0.30000000000000004,50.0,496,7393.203125,0,0,275,0,275
16339,1.0,5.0,3.0,9.0,2.0,2.0,0.4,0.30000000000000004,50.0,497,7576.50390625,0,0,277,0,277
16339,1.0,5.0,3.0,9.0,2.0,2.0,0.4,0.30000000000000004,50.0,498,7880.6298828125,0,0,278,0,278
16339,1.0,5.0,3.0,9.0,2.0,2.0,0.4,0.30000000000000004,50.0,499,8365.787353515625,0,0,283,0,283