Exp Num,agent:svo_convergence_factor,agent:params:metabolism,agent:params:consumption_factor,agent:params:procreate_cost_factor,agent:params:procreate_req_factor,agent:params:start_energy_factor,agent:params:caught_chance,agent:params:caught_cooldown_factor,agent:params:maximum_age,Epoch,Resource,A,B,C,D,E
203879,4.0,5.0,1.0,3.0,1.0,3.0,0.1,0.1,50.0,0,4500.0,31,39,28,33,117
203879,4.0,5.0,1.0,3.0,1.0,3.0,0.1,0.1,50.0,1,5165.0,23,24,21,25,82
203879,4.0,5.0,1.0,3.0,1.0,3.0,0.1,0.1,50.0,2,6071.25,18,23,23,23,77
203879,4.0,5.0,1.0,3.0,1.0,3.0,0.1,0.1,50.0,3,7224.0625,20,19,21,26,70
203879,4.0,5.0,1.0,3.0,1.0,3.0,0.1,0.1,50.0,4,8670.078125,22,19,21,23,71
203879,4.0,5.0,1.0,3.0,1.0,3.0,0.1,0.1,50.0,5,9620.0,28,18,24,27,78
203879,4.0,5.0,1.0,3.0,1.0,3.0,0.1,0.1,50.0,6,9620.0,22,22,22,27,72
203879,4.0,5.0,1.0,3.0,1.0,3.0,0.1,0.1,50.0,7,9640.0,22,24,19,25,69
203879,4.0,5.0,1.0,3.0,1.0,3.0,0.1,0.1,50.0,8,9645.0,20,25,20,21,74
203879,4.0,5.0,1.0,3.0,1.0,3.0,0.1,0.1,50.0,9,9625.0,26,28,24,15,87
203879,4.0,5.0,1.0,3.0,1.0,3.0,0.1,0.1,50.0,10,9600.0,22,27,34,11,96
203879,4.0,5.0,1.0,3.0,1.0,3.0,0.1,0.1,50.0,11,9605.0,20,30,32,10,94
203879,4.0,5.0,1.0,3.0,1.0,3.0,0.1,0.1,50.0,12,9620.0,19,31,30,10,90
203879,4.0,5.0,1.0,3.0,1.0,3.0,0.1,0.1,50.0,13,9620.0,19,27,33,10,90
203879,4.0,5.0,1.0,3.0,1.0,3.0,0.1,0.1,50.0,14,9630.0,16,28,33,11,87
203879,4.0,5.0,1.0,3.0,1.0,3.0,0.1,0.1,50.0,15,9605.0,16,37,37,13,96
203879,4.0,5.0,1.0,3.0,1.0,3.0,0.1,0.1,50.0,16,9615.0,12,34,34,15,83
203879,4.0,5.0,1.0,3.0,1.0,3.0,0.1,0.1,50.0,17,9635.0,10,39,28,17,80
203879,4.0,5.0,1.0,3.0,1.0,3.0,0.1,0.1,50.0,18,9635.0,10,36,27,19,78
203879,4.0,5.0,1.0,3.0,1.0,3.0,0.1,0.1,50.0,19,9635.0,10,37,25,19,78
203879,4.0,5.0,1.0,3.0,1.0,3.0,0.1,0.1,50.0,20,9630.0,7,33,32,20,79
203879,4.0,5.0,1.0,3.0,1.0,3.0,0.1,0.1,50.0,21,9630.0,5,32,34,19,78
203879,4.0,5.0,1.0,3.0,1.0,3.0,0.1,0.1,50.0,22,9640.0,4,30,32,21,74
203879,4.0,5.0,1.0,3.0,1.0,3.0,0.1,0.1,50.0,23,9625.0,5,28,34,24,77
203879,4.0,5.0,1.0,3.0,1.0,3.0,0.1,0.1,50.0,24,9610.0,5,31,35,22,83
203879,4.0,5.0,1.0,3.0,1.0,3.0,0.1,0.1,50.0,25,9615.0,7,26,38,20,81
203879,4.0,5.0,1.0,3.0,1.0,3.0,0.1,0.1,50.0,26,9630.0,11,25,35,15,81
203879,4.0,5.0,1.0,3.0,1.0,3.0,0.1,0.1,50.0,27,9625.0,13,28,38,14,88
203879,4.0,5.0,1.0,3.0,1.0,3.0,0.1,0.1,50.0,28,9615.0,13,30,41,11,92
203879,4.0,5.0,1.0,3.0,1.0,3.0,0.1,0.1,50.0,29,9615.0,8,34,39,11,90
203879,4.0,5.0,1.0,3.0,1.0,3.0,0.1,0.1,50.0,30,9625.0,8,33,35,15,84
203879,4.0,5.0,1.0,3.0,1.0,3.0,0.1,0.1,50.0,31,9625.0,9,31,33,18,81
203879,4.0,5.0,1.0,3.0,1.0,3.0,0.1,0.1,50.0,32,9620.0,10,29,38,21,81
203879,4.0,5.0,1.0,3.0,1.0,3.0,0.1,0.1,50.0,33,9620.0,8,28,40,20,79
203879,4.0,5.0,1.0,3.0,1.0,3.0,0.1,0.1,50.0,34,9610.0,8,29,45,21,85
203879,4.0,5.0,1.0,3.0,1.0,3.0,0.1,0.1,50.0,35,9610.0,7,31,48,14,89
203879,4.0,5.0,1.0,3.0,1.0,3.0,0.1,0.1,50.0,36,9625.0,6,27,50,10,87
203879,4.0,5.0,1.0,3.0,1.0,3.0,0.1,0.1,50.0,37,9630.0,6,28,48,12,87
203879,4.0,5.0,1.0,3.0,1.0,3.0,0.1,0.1,50.0,38,9635.0,6,22,48,13,83
203879,4.0,5.0,1.0,3.0,1.0,3.0,0.1,0.1,50.0,39,9620.0,5,27,53,10,94
203879,4.0,5.0,1.0,3.0,1.0,3.0,0.1,0.1,50.0,40,9615.0,4,23,55,13,89
203879,4.0,5.0,1.0,3.0,1.0,3.0,0.1,0.1,50.0,41,9610.0,5,21,58,14,91
203879,4.0,5.0,1.0,3.0,1.0,3.0,0.1,0.1,50.0,42,9605.0,7,22,56,12,92
203879,4.0,5.0,1.0,3.0,1.0,3.0,0.1,0.1,50.0,43,9615.0,7,20,55,12,88
203879,4.0,5.0,1.0,3.0,1.0,3.0,0.1,0.1,50.0,44,9625.0,8,19,55,13,87
203879,4.0,5.0,1.0,3.0,1.0,3.0,0.1,0.1,50.0,45,9625.0,5,20,46,20,78
203879,4.0,5.0,1.0,3.0,1.0,3.0,0.1,0.1,50.0,46,9625.0,5,20,48,22,79
203879,4.0,5.0,1.0,3.0,1.0,3.0,0.1,0.1,50.0,47,9635.0,5,18,44,21,74
203879,4.0,5.0,1.0,3.0,1.0,3.0,0.1,0.1,50.0,48,9640.0,6,18,46,20,76
203879,4.0,5.0,1.0,3.0,1.0,3.0,0.1,0.1,50.0,49,9630.0,9,19,47,21,79
203879,4.0,5.0,1.0,3.0,1.0,3.0,0.1,0.1,50.0,50,9645.0,7,20,46,18,74
203879,4.0,5.0,1.0,3.0,1.0,3.0,0.1,0.1,50.0,51,9640.0,9,19,48,20,78
203879,4.0,5.0,1.0,3.0,1.0,3.0,0.1,0.1,50.0,52,9625.0,9,22,49,16,83
203879,4.0,5.0,1.0,3.0,1.0,3.0,0.1,0.1,50.0,53,9625.0,4,18,54,18,81
203879,4.0,5.0,1.0,3.0,1.0,3.0,0.1,0.1,50.0,54,9625.0,6,19,49,19,81
203879,4.0,5.0,1.0,3.0,1.0,3.0,0.1,0.1,50.0,55,9620.0,3,22,50,17,83
203879,4.0,5.0,1.0,3.0,1.0,3.0,0.1,0.1,50.0,56,9640.0,2,21,44,18,76
203879,4.0,5.0,1.0,3.0,1.0,3.0,0.1,0.1,50.0,57,9625.0,4,21,51,16,87
203879,4.0,5.0,1.0,3.0,1.0,3.0,0.1,0.1,50.0,58,9615.0,4,20,45,22,80
203879,4.0,5.0,1.0,3.0,1.0,3.0,0.1,0.1,50.0,59,9620.0,4,18,41,26,75
203879,4.0,5.0,1.0,3.0,1.0,3.0,0.1,0.1,50.0,60,9620.0,5,24,34,25,76
203879,4.0,5.0,1.0,3.0,1.0,3.0,0.1,0.1,50.0,61,9615.0,4,24,38,24,79
203879,4.0,5.0,1.0,3.0,1.0,3.0,0.1,0.1,50.0,62,9630.0,5,21,39,16,80
203879,4.0,5.0,1.0,3.0,1.0,3.0,0.1,0.1,50.0,63,9635.0,5,20,40,19,79
203879,4.0,5.0,1.0,3.0,1.0,3.0,0.1,0.1,50.0,64,9640.0,6,18,36,18,75
203879,4.0,5.0,1.0,3.0,1.0,3.0,0.1,0.1,50.0,65,9645.0,5,20,30,24,71
203879,4.0,5.0,1.0,3.0,1.0,3.0,0.1,0.1,50.0,66,9620.0,8,22,32,26,78
203879,4.0,5.0,1.0,3.0,1.0,3.0,0.1,0.1,50.0,67,9610.0,6,21,33,26,78
203879,4.0,5.0,1.0,3.0,1.0,3.0,0.1,0.1,50.0,68,9615.0,5,16,36,25,77
203879,4.0,5.0,1.0,3.0,1.0,3.0,0.1,0.1,50.0,69,9615.0,3,10,39,27,74
203879,4.0,5.0,1.0,3.0,1.0,3.0,0.1,0.1,50.0,70,9625.0,4,9,41,22,77
203879,4.0,5.0,1.0,3.0,1.0,3.0,0.1,0.1,50.0,71,9625.0,4,8,41,23,76
203879,4.0,5.0,1.0,3.0,1.0,3.0,0.1,0.1,50.0,72,9625.0,4,10,39,25,75
203879,4.0,5.0,1.0,3.0,1.0,3.0,0.1,0.1,50.0,73,9625.0,5,9,37,24,76
203879,4.0,5.0,1.0,3.0,1.0,3.0,0.1,0.1,50.0,74,9620.0,6,11,33,27,75
203879,4.0,5.0,1.0,3.0,1.0,3.0,0.1,0.1,50.0,75,9645.0,7,7,31,24,67
203879,4.0,5.0,1.0,3.0,1.0,3.0,0.1,0.1,50.0,76,9655.0,7,8,33,26,66
203879,4.0,5.0,1.0,3.0,1.0,3.0,0.1,0.1,50.0,77,9630.0,8,11,37,30,72
203879,4.0,5.0,1.0,3.0,1.0,3.0,0.1,0.1,50.0,78,9625.0,7,13,37,32,67
203879,4.0,5.0,1.0,3.0,1.0,3.0,0.1,0.1,50.0,79,9610.0,6,13,40,33,73
203879,4.0,5.0,1.0,3.0,1.0,3.0,0.1,0.1,50.0,80,9610.0,4,16,39,35,68
203879,4.0,5.0,1.0,3.0,1.0,3.0,0.1,0.1,50.0,81,9630.0,4,12,39,34,61
203879,4.0,5.0,1.0,3.0,1.0,3.0,0.1,0.1,50.0,82,9620.0,5,12,43,38,65
203879,4.0,5.0,1.0,3.0,1.0,3.0,0.1,0.1,50.0,83,9620.0,6,12,43,36,64
203879,4.0,5.0,1.0,3.0,1.0,3.0,0.1,0.1,50.0,84,9635.0,5,16,44,30,66
203879,4.0,5.0,1.0,3.0,1.0,3.0,0.1,0.1,50.0,85,9630.0,4,17,49,26,72
203879,4.0,5.0,1.0,3.0,1.0,3.0,0.1,0.1,50.0,86,9620.0,2,18,55,25,78
203879,4.0,5.0,1.0,3.0,1.0,3.0,0.1,0.1,50.0,87,9615.0,2,14,61,19,82
203879,4.0,5.0,1.0,3.0,1.0,3.0,0.1,0.1,50.0,88,9630.0,1,13,62,15,82
203879,4.0,5.0,1.0,3.0,1.0,3.0,0.1,0.1,50.0,89,9620.0,1,15,67,12,90
203879,4.0,5.0,1.0,3.0,1.0,3.0,0.1,0.1,50.0,90,9625.0,1,16,65,13,86
203879,4.0,5.0,1.0,3.0,1.0,3.0,0.1,0.1,50.0,91,9615.0,2,18,61,17,86
203879,4.0,5.0,1.0,3.0,1.0,3.0,0.1,0.1,50.0,92,9630.0,3,12,55,20,76
203879,4.0,5.0,1.0,3.0,1.0,3.0,0.1,0.1,50.0,93,9635.0,5,12,54,23,75
203879,4.0,5.0,1.0,3.0,1.0,3.0,0.1,0.1,50.0,94,9615.0,8,12,57,24,81
203879,4.0,5.0,1.0,3.0,1.0,3.0,0.1,0.1,50.0,95,9600.0,10,12,54,28,79
203879,4.0,5.0,1.0,3.0,1.0,3.0,0.1,0.1,50.0,96,9610.0,12,12,49,26,76
203879,4.0,5.0,1.0,3.0,1.0,3.0,0.1,0.1,50.0,97,9620.0,12,13,43,25,74
203879,4.0,5.0,1.0,3.0,1.0,3.0,0.1,0.1,50.0,98,9620.0,12,13,45,24,78
203879,4.0,5.0,1.0,3.0,1.0,3.0,0.1,0.1,50.0,99,9625.0,12,15,46,18,81
203879,4.0,5.0,1.0,3.0,1.0,3.0,0.1,0.1,50.0,100,9605.0,9,15,48,26,82
203879,4.0,5.0,1.0,3.0,1.0,3.0,0.1,0.1,50.0,101,9605.0,9,15,44,29,75
203879,4.0,5.0,1.0,3.0,1.0,3.0,0.1,0.1,50.0,102,9610.0,10,12,46,27,75
203879,4.0,5.0,1.0,3.0,1.0,3.0,0.1,0.1,50.0,103,9625.0,14,11,41,26,73
203879,4.0,5.0,1.0,3.0,1.0,3.0,0.1,0.1,50.0,104,9625.0,16,13,42,20,80
203879,4.0,5.0,1.0,3.0,1.0,3.0,0.1,0.1,50.0,105,9625.0,13,16,41,21,77
203879,4.0,5.0,1.0,3.0,1.0,3.0,0.1,0.1,50.0,106,9630.0,13,19,35,25,74
203879,4.0,5.0,1.0,3.0,1.0,3.0,0.1,0.1,50.0,107,9625.0,11,18,37,29,71
203879,4.0,5.0,1.0,3.0,1.0,3.0,0.1,0.1,50.0,108,9605.0,14,19,40,30,78
203879,4.0,5.0,1.0,3.0,1.0,3.0,0.1,0.1,50.0,109,9600.0,8,16,48,28,78
203879,4.0,5.0,1.0,3.0,1.0,3.0,0.1,0.1,50.0,110,9620.0,12,12,49,21,78
203879,4.0,5.0,1.0,3.0,1.0,3.0,0.1,0.1,50.0,111,9610.0,13,10,56,22,84
203879,4.0,5.0,1.0,3.0,1.0,3.0,0.1,0.1,50.0,112,9615.0,13,8,55,21,80
203879,4.0,5.0,1.0,3.0,1.0,3.0,0.1,0.1,50.0,113,9620.0,10,13,61,15,86
203879,4.0,5.0,1.0,3.0,1.0,3.0,0.1,0.1,50.0,114,9630.0,5,15,61,13,83
203879,4.0,5.0,1.0,3.0,1.0,3.0,0.1,0.1,50.0,115,9620.0,6,20,65,9,95
203879,4.0,5.0,1.0,3.0,1.0,3.0,0.1,0.1,50.0,116,9620.0,3,21,64,7,93
203879,4.0,5.0,1.0,3.0,1.0,3.0,0.1,0.1,50.0,117,9640.0,5,18,57,7,87
203879,4.0,5.0,1.0,3.0,1.0,3.0,0.1,0.1,50.0,118,9655.0,5,20,50,7,82
203879,4.0,5.0,1.0,3.0,1.0,3.0,0.1,0.1,50.0,119,9630.0,7,22,56,7,96
203879,4.0,5.0,1.0,3.0,1.0,3.0,0.1,0.1,50.0,120,9615.0,5,23,55,5,97
203879,4.0,5.0,1.0,3.0,1.0,3.0,0.1,0.1,50.0,121,9630.0,3,15,55,8,89
203879,4.0,5.0,1.0,3.0,1.0,3.0,0.1,0.1,50.0,122,9640.0,3,9,58,14,81
203879,4.0,5.0,1.0,3.0,1.0,3.0,0.1,0.1,50.0,123,9635.0,3,5,57,17,81
203879,4.0,5.0,1.0,3.0,1.0,3.0,0.1,0.1,50.0,124,9630.0,2,6,59,19,80
203879,4.0,5.0,1.0,3.0,1.0,3.0,0.1,0.1,50.0,125,9640.0,3,7,53,19,75
203879,4.0,5.0,1.0,3.0,1.0,3.0,0.1,0.1,50.0,126,9625.0,2,8,63,18,85
203879,4.0,5.0,1.0,3.0,1.0,3.0,0.1,0.1,50.0,127,9605.0,1,6,71,21,85
203879,4.0,5.0,1.0,3.0,1.0,3.0,0.1,0.1,50.0,128,9610.0,2,7,70,16,87
203879,4.0,5.0,1.0,3.0,1.0,3.0,0.1,0.1,50.0,129,9620.0,2,8,67,15,85
203879,4.0,5.0,1.0,3.0,1.0,3.0,0.1,0.1,50.0,130,9640.0,2,11,63,12,82
203879,4.0,5.0,1.0,3.0,1.0,3.0,0.1,0.1,50.0,131,9640.0,2,12,68,9,88
203879,4.0,5.0,1.0,3.0,1.0,3.0,0.1,0.1,50.0,132,9625.0,1,15,71,8,93
203879,4.0,5.0,1.0,3.0,1.0,3.0,0.1,0.1,50.0,133,9625.0,2,15,66,10,89
203879,4.0,5.0,1.0,3.0,1.0,3.0,0.1,0.1,50.0,134,9620.0,3,17,62,14,88
203879,4.0,5.0,1.0,3.0,1.0,3.0,0.1,0.1,50.0,135,9615.0,4,18,59,17,86
203879,4.0,5.0,1.0,3.0,1.0,3.0,0.1,0.1,50.0,136,9600.0,4,20,55,23,85
203879,4.0,5.0,1.0,3.0,1.0,3.0,0.1,0.1,50.0,137,9610.0,4,20,47,23,79
203879,4.0,5.0,1.0,3.0,1.0,3.0,0.1,0.1,50.0,138,9610.0,3,19,47,26,79
203879,4.0,5.0,1.0,3.0,1.0,3.0,0.1,0.1,50.0,139,9625.0,4,16,46,23,73
203879,4.0,5.0,1.0,3.0,1.0,3.0,0.1,0.1,50.0,140,9630.0,5,16,43,28,72
203879,4.0,5.0,1.0,3.0,1.0,3.0,0.1,0.1,50.0,141,9620.0,4,17,42,27,73
203879,4.0,5.0,1.0,3.0,1.0,3.0,0.1,0.1,50.0,142,9625.0,2,22,41,27,73
203879,4.0,5.0,1.0,3.0,1.0,3.0,0.1,0.1,50.0,143,9620.0,2,23,45,23,79
203879,4.0,5.0,1.0,3.0,1.0,3.0,0.1,0.1,50.0,144,9635.0,1,24,45,15,80
203879,4.0,5.0,1.0,3.0,1.0,3.0,0.1,0.1,50.0,145,9645.0,0,20,49,15,79
203879,4.0,5.0,1.0,3.0,1.0,3.0,0.1,0.1,50.0,146,9640.0,1,17,53,13,84
203879,4.0,5.0,1.0,3.0,1.0,3.0,0.1,0.1,50.0,147,9620.0,3,12,59,14,88
203879,4.0,5.0,1.0,3.0,1.0,3.0,0.1,0.1,50.0,148,9630.0,4,10,50,18,77
203879,4.0,5.0,1.0,3.0,1.0,3.0,0.1,0.1,50.0,149,9635.0,6,10,47,22,75
203879,4.0,5.0,1.0,3.0,1.0,3.0,0.1,0.1,50.0,150,9630.0,8,9,44,26,73
203879,4.0,5.0,1.0,3.0,1.0,3.0,0.1,0.1,50.0,151,9635.0,8,9,40,27,69
203879,4.0,5.0,1.0,3.0,1.0,3.0,0.1,0.1,50.0,152,9640.0,5,9,41,30,66
203879,4.0,5.0,1.0,3.0,1.0,3.0,0.1,0.1,50.0,153,9635.0,3,10,38,35,63
203879,4.0,5.0,1.0,3.0,1.0,3.0,0.1,0.1,50.0,154,9640.0,2,9,40,33,62
203879,4.0,5.0,1.0,3.0,1.0,3.0,0.1,0.1,50.0,155,9630.0,1,12,38,37,63
203879,4.0,5.0,1.0,3.0,1.0,3.0,0.1,0.1,50.0,156,9610.0,1,11,41,38,68
203879,4.0,5.0,1.0,3.0,1.0,3.0,0.1,0.1,50.0,157,9610.0,2,6,38,43,58
203879,4.0,5.0,1.0,3.0,1.0,3.0,0.1,0.1,50.0,158,9625.0,2,6,38,39,59
203879,4.0,5.0,1.0,3.0,1.0,3.0,0.1,0.1,50.0,159,9625.0,1,6,37,44,57
203879,4.0,5.0,1.0,3.0,1.0,3.0,0.1,0.1,50.0,160,9610.0,0,4,41,48,57
203879,4.0,5.0,1.0,3.0,1.0,3.0,0.1,0.1,50.0,161,9600.0,0,4,41,49,57
203879,4.0,5.0,1.0,3.0,1.0,3.0,0.1,0.1,50.0,162,9610.0,0,6,37,45,56
203879,4.0,5.0,1.0,3.0,1.0,3.0,0.1,0.1,50.0,163,9630.0,0,5,37,41,56
203879,4.0,5.0,1.0,3.0,1.0,3.0,0.1,0.1,50.0,164,9635.0,0,5,32,41,56
203879,4.0,5.0,1.0,3.0,1.0,3.0,0.1,0.1,50.0,165,9635.0,0,2,30,46,51
203879,4.0,5.0,1.0,3.0,1.0,3.0,0.1,0.1,50.0,166,9625.0,0,2,28,51,50
203879,4.0,5.0,1.0,3.0,1.0,3.0,0.1,0.1,50.0,167,9630.0,0,5,26,47,50
203879,4.0,5.0,1.0,3.0,1.0,3.0,0.1,0.1,50.0,168,9620.0,0,5,30,47,55
203879,4.0,5.0,1.0,3.0,1.0,3.0,0.1,0.1,50.0,169,9605.0,0,5,33,47,58
203879,4.0,5.0,1.0,3.0,1.0,3.0,0.1,0.1,50.0,170,9635.0,0,3,29,46,47
203879,4.0,5.0,1.0,3.0,1.0,3.0,0.1,0.1,50.0,171,9645.0,0,4,27,51,43
203879,4.0,5.0,1.0,3.0,1.0,3.0,0.1,0.1,50.0,172,9630.0,0,2,26,58,43
203879,4.0,5.0,1.0,3.0,1.0,3.0,0.1,0.1,50.0,173,9640.0,0,2,17,60,33
203879,4.0,5.0,1.0,3.0,1.0,3.0,0.1,0.1,50.0,174,9640.0,0,1,14,62,34
203879,4.0,5.0,1.0,3.0,1.0,3.0,0.1,0.1,50.0,175,9620.0,0,3,12,64,38
203879,4.0,5.0,1.0,3.0,1.0,3.0,0.1,0.1,50.0,176,9620.0,2,3,9,66,33
203879,4.0,5.0,1.0,3.0,1.0,3.0,0.1,0.1,50.0,177,9630.0,2,4,11,63,35
203879,4.0,5.0,1.0,3.0,1.0,3.0,0.1,0.1,50.0,178,9635.0,3,3,11,60,37
203879,4.0,5.0,1.0,3.0,1.0,3.0,0.1,0.1,50.0,179,9640.0,1,2,14,57,38
203879,4.0,5.0,1.0,3.0,1.0,3.0,0.1,0.1,50.0,180,9635.0,2,2,15,54,44
203879,4.0,5.0,1.0,3.0,1.0,3.0,0.1,0.1,50.0,181,9625.0,2,1,19,52,49
203879,4.0,5.0,1.0,3.0,1.0,3.0,0.1,0.1,50.0,182,9630.0,2,1,20,48,49
203879,4.0,5.0,1.0,3.0,1.0,3.0,0.1,0.1,50.0,183,9625.0,2,2,17,49,51
203879,4.0,5.0,1.0,3.0,1.0,3.0,0.1,0.1,50.0,184,9635.0,2,4,12,49,45
203879,4.0,5.0,1.0,3.0,1.0,3.0,0.1,0.1,50.0,185,9630.0,3,7,9,56,45
203879,4.0,5.0,1.0,3.0,1.0,3.0,0.1,0.1,50.0,186,9620.0,2,7,6,53,47
203879,4.0,5.0,1.0,3.0,1.0,3.0,0.1,0.1,50.0,187,9640.0,3,6,2,51,43
203879,4.0,5.0,1.0,3.0,1.0,3.0,0.1,0.1,50.0,188,9640.0,3,5,4,52,45
203879,4.0,5.0,1.0,3.0,1.0,3.0,0.1,0.1,50.0,189,9630.0,3,3,5,48,51
203879,4.0,5.0,1.0,3.0,1.0,3.0,0.1,0.1,50.0,190,9605.0,3,6,6,49,59
203879,4.0,5.0,1.0,3.0,1.0,3.0,0.1,0.1,50.0,191,9620.0,2,6,6,43,55
203879,4.0,5.0,1.0,3.0,1.0,3.0,0.1,0.1,50.0,192,9630.0,0,5,11,42,57
203879,4.0,5.0,1.0,3.0,1.0,3.0,0.1,0.1,50.0,193,9645.0,0,5,10,40,52
203879,4.0,5.0,1.0,3.0,1.0,3.0,0.1,0.1,50.0,194,9640.0,0,3,8,41,57
203879,4.0,5.0,1.0,3.0,1.0,3.0,0.1,0.1,50.0,195,9620.0,0,1,11,45,58
203879,4.0,5.0,1.0,3.0,1.0,3.0,0.1,0.1,50.0,196,9610.0,1,1,13,46,57
203879,4.0,5.0,1.0,3.0,1.0,3.0,0.1,0.1,50.0,197,9625.0,1,1,14,43,55
203879,4.0,5.0,1.0,3.0,1.0,3.0,0.1,0.1,50.0,198,9620.0,1,3,12,44,59
203879,4.0,5.0,1.0,3.0,1.0,3.0,0.1,0.1,50.0,199,9635.0,0,3,9,38,55
203879,4.0,5.0,1.0,3.0,1.0,3.0,0.1,0.1,50.0,200,9615.0,1,4,12,40,67
203879,4.0,5.0,1.0,3.0,1.0,3.0,0.1,0.1,50.0,201,9620.0,3,2,11,34,63
203879,4.0,5.0,1.0,3.0,1.0,3.0,0.1,0.1,50.0,202,9625.0,3,3,9,35,66
203879,4.0,5.0,1.0,3.0,1.0,3.0,0.1,0.1,50.0,203,9625.0,2,3,13,40,59
203879,4.0,5.0,1.0,3.0,1.0,3.0,0.1,0.1,50.0,204,9615.0,3,3,15,44,59
203879,4.0,5.0,1.0,3.0,1.0,3.0,0.1,0.1,50.0,205,9630.0,3,3,15,42,53
203879,4.0,5.0,1.0,3.0,1.0,3.0,0.1,0.1,50.0,206,9640.0,3,2,17,51,45
203879,4.0,5.0,1.0,3.0,1.0,3.0,0.1,0.1,50.0,207,9630.0,2,2,17,58,42
203879,4.0,5.0,1.0,3.0,1.0,3.0,0.1,0.1,50.0,208,9635.0,2,4,15,58,38
203879,4.0,5.0,1.0,3.0,1.0,3.0,0.1,0.1,50.0,209,9640.0,1,4,14,62,34
203879,4.0,5.0,1.0,3.0,1.0,3.0,0.1,0.1,50.0,210,9630.0,1,5,15,62,38
203879,4.0,5.0,1.0,3.0,1.0,3.0,0.1,0.1,50.0,211,9625.0,2,5,16,58,42
203879,4.0,5.0,1.0,3.0,1.0,3.0,0.1,0.1,50.0,212,9630.0,4,5,15,49,47
203879,4.0,5.0,1.0,3.0,1.0,3.0,0.1,0.1,50.0,213,9630.0,5,2,13,58,40
203879,4.0,5.0,1.0,3.0,1.0,3.0,0.1,0.1,50.0,214,9640.0,6,3,9,55,38
203879,4.0,5.0,1.0,3.0,1.0,3.0,0.1,0.1,50.0,215,9635.0,6,3,11,61,38
203879,4.0,5.0,1.0,3.0,1.0,3.0,0.1,0.1,50.0,216,9630.0,6,8,11,54,44
203879,4.0,5.0,1.0,3.0,1.0,3.0,0.1,0.1,50.0,217,9620.0,7,10,12,53,48
203879,4.0,5.0,1.0,3.0,1.0,3.0,0.1,0.1,50.0,218,9625.0,5,11,9,54,44
203879,4.0,5.0,1.0,3.0,1.0,3.0,0.1,0.1,50.0,219,9635.0,7,12,13,47,50
203879,4.0,5.0,1.0,3.0,1.0,3.0,0.1,0.1,50.0,220,9635.0,8,12,11,44,52
203879,4.0,5.0,1.0,3.0,1.0,3.0,0.1,0.1,50.0,221,9640.0,9,11,15,45,51
203879,4.0,5.0,1.0,3.0,1.0,3.0,0.1,0.1,50.0,222,9635.0,8,10,17,46,52
203879,4.0,5.0,1.0,3.0,1.0,3.0,0.1,0.1,50.0,223,9620.0,6,11,20,45,56
203879,4.0,5.0,1.0,3.0,1.0,3.0,0.1,0.1,50.0,224,9620.0,5,8,22,43,58
203879,4.0,5.0,1.0,3.0,1.0,3.0,0.1,0.1,50.0,225,9630.0,5,6,21,41,56
203879,4.0,5.0,1.0,3.0,1.0,3.0,0.1,0.1,50.0,226,9635.0,5,7,27,34,63
203879,4.0,5.0,1.0,3.0,1.0,3.0,0.1,0.1,50.0,227,9630.0,6,6,28,34,65
203879,4.0,5.0,1.0,3.0,1.0,3.0,0.1,0.1,50.0,228,9630.0,7,6,35,29,69
203879,4.0,5.0,1.0,3.0,1.0,3.0,0.1,0.1,50.0,229,9650.0,6,7,29,29,60
203879,4.0,5.0,1.0,3.0,1.0,3.0,0.1,0.1,50.0,230,9650.0,6,7,40,29,66
203879,4.0,5.0,1.0,3.0,1.0,3.0,0.1,0.1,50.0,231,9625.0,3,11,42,34,67
203879,4.0,5.0,1.0,3.0,1.0,3.0,0.1,0.1,50.0,232,9630.0,3,13,36,35,62
203879,4.0,5.0,1.0,3.0,1.0,3.0,0.1,0.1,50.0,233,9635.0,4,12,28,42,55
203879,4.0,5.0,1.0,3.0,1.0,3.0,0.1,0.1,50.0,234,9630.0,4,10,25,45,54
203879,4.0,5.0,1.0,3.0,1.0,3.0,0.1,0.1,50.0,235,9615.0,3,11,30,45,59
203879,4.0,5.0,1.0,3.0,1.0,3.0,0.1,0.1,50.0,236,9610.0,2,16,28,43,61
203879,4.0,5.0,1.0,3.0,1.0,3.0,0.1,0.1,50.0,237,9595.0,3,13,33,47,63
203879,4.0,5.0,1.0,3.0,1.0,3.0,0.1,0.1,50.0,238,9605.0,4,8,33,43,60
203879,4.0,5.0,1.0,3.0,1.0,3.0,0.1,0.1,50.0,239,9635.0,5,3,34,41,53
203879,4.0,5.0,1.0,3.0,1.0,3.0,0.1,0.1,50.0,240,9635.0,6,6,38,39,60
203879,4.0,5.0,1.0,3.0,1.0,3.0,0.1,0.1,50.0,241,9630.0,6,7,34,45,53
203879,4.0,5.0,1.0,3.0,1.0,3.0,0.1,0.1,50.0,242,9630.0,5,9,36,41,58
203879,4.0,5.0,1.0,3.0,1.0,3.0,0.1,0.1,50.0,243,9610.0,4,8,40,47,59
203879,4.0,5.0,1.0,3.0,1.0,3.0,0.1,0.1,50.0,244,9620.0,2,10,35,43,56
203879,4.0,5.0,1.0,3.0,1.0,3.0,0.1,0.1,50.0,245,9615.0,2,10,36,43,61
203879,4.0,5.0,1.0,3.0,1.0,3.0,0.1,0.1,50.0,246,9635.0,1,8,28,44,48
203879,4.0,5.0,1.0,3.0,1.0,3.0,0.1,0.1,50.0,247,9630.0,0,8,27,55,47
203879,4.0,5.0,1.0,3.0,1.0,3.0,0.1,0.1,50.0,248,9635.0,0,6,25,54,41
203879,4.0,5.0,1.0,3.0,1.0,3.0,0.1,0.1,50.0,249,9645.0,1,5,18,58,35
203879,4.0,5.0,1.0,3.0,1.0,3.0,0.1,0.1,50.0,250,9625.0,1,5,23,60,43
203879,4.0,5.0,1.0,3.0,1.0,3.0,0.1,0.1,50.0,251,9625.0,3,3,21,59,39
203879,4.0,5.0,1.0,3.0,1.0,3.0,0.1,0.1,50.0,252,9625.0,2,3,20,59,42
203879,4.0,5.0,1.0,3.0,1.0,3.0,0.1,0.1,50.0,253,9620.0,3,3,21,57,44
203879,4.0,5.0,1.0,3.0,1.0,3.0,0.1,0.1,50.0,254,9625.0,3,4,20,56,43
203879,4.0,5.0,1.0,3.0,1.0,3.0,0.1,0.1,50.0,255,9615.0,5,3,17,59,45
203879,4.0,5.0,1.0,3.0,1.0,3.0,0.1,0.1,50.0,256,9605.0,5,5,18,55,51
203879,4.0,5.0,1.0,3.0,1.0,3.0,0.1,0.1,50.0,257,9620.0,5,4,17,54,45
203879,4.0,5.0,1.0,3.0,1.0,3.0,0.1,0.1,50.0,258,9630.0,3,5,19,48,50
203879,4.0,5.0,1.0,3.0,1.0,3.0,0.1,0.1,50.0,259,9625.0,2,5,18,46,53
203879,4.0,5.0,1.0,3.0,1.0,3.0,0.1,0.1,50.0,260,9620.0,0,3,18,54,48
203879,4.0,5.0,1.0,3.0,1.0,3.0,0.1,0.1,50.0,261,9610.0,0,3,18,58,47
203879,4.0,5.0,1.0,3.0,1.0,3.0,0.1,0.1,50.0,262,9605.0,0,4,19,60,45
203879,4.0,5.0,1.0,3.0,1.0,3.0,0.1,0.1,50.0,263,9595.0,0,5,21,58,50
203879,4.0,5.0,1.0,3.0,1.0,3.0,0.1,0.1,50.0,264,9615.0,1,6,17,55,45
203879,4.0,5.0,1.0,3.0,1.0,3.0,0.1,0.1,50.0,265,9630.0,2,6,18,51,47
203879,4.0,5.0,1.0,3.0,1.0,3.0,0.1,0.1,50.0,266,9630.0,2,7,18,50,49
203879,4.0,5.0,1.0,3.0,1.0,3.0,0.1,0.1,50.0,267,9630.0,2,8,18,53,45
203879,4.0,5.0,1.0,3.0,1.0,3.0,0.1,0.1,50.0,268,9630.0,1,10,19,51,48
203879,4.0,5.0,1.0,3.0,1.0,3.0,0.1,0.1,50.0,269,9630.0,2,6,21,53,45
203879,4.0,5.0,1.0,3.0,1.0,3.0,0.1,0.1,50.0,270,9620.0,1,3,18,61,40
203879,4.0,5.0,1.0,3.0,1.0,3.0,0.1,0.1,50.0,271,9635.0,1,2,17,57,38
203879,4.0,5.0,1.0,3.0,1.0,3.0,0.1,0.1,50.0,272,9645.0,1,0,17,58,36
203879,4.0,5.0,1.0,3.0,1.0,3.0,0.1,0.1,50.0,273,9640.0,2,0,15,58,39
203879,4.0,5.0,1.0,3.0,1.0,3.0,0.1,0.1,50.0,274,9630.0,1,0,14,54,45
203879,4.0,5.0,1.0,3.0,1.0,3.0,0.1,0.1,50.0,275,9645.0,1,1,11,49,43
203879,4.0,5.0,1.0,3.0,1.0,3.0,0.1,0.1,50.0,276,9635.0,0,2,12,55,45
203879,4.0,5.0,1.0,3.0,1.0,3.0,0.1,0.1,50.0,277,9615.0,0,3,12,56,46
203879,4.0,5.0,1.0,3.0,1.0,3.0,0.1,0.1,50.0,278,9630.0,1,3,11,55,42
203879,4.0,5.0,1.0,3.0,1.0,3.0,0.1,0.1,50.0,279,9635.0,1,2,12,52,45
203879,4.0,5.0,1.0,3.0,1.0,3.0,0.1,0.1,50.0,280,9640.0,1,1,13,54,41
203879,4.0,5.0,1.0,3.0,1.0,3.0,0.1,0.1,50.0,281,9635.0,1,1,10,55,43
203879,4.0,5.0,1.0,3.0,1.0,3.0,0.1,0.1,50.0,282,9625.0,1,0,6,62,37
203879,4.0,5.0,1.0,3.0,1.0,3.0,0.1,0.1,50.0,283,9620.0,1,0,7,65,37
203879,4.0,5.0,1.0,3.0,1.0,3.0,0.1,0.1,50.0,284,9615.0,0,0,5,65,38
203879,4.0,5.0,1.0,3.0,1.0,3.0,0.1,0.1,50.0,285,9630.0,0,0,8,59,37
203879,4.0,5.0,1.0,3.0,1.0,3.0,0.1,0.1,50.0,286,9620.0,0,0,7,63,39
203879,4.0,5.0,1.0,3.0,1.0,3.0,0.1,0.1,50.0,287,9620.0,0,0,6,63,36
203879,4.0,5.0,1.0,3.0,1.0,3.0,0.1,0.1,50.0,288,9625.0,0,0,6,67,33
203879,4.0,5.0,1.0,3.0,1.0,3.0,0.1,0.1,50.0,289,9635.0,0,1,5,64,32
203879,4.0,5.0,1.0,3.0,1.0,3.0,0.1,0.1,50.0,290,9625.0,0,1,4,71,29
203879,4.0,5.0,1.0,3.0,1.0,3.0,0.1,0.1,50.0,291,9620.0,0,2,5,70,32
203879,4.0,5.0,1.0,3.0,1.0,3.0,0.1,0.1,50.0,292,9625.0,1,2,3,66,33
203879,4.0,5.0,1.0,3.0,1.0,3.0,0.1,0.1,50.0,293,9615.0,2,1,3,68,35
203879,4.0,5.0,1.0,3.0,1.0,3.0,0.1,0.1,50.0,294,9620.0,3,1,2,61,38
203879,4.0,5.0,1.0,3.0,1.0,3.0,0.1,0.1,50.0,295,9630.0,3,2,3,55,43
203879,4.0,5.0,1.0,3.0,1.0,3.0,0.1,0.1,50.0,296,9635.0,2,1,3,47,50
203879,4.0,5.0,1.0,3.0,1.0,3.0,0.1,0.1,50.0,297,9630.0,2,2,4,41,58
203879,4.0,5.0,1.0,3.0,1.0,3.0,0.1,0.1,50.0,298,9605.0,2,3,4,46,62
203879,4.0,5.0,1.0,3.0,1.0,3.0,0.1,0.1,50.0,299,9610.0,2,2,7,42,60
203879,4.0,5.0,1.0,3.0,1.0,3.0,0.1,0.1,50.0,300,9625.0,2,2,9,36,63
203879,4.0,5.0,1.0,3.0,1.0,3.0,0.1,0.1,50.0,301,9620.0,3,2,10,43,59
203879,4.0,5.0,1.0,3.0,1.0,3.0,0.1,0.1,50.0,302,9615.0,2,1,11,42,61
203879,4.0,5.0,1.0,3.0,1.0,3.0,0.1,0.1,50.0,303,9610.0,1,0,13,48,56
203879,4.0,5.0,1.0,3.0,1.0,3.0,0.1,0.1,50.0,304,9610.0,2,1,16,49,53
203879,4.0,5.0,1.0,3.0,1.0,3.0,0.1,0.1,50.0,305,9610.0,1,2,18,50,53
203879,4.0,5.0,1.0,3.0,1.0,3.0,0.1,0.1,50.0,306,9615.0,1,3,19,47,55
203879,4.0,5.0,1.0,3.0,1.0,3.0,0.1,0.1,50.0,307,9615.0,1,3,20,48,55
203879,4.0,5.0,1.0,3.0,1.0,3.0,0.1,0.1,50.0,308,9615.0,0,5,22,46,56
203879,4.0,5.0,1.0,3.0,1.0,3.0,0.1,0.1,50.0,309,9620.0,1,4,21,48,51
203879,4.0,5.0,1.0,3.0,1.0,3.0,0.1,0.1,50.0,310,9620.0,1,2,21,45,57
203879,4.0,5.0,1.0,3.0,1.0,3.0,0.1,0.1,50.0,311,9610.0,1,1,17,49,54
203879,4.0,5.0,1.0,3.0,1.0,3.0,0.1,0.1,50.0,312,9610.0,0,1,18,50,54
203879,4.0,5.0,1.0,3.0,1.0,3.0,0.1,0.1,50.0,313,9625.0,0,0,14,49,47
203879,4.0,5.0,1.0,3.0,1.0,3.0,0.1,0.1,50.0,314,9630.0,0,0,12,59,41
203879,4.0,5.0,1.0,3.0,1.0,3.0,0.1,0.1,50.0,315,9625.0,0,0,10,62,36
203879,4.0,5.0,1.0,3.0,1.0,3.0,0.1,0.1,50.0,316,9630.0,0,0,9,65,34
203879,4.0,5.0,1.0,3.0,1.0,3.0,0.1,0.1,50.0,317,9620.0,0,1,7,69,33
203879,4.0,5.0,1.0,3.0,1.0,3.0,0.1,0.1,50.0,318,9620.0,0,1,8,72,29
203879,4.0,5.0,1.0,3.0,1.0,3.0,0.1,0.1,50.0,319,9640.0,0,2,9,64,29
203879,4.0,5.0,1.0,3.0,1.0,3.0,0.1,0.1,50.0,320,9630.0,0,3,11,67,34
203879,4.0,5.0,1.0,3.0,1.0,3.0,0.1,0.1,50.0,321,9620.0,1,2,12,71,30
203879,4.0,5.0,1.0,3.0,1.0,3.0,0.1,0.1,50.0,322,9630.0,2,1,17,63,34
203879,4.0,5.0,1.0,3.0,1.0,3.0,0.1,0.1,50.0,323,9625.0,3,1,19,67,34
203879,4.0,5.0,1.0,3.0,1.0,3.0,0.1,0.1,50.0,324,9630.0,3,2,16,64,32
203879,4.0,5.0,1.0,3.0,1.0,3.0,0.1,0.1,50.0,325,9635.0,2,4,17,63,35
203879,4.0,5.0,1.0,3.0,1.0,3.0,0.1,0.1,50.0,326,9630.0,3,6,17,63,36
203879,4.0,5.0,1.0,3.0,1.0,3.0,0.1,0.1,50.0,327,9620.0,4,7,13,69,33
203879,4.0,5.0,1.0,3.0,1.0,3.0,0.1,0.1,50.0,328,9610.0,2,9,12,68,35
203879,4.0,5.0,1.0,3.0,1.0,3.0,0.1,0.1,50.0,329,9620.0,3,11,9,62,37
203879,4.0,5.0,1.0,3.0,1.0,3.0,0.1,0.1,50.0,330,9625.0,3,12,11,59,41
203879,4.0,5.0,1.0,3.0,1.0,3.0,0.1,0.1,50.0,331,9625.0,4,11,17,53,47
203879,4.0,5.0,1.0,3.0,1.0,3.0,0.1,0.1,50.0,332,9635.0,4,9,19,50,46
203879,4.0,5.0,1.0,3.0,1.0,3.0,0.1,0.1,50.0,333,9660.0,4,5,20,45,43
203879,4.0,5.0,1.0,3.0,1.0,3.0,0.1,0.1,50.0,334,9660.0,2,2,19,54,38
203879,4.0,5.0,1.0,3.0,1.0,3.0,0.1,0.1,50.0,335,9655.0,1,2,17,60,32
203879,4.0,5.0,1.0,3.0,1.0,3.0,0.1,0.1,50.0,336,9630.0,1,2,20,63,39
203879,4.0,5.0,1.0,3.0,1.0,3.0,0.1,0.1,50.0,337,9625.0,2,1,14,65,34
203879,4.0,5.0,1.0,3.0,1.0,3.0,0.1,0.1,50.0,338,9625.0,2,1,11,71,29
203879,4.0,5.0,1.0,3.0,1.0,3.0,0.1,0.1,50.0,339,9625.0,1,1,9,74,26
203879,4.0,5.0,1.0,3.0,1.0,3.0,0.1,0.1,50.0,340,9620.0,1,1,6,77,25
203879,4.0,5.0,1.0,3.0,1.0,3.0,0.1,0.1,50.0,341,9605.0,1,1,4,82,25
203879,4.0,5.0,1.0,3.0,1.0,3.0,0.1,0.1,50.0,342,9615.0,0,0,5,76,24
203879,4.0,5.0,1.0,3.0,1.0,3.0,0.1,0.1,50.0,343,9610.0,0,0,5,79,27
203879,4.0,5.0,1.0,3.0,1.0,3.0,0.1,0.1,50.0,344,9620.0,0,0,3,74,25
203879,4.0,5.0,1.0,3.0,1.0,3.0,0.1,0.1,50.0,345,9630.0,0,0,6,71,27
203879,4.0,5.0,1.0,3.0,1.0,3.0,0.1,0.1,50.0,346,9620.0,0,0,8,67,34
203879,4.0,5.0,1.0,3.0,1.0,3.0,0.1,0.1,50.0,347,9635.0,0,0,10,65,30
203879,4.0,5.0,1.0,3.0,1.0,3.0,0.1,0.1,50.0,348,9635.0,0,2,8,67,31
203879,4.0,5.0,1.0,3.0,1.0,3.0,0.1,0.1,50.0,349,9625.0,0,2,6,71,30
203879,4.0,5.0,1.0,3.0,1.0,3.0,0.1,0.1,50.0,350,9630.0,0,3,7,71,26
203879,4.0,5.0,1.0,3.0,1.0,3.0,0.1,0.1,50.0,351,9630.0,0,2,10,75,23
203879,4.0,5.0,1.0,3.0,1.0,3.0,0.1,0.1,50.0,352,9625.0,0,2,13,74,27
203879,4.0,5.0,1.0,3.0,1.0,3.0,0.1,0.1,50.0,353,9615.0,0,2,16,75,28
203879,4.0,5.0,1.0,3.0,1.0,3.0,0.1,0.1,50.0,354,9615.0,0,1,20,71,31
203879,4.0,5.0,1.0,3.0,1.0,3.0,0.1,0.1,50.0,355,9615.0,0,2,21,68,35
203879,4.0,5.0,1.0,3.0,1.0,3.0,0.1,0.1,50.0,356,9630.0,0,2,18,63,33
203879,4.0,5.0,1.0,3.0,1.0,3.0,0.1,0.1,50.0,357,9645.0,0,2,16,64,30
203879,4.0,5.0,1.0,3.0,1.0,3.0,0.1,0.1,50.0,358,9635.0,0,1,18,67,30
203879,4.0,5.0,1.0,3.0,1.0,3.0,0.1,0.1,50.0,359,9625.0,0,1,18,69,31
203879,4.0,5.0,1.0,3.0,1.0,3.0,0.1,0.1,50.0,360,9625.0,0,2,24,63,37
203879,4.0,5.0,1.0,3.0,1.0,3.0,0.1,0.1,50.0,361,9620.0,0,2,27,57,45
203879,4.0,5.0,1.0,3.0,1.0,3.0,0.1,0.1,50.0,362,9620.0,0,2,28,54,47
203879,4.0,5.0,1.0,3.0,1.0,3.0,0.1,0.1,50.0,363,9615.0,0,3,26,54,49
203879,4.0,5.0,1.0,3.0,1.0,3.0,0.1,0.1,50.0,364,9605.0,0,3,22,57,49
203879,4.0,5.0,1.0,3.0,1.0,3.0,0.1,0.1,50.0,365,9610.0,0,4,20,56,47
203879,4.0,5.0,1.0,3.0,1.0,3.0,0.1,0.1,50.0,366,9615.0,0,3,20,54,48
203879,4.0,5.0,1.0,3.0,1.0,3.0,0.1,0.1,50.0,367,9615.0,1,4,14,56,47
203879,4.0,5.0,1.0,3.0,1.0,3.0,0.1,0.1,50.0,368,9620.0,1,2,15,50,50
203879,4.0,5.0,1.0,3.0,1.0,3.0,0.1,0.1,50.0,369,9615.0,1,3,10,57,47
203879,4.0,5.0,1.0,3.0,1.0,3.0,0.1,0.1,50.0,370,9625.0,0,1,13,55,43
203879,4.0,5.0,1.0,3.0,1.0,3.0,0.1,0.1,50.0,371,9630.0,0,1,14,53,46
203879,4.0,5.0,1.0,3.0,1.0,3.0,0.1,0.1,50.0,372,9625.0,0,1,12,59,41
203879,4.0,5.0,1.0,3.0,1.0,3.0,0.1,0.1,50.0,373,9625.0,0,0,8,64,36
203879,4.0,5.0,1.0,3.0,1.0,3.0,0.1,0.1,50.0,374,9635.0,0,0,6,63,33
203879,4.0,5.0,1.0,3.0,1.0,3.0,0.1,0.1,50.0,375,9620.0,0,0,7,68,36
203879,4.0,5.0,1.0,3.0,1.0,3.0,0.1,0.1,50.0,376,9605.0,0,2,5,68,36
203879,4.0,5.0,1.0,3.0,1.0,3.0,0.1,0.1,50.0,377,9620.0,0,4,5,63,37
203879,4.0,5.0,1.0,3.0,1.0,3.0,0.1,0.1,50.0,378,9625.0,0,4,6,58,42
203879,4.0,5.0,1.0,3.0,1.0,3.0,0.1,0.1,50.0,379,9630.0,0,3,7,60,38
203879,4.0,5.0,1.0,3.0,1.0,3.0,0.1,0.1,50.0,380,9620.0,0,5,8,61,40
203879,4.0,5.0,1.0,3.0,1.0,3.0,0.1,0.1,50.0,381,9635.0,1,2,11,56,38
203879,4.0,5.0,1.0,3.0,1.0,3.0,0.1,0.1,50.0,382,9635.0,1,3,11,60,37
203879,4.0,5.0,1.0,3.0,1.0,3.0,0.1,0.1,50.0,383,9620.0,1,2,14,63,39
203879,4.0,5.0,1.0,3.0,1.0,3.0,0.1,0.1,50.0,384,9625.0,3,3,11,65,34
203879,4.0,5.0,1.0,3.0,1.0,3.0,0.1,0.1,50.0,385,9610.0,3,2,13,67,39
203879,4.0,5.0,1.0,3.0,1.0,3.0,0.1,0.1,50.0,386,9610.0,3,3,12,63,38
203879,4.0,5.0,1.0,3.0,1.0,3.0,0.1,0.1,50.0,387,9610.0,2,3,14,66,38
203879,4.0,5.0,1.0,3.0,1.0,3.0,0.1,0.1,50.0,388,9615.0,1,3,19,65,35
203879,4.0,5.0,1.0,3.0,1.0,3.0,0.1,0.1,50.0,389,9620.0,0,2,21,63,39
203879,4.0,5.0,1.0,3.0,1.0,3.0,0.1,0.1,50.0,390,9635.0,0,3,20,61,34
203879,4.0,5.0,1.0,3.0,1.0,3.0,0.1,0.1,50.0,391,9635.0,0,2,17,63,34
203879,4.0,5.0,1.0,3.0,1.0,3.0,0.1,0.1,50.0,392,9615.0,0,2,19,68,37
203879,4.0,5.0,1.0,3.0,1.0,3.0,0.1,0.1,50.0,393,9615.0,0,3,16,65,36
203879,4.0,5.0,1.0,3.0,1.0,3.0,0.1,0.1,50.0,394,9630.0,0,5,18,57,39
203879,4.0,5.0,1.0,3.0,1.0,3.0,0.1,0.1,50.0,395,9625.0,2,4,22,59,43
203879,4.0,5.0,1.0,3.0,1.0,3.0,0.1,0.1,50.0,396,9640.0,2,4,19,56,37
203879,4.0,5.0,1.0,3.0,1.0,3.0,0.1,0.1,50.0,397,9635.0,2,5,22,59,39
203879,4.0,5.0,1.0,3.0,1.0,3.0,0.1,0.1,50.0,398,9625.0,1,5,22,59,42
203879,4.0,5.0,1.0,3.0,1.0,3.0,0.1,0.1,50.0,399,9630.0,1,6,21,54,43
203879,4.0,5.0,1.0,3.0,1.0,3.0,0.1,0.1,50.0,400,9635.0,2,5,20,53,43
203879,4.0,5.0,1.0,3.0,1.0,3.0,0.1,0.1,50.0,401,9620.0,1,7,26,59,45
203879,4.0,5.0,1.0,3.0,1.0,3.0,0.1,0.1,50.0,402,9605.0,1,7,28,60,44
203879,4.0,5.0,1.0,3.0,1.0,3.0,0.1,0.1,50.0,403,9615.0,1,6,29,58,42
203879,4.0,5.0,1.0,3.0,1.0,3.0,0.1,0.1,50.0,404,9615.0,3,6,28,64,40
203879,4.0,5.0,1.0,3.0,1.0,3.0,0.1,0.1,50.0,405,9630.0,3,4,27,59,37
203879,4.0,5.0,1.0,3.0,1.0,3.0,0.1,0.1,50.0,406,9630.0,3,2,36,55,43
203879,4.0,5.0,1.0,3.0,1.0,3.0,0.1,0.1,50.0,407,9630.0,3,3,40,51,48
203879,4.0,5.0,1.0,3.0,1.0,3.0,0.1,0.1,50.0,408,9635.0,3,4,41,46,50
203879,4.0,5.0,1.0,3.0,1.0,3.0,0.1,0.1,50.0,409,9650.0,3,3,39,45,47
203879,4.0,5.0,1.0,3.0,1.0,3.0,0.1,0.1,50.0,410,9640.0,3,4,45,41,57
203879,4.0,5.0,1.0,3.0,1.0,3.0,0.1,0.1,50.0,411,9620.0,3,4,45,44,59
203879,4.0,5.0,1.0,3.0,1.0,3.0,0.1,0.1,50.0,412,9615.0,3,4,42,43,59
203879,4.0,5.0,1.0,3.0,1.0,3.0,0.1,0.1,50.0,413,9620.0,3,5,43,40,61
203879,4.0,5.0,1.0,3.0,1.0,3.0,0.1,0.1,50.0,414,9615.0,3,5,44,39,64
203879,4.0,5.0,1.0,3.0,1.0,3.0,0.1,0.1,50.0,415,9620.0,1,6,46,39,61
203879,4.0,5.0,1.0,3.0,1.0,3.0,0.1,0.1,50.0,416,9620.0,1,7,41,44,56
203879,4.0,5.0,1.0,3.0,1.0,3.0,0.1,0.1,50.0,417,9625.0,0,8,38,46,54
203879,4.0,5.0,1.0,3.0,1.0,3.0,0.1,0.1,50.0,418,9620.0,0,8,37,48,54
203879,4.0,5.0,1.0,3.0,1.0,3.0,0.1,0.1,50.0,419,9620.0,2,9,41,41,60
203879,4.0,5.0,1.0,3.0,1.0,3.0,0.1,0.1,50.0,420,9635.0,2,6,39,41,54
203879,4.0,5.0,1.0,3.0,1.0,3.0,0.1,0.1,50.0,421,9630.0,3,9,47,36,64
203879,4.0,5.0,1.0,3.0,1.0,3.0,0.1,0.1,50.0,422,9630.0,2,8,42,43,55
203879,4.0,5.0,1.0,3.0,1.0,3.0,0.1,0.1,50.0,423,9630.0,1,10,43,43,56
203879,4.0,5.0,1.0,3.0,1.0,3.0,0.1,0.1,50.0,424,9640.0,1,10,40,41,53
203879,4.0,5.0,1.0,3.0,1.0,3.0,0.1,0.1,50.0,425,9630.0,2,10,41,43,56
203879,4.0,5.0,1.0,3.0,1.0,3.0,0.1,0.1,50.0,426,9640.0,1,10,38,41,52
203879,4.0,5.0,1.0,3.0,1.0,3.0,0.1,0.1,50.0,427,9650.0,3,11,36,40,53
203879,4.0,5.0,1.0,3.0,1.0,3.0,0.1,0.1,50.0,428,9625.0,6,11,40,43,60
203879,4.0,5.0,1.0,3.0,1.0,3.0,0.1,0.1,50.0,429,9600.0,7,11,49,39,69
203879,4.0,5.0,1.0,3.0,1.0,3.0,0.1,0.1,50.0,430,9615.0,8,12,50,29,71
203879,4.0,5.0,1.0,3.0,1.0,3.0,0.1,0.1,50.0,431,9615.0,4,14,55,28,74
203879,4.0,5.0,1.0,3.0,1.0,3.0,0.1,0.1,50.0,432,9610.0,3,16,60,23,80
203879,4.0,5.0,1.0,3.0,1.0,3.0,0.1,0.1,50.0,433,9615.0,1,16,65,18,84
203879,4.0,5.0,1.0,3.0,1.0,3.0,0.1,0.1,50.0,434,9615.0,1,18,63,17,86
203879,4.0,5.0,1.0,3.0,1.0,3.0,0.1,0.1,50.0,435,9625.0,1,15,63,15,83
203879,4.0,5.0,1.0,3.0,1.0,3.0,0.1,0.1,50.0,436,9635.0,1,13,62,16,79
203879,4.0,5.0,1.0,3.0,1.0,3.0,0.1,0.1,50.0,437,9620.0,1,13,72,16,88
203879,4.0,5.0,1.0,3.0,1.0,3.0,0.1,0.1,50.0,438,9620.0,2,12,71,14,86
203879,4.0,5.0,1.0,3.0,1.0,3.0,0.1,0.1,50.0,439,9640.0,3,8,66,13,79
203879,4.0,5.0,1.0,3.0,1.0,3.0,0.1,0.1,50.0,440,9635.0,3,12,69,15,85
203879,4.0,5.0,1.0,3.0,1.0,3.0,0.1,0.1,50.0,441,9625.0,5,16,58,17,81
203879,4.0,5.0,1.0,3.0,1.0,3.0,0.1,0.1,50.0,442,9635.0,4,17,57,17,80
203879,4.0,5.0,1.0,3.0,1.0,3.0,0.1,0.1,50.0,443,9625.0,2,16,64,16,84
203879,4.0,5.0,1.0,3.0,1.0,3.0,0.1,0.1,50.0,444,9615.0,2,13,71,15,87
203879,4.0,5.0,1.0,3.0,1.0,3.0,0.1,0.1,50.0,445,9620.0,1,13,74,13,88
203879,4.0,5.0,1.0,3.0,1.0,3.0,0.1,0.1,50.0,446,9615.0,1,13,77,12,91
203879,4.0,5.0,1.0,3.0,1.0,3.0,0.1,0.1,50.0,447,9620.0,1,11,79,8,91
203879,4.0,5.0,1.0,3.0,1.0,3.0,0.1,0.1,50.0,448,9625.0,1,11,79,9,91
203879,4.0,5.0,1.0,3.0,1.0,3.0,0.1,0.1,50.0,449,9615.0,1,11,79,11,91
203879,4.0,5.0,1.0,3.0,1.0,3.0,0.1,0.1,50.0,450,9620.0,0,8,82,11,90
203879,4.0,5.0,1.0,3.0,1.0,3.0,0.1,0.1,50.0,451,9630.0,0,5,80,12,85
203879,4.0,5.0,1.0,3.0,1.0,3.0,0.1,0.1,50.0,452,9630.0,0,4,81,13,86
203879,4.0,5.0,1.0,3.0,1.0,3.0,0.1,0.1,50.0,453,9615.0,0,4,86,12,92
203879,4.0,5.0,1.0,3.0,1.0,3.0,0.1,0.1,50.0,454,9615.0,0,6,82,10,90
203879,4.0,5.0,1.0,3.0,1.0,3.0,0.1,0.1,50.0,455,9625.0,0,6,81,9,89
203879,4.0,5.0,1.0,3.0,1.0,3.0,0.1,0.1,50.0,456,9630.0,0,6,79,11,88
203879,4.0,5.0,1.0,3.0,1.0,3.0,0.1,0.1,50.0,457,9625.0,0,6,80,10,89
203879,4.0,5.0,1.0,3.0,1.0,3.0,0.1,0.1,50.0,458,9625.0,0,4,79,13,86
203879,4.0,5.0,1.0,3.0,1.0,3.0,0.1,0.1,50.0,459,9625.0,0,6,75,15,84
203879,4.0,5.0,1.0,3.0,1.0,3.0,0.1,0.1,50.0,460,9625.0,0,6,78,15,85
203879,4.0,5.0,1.0,3.0,1.0,3.0,0.1,0.1,50.0,461,9630.0,0,8,75,15,83
203879,4.0,5.0,1.0,3.0,1.0,3.0,0.1,0.1,50.0,462,9645.0,0,5,71,14,77
203879,4.0,5.0,1.0,3.0,1.0,3.0,0.1,0.1,50.0,463,9645.0,0,3,75,17,79
203879,4.0,5.0,1.0,3.0,1.0,3.0,0.1,0.1,50.0,464,9630.0,0,3,79,16,84
203879,4.0,5.0,1.0,3.0,1.0,3.0,0.1,0.1,50.0,465,9630.0,0,3,77,16,82
203879,4.0,5.0,1.0,3.0,1.0,3.0,0.1,0.1,50.0,466,9635.0,0,4,75,16,81
203879,4.0,5.0,1.0,3.0,1.0,3.0,0.1,0.1,50.0,467,9620.0,0,5,79,16,86
203879,4.0,5.0,1.0,3.0,1.0,3.0,0.1,0.1,50.0,468,9615.0,0,6,77,16,85
203879,4.0,5.0,1.0,3.0,1.0,3.0,0.1,0.1,50.0,469,9620.0,0,5,83,12,89
203879,4.0,5.0,1.0,3.0,1.0,3.0,0.1,0.1,50.0,470,9605.0,0,5,84,18,89
203879,4.0,5.0,1.0,3.0,1.0,3.0,0.1,0.1,50.0,471,9605.0,0,5,78,21,83
203879,4.0,5.0,1.0,3.0,1.0,3.0,0.1,0.1,50.0,472,9630.0,0,5,71,20,76
203879,4.0,5.0,1.0,3.0,1.0,3.0,0.1,0.1,50.0,473,9645.0,0,8,66,20,74
203879,4.0,5.0,1.0,3.0,1.0,3.0,0.1,0.1,50.0,474,9635.0,0,6,71,22,77
203879,4.0,5.0,1.0,3.0,1.0,3.0,0.1,0.1,50.0,475,9625.0,0,3,76,21,79
203879,4.0,5.0,1.0,3.0,1.0,3.0,0.1,0.1,50.0,476,9645.0,0,2,69,21,71
203879,4.0,5.0,1.0,3.0,1.0,3.0,0.1,0.1,50.0,477,9630.0,0,1,71,27,73
203879,4.0,5.0,1.0,3.0,1.0,3.0,0.1,0.1,50.0,478,9630.0,0,1,66,29,69
203879,4.0,5.0,1.0,3.0,1.0,3.0,0.1,0.1,50.0,479,9620.0,0,2,65,31,70
203879,4.0,5.0,1.0,3.0,1.0,3.0,0.1,0.1,50.0,480,9630.0,0,3,58,29,68
203879,4.0,5.0,1.0,3.0,1.0,3.0,0.1,0.1,50.0,481,9630.0,0,3,59,30,69
203879,4.0,5.0,1.0,3.0,1.0,3.0,0.1,0.1,50.0,482,9625.0,0,2,60,31,69
203879,4.0,5.0,1.0,3.0,1.0,3.0,0.1,0.1,50.0,483,9620.0,0,4,63,30,72
203879,4.0,5.0,1.0,3.0,1.0,3.0,0.1,0.1,50.0,484,9625.0,0,4,58,31,66
203879,4.0,5.0,1.0,3.0,1.0,3.0,0.1,0.1,50.0,485,9625.0,0,5,60,32,69
203879,4.0,5.0,1.0,3.0,1.0,3.0,0.1,0.1,50.0,486,9610.0,0,6,59,35,69
203879,4.0,5.0,1.0,3.0,1.0,3.0,0.1,0.1,50.0,487,9630.0,1,4,56,28,68
203879,4.0,5.0,1.0,3.0,1.0,3.0,0.1,0.1,50.0,488,9645.0,2,5,55,25,69
203879,4.0,5.0,1.0,3.0,1.0,3.0,0.1,0.1,50.0,489,9650.0,3,5,57,21,72
203879,4.0,5.0,1.0,3.0,1.0,3.0,0.1,0.1,50.0,490,9645.0,3,9,58,17,78
203879,4.0,5.0,1.0,3.0,1.0,3.0,0.1,0.1,50.0,491,9630.0,2,8,62,20,80
203879,4.0,5.0,1.0,3.0,1.0,3.0,0.1,0.1,50.0,492,9620.0,2,9,64,20,82
203879,4.0,5.0,1.0,3.0,1.0,3.0,0.1,0.1,50.0,493,9630.0,3,8,58,21,76
203879,4.0,5.0,1.0,3.0,1.0,3.0,0.1,0.1,50.0,494,9655.0,5,8,44,25,63
203879,4.0,5.0,1.0,3.0,1.0,3.0,0.1,0.1,50.0,495,9635.0,5,11,55,26,76
203879,4.0,5.0,1.0,3.0,1.0,3.0,0.1,0.1,50.0,496,9605.0,8,11,59,25,82
203879,4.0,5.0,1.0,3.0,1.0,3.0,0.1,0.1,50.0,497,9615.0,7,11,59,21,79
203879,4.0,5.0,1.0,3.0,1.0,3.0,0.1,0.1,50.0,498,9615.0,6,10,60,27,77
203879,4.0,5.0,1.0,3.0,1.0,3.0,0.1,0.1,50.0,499,9625.0,4,7,58,25,71