Exp Num,agent:svo_convergence_factor,agent:params:metabolism,agent:params:consumption_factor,agent:params:procreate_cost_factor,agent:params:procreate_req_factor,agent:params:start_energy_factor,agent:params:caught_chance,agent:params:caught_cooldown_factor,agent:params:maximum_age,Epoch,Resource,A,B,C,D,E
209113,4.0,5.0,2.0,1.0,3.0,2.0,0.5,0.30000000000000004,40.0,0,4000.0,25,48,20,33,117
209113,4.0,5.0,2.0,1.0,3.0,2.0,0.5,0.30000000000000004,40.0,1,3500.0,32,74,37,49,176
209113,4.0,5.0,2.0,1.0,3.0,2.0,0.5,0.30000000000000004,40.0,2,3835.0,37,89,41,51,201
209113,4.0,5.0,2.0,1.0,3.0,2.0,0.5,0.30000000000000004,40.0,3,3823.75,23,76,33,42,164
209113,4.0,5.0,2.0,1.0,3.0,2.0,0.5,0.30000000000000004,40.0,4,4049.6875,24,68,32,40,156
209113,4.0,5.0,2.0,1.0,3.0,2.0,0.5,0.30000000000000004,40.0,5,4112.109375,23,67,34,38,157
209113,4.0,5.0,2.0,1.0,3.0,2.0,0.5,0.30000000000000004,40.0,6,4080.13671875,28,66,35,40,164
209113,4.0,5.0,2.0,1.0,3.0,2.0,0.5,0.30000000000000004,40.0,7,3810.1708984375,40,80,40,38,196
209113,4.0,5.0,2.0,1.0,3.0,2.0,0.5,0.30000000000000004,40.0,8,3882.713623046875,46,87,40,39,209
209113,4.0,5.0,2.0,1.0,3.0,2.0,0.5,0.30000000000000004,40.0,9,3893.3920288085938,37,77,33,38,184
209113,4.0,5.0,2.0,1.0,3.0,2.0,0.5,0.30000000000000004,40.0,10,3946.740036010742,32,84,34,35,187
209113,4.0,5.0,2.0,1.0,3.0,2.0,0.5,0.30000000000000004,40.0,11,3823.4250450134277,38,83,35,32,194
209113,4.0,5.0,2.0,1.0,3.0,2.0,0.5,0.30000000000000004,40.0,12,3799.2813062667847,41,86,36,31,201
209113,4.0,5.0,2.0,1.0,3.0,2.0,0.5,0.30000000000000004,40.0,13,3719.101632833481,35,85,39,30,195
209113,4.0,5.0,2.0,1.0,3.0,2.0,0.5,0.30000000000000004,40.0,14,3808.877041041851,36,77,44,29,193
209113,4.0,5.0,2.0,1.0,3.0,2.0,0.5,0.30000000000000004,40.0,15,3751.096301302314,33,66,47,28,182
209113,4.0,5.0,2.0,1.0,3.0,2.0,0.5,0.30000000000000004,40.0,16,3718.8703766278923,36,64,51,25,188
209113,4.0,5.0,2.0,1.0,3.0,2.0,0.5,0.30000000000000004,40.0,17,3598.5879707848653,43,69,53,26,203
209113,4.0,5.0,2.0,1.0,3.0,2.0,0.5,0.30000000000000004,40.0,18,3638.2349634810816,43,61,52,26,194
209113,4.0,5.0,2.0,1.0,3.0,2.0,0.5,0.30000000000000004,40.0,19,3537.793704351352,40,59,50,24,187
209113,4.0,5.0,2.0,1.0,3.0,2.0,0.5,0.30000000000000004,40.0,20,3632.24213043919,36,60,50,21,184
209113,4.0,5.0,2.0,1.0,3.0,2.0,0.5,0.30000000000000004,40.0,21,3520.3026630489876,38,56,53,20,184
209113,4.0,5.0,2.0,1.0,3.0,2.0,0.5,0.30000000000000004,40.0,22,3520.3783288112345,41,53,55,23,185
209113,4.0,5.0,2.0,1.0,3.0,2.0,0.5,0.30000000000000004,40.0,23,3530.4729110140433,38,43,57,26,176
209113,4.0,5.0,2.0,1.0,3.0,2.0,0.5,0.30000000000000004,40.0,24,3413.091138767554,39,40,60,29,180
209113,4.0,5.0,2.0,1.0,3.0,2.0,0.5,0.30000000000000004,40.0,25,3446.363923459443,42,34,61,30,179
209113,4.0,5.0,2.0,1.0,3.0,2.0,0.5,0.30000000000000004,40.0,26,3537.954904324304,35,33,54,30,165
209113,4.0,5.0,2.0,1.0,3.0,2.0,0.5,0.30000000000000004,40.0,27,3442.4436304053797,30,31,52,32,159
209113,4.0,5.0,2.0,1.0,3.0,2.0,0.5,0.30000000000000004,40.0,28,3383.054538006725,30,35,53,38,165
209113,4.0,5.0,2.0,1.0,3.0,2.0,0.5,0.30000000000000004,40.0,29,3318.818172508407,33,34,54,43,167
209113,4.0,5.0,2.0,1.0,3.0,2.0,0.5,0.30000000000000004,40.0,30,3298.5227156355086,31,28,53,43,158
209113,4.0,5.0,2.0,1.0,3.0,2.0,0.5,0.30000000000000004,40.0,31,3373.153394544386,26,24,53,40,150
209113,4.0,5.0,2.0,1.0,3.0,2.0,0.5,0.30000000000000004,40.0,32,3366.441743180483,18,26,45,41,136
209113,4.0,5.0,2.0,1.0,3.0,2.0,0.5,0.30000000000000004,40.0,33,3348.052178975604,17,32,47,41,143
209113,4.0,5.0,2.0,1.0,3.0,2.0,0.5,0.30000000000000004,40.0,34,3195.0652237195045,19,38,53,37,157
209113,4.0,5.0,2.0,1.0,3.0,2.0,0.5,0.30000000000000004,40.0,35,3093.8315296493806,20,39,57,43,164
209113,4.0,5.0,2.0,1.0,3.0,2.0,0.5,0.30000000000000004,40.0,36,3167.2894120617257,14,33,54,41,150
209113,4.0,5.0,2.0,1.0,3.0,2.0,0.5,0.30000000000000004,40.0,37,3239.111765077157,5,28,49,39,132
209113,4.0,5.0,2.0,1.0,3.0,2.0,0.5,0.30000000000000004,40.0,38,3248.8897063464465,1,24,46,41,122
209113,4.0,5.0,2.0,1.0,3.0,2.0,0.5,0.30000000000000004,40.0,39,3331.112132933058,2,19,45,44,120
209113,4.0,5.0,2.0,1.0,3.0,2.0,0.5,0.30000000000000004,40.0,40,3153.890166166322,3,17,55,47,133
209113,4.0,5.0,2.0,1.0,3.0,2.0,0.5,0.30000000000000004,40.0,41,3102.3627077079027,5,17,57,53,137
209113,4.0,5.0,2.0,1.0,3.0,2.0,0.5,0.30000000000000004,40.0,42,3187.9533846348786,6,14,56,51,133
209113,4.0,5.0,2.0,1.0,3.0,2.0,0.5,0.30000000000000004,40.0,43,3124.9417307935983,4,15,50,49,124
209113,4.0,5.0,2.0,1.0,3.0,2.0,0.5,0.30000000000000004,40.0,44,3156.177163491998,4,11,53,47,120
209113,4.0,5.0,2.0,1.0,3.0,2.0,0.5,0.30000000000000004,40.0,45,3045.221454364997,5,12,54,47,127
209113,4.0,5.0,2.0,1.0,3.0,2.0,0.5,0.30000000000000004,40.0,46,2976.5268179562463,6,16,53,52,130
209113,4.0,5.0,2.0,1.0,3.0,2.0,0.5,0.30000000000000004,40.0,47,2970.658522445308,6,17,49,52,125
209113,4.0,5.0,2.0,1.0,3.0,2.0,0.5,0.30000000000000004,40.0,48,2953.323153056635,4,17,44,51,117
209113,4.0,5.0,2.0,1.0,3.0,2.0,0.5,0.30000000000000004,40.0,49,2921.653941320794,6,14,43,51,112
209113,4.0,5.0,2.0,1.0,3.0,2.0,0.5,0.30000000000000004,40.0,50,2822.0674266509923,8,17,45,52,118
209113,4.0,5.0,2.0,1.0,3.0,2.0,0.5,0.30000000000000004,40.0,51,2717.5842833137403,11,14,42,54,118
209113,4.0,5.0,2.0,1.0,3.0,2.0,0.5,0.30000000000000004,40.0,52,2756.980354142175,10,9,38,54,104
209113,4.0,5.0,2.0,1.0,3.0,2.0,0.5,0.30000000000000004,40.0,53,2726.225442677719,11,9,37,53,102
209113,4.0,5.0,2.0,1.0,3.0,2.0,0.5,0.30000000000000004,40.0,54,2697.7818033471485,13,8,34,50,102
209113,4.0,5.0,2.0,1.0,3.0,2.0,0.5,0.30000000000000004,40.0,55,2672.2272541839357,14,9,34,50,102
209113,4.0,5.0,2.0,1.0,3.0,2.0,0.5,0.30000000000000004,40.0,56,2650.2840677299196,16,10,29,51,100
209113,4.0,5.0,2.0,1.0,3.0,2.0,0.5,0.30000000000000004,40.0,57,2592.8550846623993,22,11,30,49,107
209113,4.0,5.0,2.0,1.0,3.0,2.0,0.5,0.30000000000000004,40.0,58,2361.068855827999,25,14,34,48,116
209113,4.0,5.0,2.0,1.0,3.0,2.0,0.5,0.30000000000000004,40.0,59,2501.3360697849985,23,12,32,46,108
209113,4.0,5.0,2.0,1.0,3.0,2.0,0.5,0.30000000000000004,40.0,60,2376.670087231248,15,15,27,41,98
209113,4.0,5.0,2.0,1.0,3.0,2.0,0.5,0.30000000000000004,40.0,61,2440.83760903906,16,16,22,41,94
209113,4.0,5.0,2.0,1.0,3.0,2.0,0.5,0.30000000000000004,40.0,62,2381.047011298825,17,16,22,39,93
209113,4.0,5.0,2.0,1.0,3.0,2.0,0.5,0.30000000000000004,40.0,63,2386.3087641235315,20,20,19,40,96
209113,4.0,5.0,2.0,1.0,3.0,2.0,0.5,0.30000000000000004,40.0,64,2292.8859551544147,23,23,25,36,107
209113,4.0,5.0,2.0,1.0,3.0,2.0,0.5,0.30000000000000004,40.0,65,2366.1074439430186,19,25,23,33,103
209113,4.0,5.0,2.0,1.0,3.0,2.0,0.5,0.30000000000000004,40.0,66,2417.6343049287734,17,22,18,30,93
209113,4.0,5.0,2.0,1.0,3.0,2.0,0.5,0.30000000000000004,40.0,67,2442.0428811609668,18,22,17,30,92
209113,4.0,5.0,2.0,1.0,3.0,2.0,0.5,0.30000000000000004,40.0,68,2352.5536014512086,24,26,17,30,102
209113,4.0,5.0,2.0,1.0,3.0,2.0,0.5,0.30000000000000004,40.0,69,2240.692001814011,33,32,19,29,118
209113,4.0,5.0,2.0,1.0,3.0,2.0,0.5,0.30000000000000004,40.0,70,2150.865002267514,37,31,24,29,122
209113,4.0,5.0,2.0,1.0,3.0,2.0,0.5,0.30000000000000004,40.0,71,2078.581252834392,35,28,26,26,117
209113,4.0,5.0,2.0,1.0,3.0,2.0,0.5,0.30000000000000004,40.0,72,2008.2265660429903,31,25,26,26,111
209113,4.0,5.0,2.0,1.0,3.0,2.0,0.5,0.30000000000000004,40.0,73,2100.283207553738,27,21,23,23,98
209113,4.0,5.0,2.0,1.0,3.0,2.0,0.5,0.30000000000000004,40.0,74,2045.3540094421724,25,17,22,24,92
209113,4.0,5.0,2.0,1.0,3.0,2.0,0.5,0.30000000000000004,40.0,75,2126.6925118027157,25,15,22,24,93
209113,4.0,5.0,2.0,1.0,3.0,2.0,0.5,0.30000000000000004,40.0,76,1998.3656397533946,22,14,26,24,94
209113,4.0,5.0,2.0,1.0,3.0,2.0,0.5,0.30000000000000004,40.0,77,1987.9570496917431,24,17,27,23,102
209113,4.0,5.0,2.0,1.0,3.0,2.0,0.5,0.30000000000000004,40.0,78,1964.9463121146791,24,12,27,21,96
209113,4.0,5.0,2.0,1.0,3.0,2.0,0.5,0.30000000000000004,40.0,79,1996.1828901433491,23,10,23,22,88
209113,4.0,5.0,2.0,1.0,3.0,2.0,0.5,0.30000000000000004,40.0,80,2005.2286126791864,24,11,21,19,88
209113,4.0,5.0,2.0,1.0,3.0,2.0,0.5,0.30000000000000004,40.0,81,1926.535765848983,27,13,23,20,95
209113,4.0,5.0,2.0,1.0,3.0,2.0,0.5,0.30000000000000004,40.0,82,1918.1697073112286,26,14,25,20,95
209113,4.0,5.0,2.0,1.0,3.0,2.0,0.5,0.30000000000000004,40.0,83,1937.7121341390357,24,13,23,22,86
209113,4.0,5.0,2.0,1.0,3.0,2.0,0.5,0.30000000000000004,40.0,84,1872.1401676737946,23,16,22,22,88
209113,4.0,5.0,2.0,1.0,3.0,2.0,0.5,0.30000000000000004,40.0,85,1900.1752095922434,27,15,19,21,90
209113,4.0,5.0,2.0,1.0,3.0,2.0,0.5,0.30000000000000004,40.0,86,1815.2190119903044,27,15,20,21,89
209113,4.0,5.0,2.0,1.0,3.0,2.0,0.5,0.30000000000000004,40.0,87,1829.0237649878804,31,15,17,20,90
209113,4.0,5.0,2.0,1.0,3.0,2.0,0.5,0.30000000000000004,40.0,88,1766.2797062348504,35,14,16,20,90
209113,4.0,5.0,2.0,1.0,3.0,2.0,0.5,0.30000000000000004,40.0,89,1817.8496327935632,32,11,15,18,82
209113,4.0,5.0,2.0,1.0,3.0,2.0,0.5,0.30000000000000004,40.0,90,1772.3120409919538,41,10,10,18,83
209113,4.0,5.0,2.0,1.0,3.0,2.0,0.5,0.30000000000000004,40.0,91,1725.3900512399423,53,9,9,17,93
209113,4.0,5.0,2.0,1.0,3.0,2.0,0.5,0.30000000000000004,40.0,92,1746.7375640499276,45,11,8,17,85
209113,4.0,5.0,2.0,1.0,3.0,2.0,0.5,0.30000000000000004,40.0,93,1743.4219550624093,43,11,8,16,83
209113,4.0,5.0,2.0,1.0,3.0,2.0,0.5,0.30000000000000004,40.0,94,1729.2774438280117,42,12,9,16,85
209113,4.0,5.0,2.0,1.0,3.0,2.0,0.5,0.30000000000000004,40.0,95,1721.5968047850147,40,15,9,16,84
209113,4.0,5.0,2.0,1.0,3.0,2.0,0.5,0.30000000000000004,40.0,96,1661.9960059812684,43,16,9,17,87
209113,4.0,5.0,2.0,1.0,3.0,2.0,0.5,0.30000000000000004,40.0,97,1657.4950074765857,47,15,8,16,89
209113,4.0,5.0,2.0,1.0,3.0,2.0,0.5,0.30000000000000004,40.0,98,1711.868759345732,40,11,8,15,78
209113,4.0,5.0,2.0,1.0,3.0,2.0,0.5,0.30000000000000004,40.0,99,1829.8359491821652,33,11,9,15,72
209113,4.0,5.0,2.0,1.0,3.0,2.0,0.5,0.30000000000000004,40.0,100,1857.2949364777064,30,13,8,14,71
209113,4.0,5.0,2.0,1.0,3.0,2.0,0.5,0.30000000000000004,40.0,101,1881.6186705971331,33,15,9,14,76
209113,4.0,5.0,2.0,1.0,3.0,2.0,0.5,0.30000000000000004,40.0,102,1752.0233382464166,40,16,13,15,91
209113,4.0,5.0,2.0,1.0,3.0,2.0,0.5,0.30000000000000004,40.0,103,1760.029172808021,45,20,14,15,102
209113,4.0,5.0,2.0,1.0,3.0,2.0,0.5,0.30000000000000004,40.0,104,1820.0364660100263,33,20,10,15,86
209113,4.0,5.0,2.0,1.0,3.0,2.0,0.5,0.30000000000000004,40.0,105,1915.0455825125327,30,17,9,14,78
209113,4.0,5.0,2.0,1.0,3.0,2.0,0.5,0.30000000000000004,40.0,106,1823.8069781406657,38,17,9,13,86
209113,4.0,5.0,2.0,1.0,3.0,2.0,0.5,0.30000000000000004,40.0,107,1769.7587226758324,43,20,12,12,97
209113,4.0,5.0,2.0,1.0,3.0,2.0,0.5,0.30000000000000004,40.0,108,1722.1984033447907,45,22,14,12,102
209113,4.0,5.0,2.0,1.0,3.0,2.0,0.5,0.30000000000000004,40.0,109,1662.7480041809886,43,20,14,13,97
209113,4.0,5.0,2.0,1.0,3.0,2.0,0.5,0.30000000000000004,40.0,110,1808.4350052262357,40,19,11,12,89
209113,4.0,5.0,2.0,1.0,3.0,2.0,0.5,0.30000000000000004,40.0,111,1850.5437565327948,29,15,11,12,74
209113,4.0,5.0,2.0,1.0,3.0,2.0,0.5,0.30000000000000004,40.0,112,1913.1796956659937,31,15,13,10,78
209113,4.0,5.0,2.0,1.0,3.0,2.0,0.5,0.30000000000000004,40.0,113,1821.4746195824919,41,18,13,9,91
209113,4.0,5.0,2.0,1.0,3.0,2.0,0.5,0.30000000000000004,40.0,114,1766.8432744781148,53,18,15,8,105
209113,4.0,5.0,2.0,1.0,3.0,2.0,0.5,0.30000000000000004,40.0,115,1738.5540930976435,52,20,16,7,105
209113,4.0,5.0,2.0,1.0,3.0,2.0,0.5,0.30000000000000004,40.0,116,1823.1926163720545,44,19,14,6,94
209113,4.0,5.0,2.0,1.0,3.0,2.0,0.5,0.30000000000000004,40.0,117,1828.9907704650682,43,16,14,4,90
209113,4.0,5.0,2.0,1.0,3.0,2.0,0.5,0.30000000000000004,40.0,118,1826.2384630813353,49,18,14,4,96
209113,4.0,5.0,2.0,1.0,3.0,2.0,0.5,0.30000000000000004,40.0,119,1752.7980788516693,58,17,14,4,104
209113,4.0,5.0,2.0,1.0,3.0,2.0,0.5,0.30000000000000004,40.0,120,1800.9975985645865,58,15,17,3,105
209113,4.0,5.0,2.0,1.0,3.0,2.0,0.5,0.30000000000000004,40.0,121,1841.2469982057332,49,11,18,4,93
209113,4.0,5.0,2.0,1.0,3.0,2.0,0.5,0.30000000000000004,40.0,122,1861.5587477571667,50,12,17,4,93
209113,4.0,5.0,2.0,1.0,3.0,2.0,0.5,0.30000000000000004,40.0,123,1756.9484346964582,59,16,19,4,108
209113,4.0,5.0,2.0,1.0,3.0,2.0,0.5,0.30000000000000004,40.0,124,1826.1855433705728,59,17,18,4,108
209113,4.0,5.0,2.0,1.0,3.0,2.0,0.5,0.30000000000000004,40.0,125,1932.731929213216,44,15,15,5,87
209113,4.0,5.0,2.0,1.0,3.0,2.0,0.5,0.30000000000000004,40.0,126,1995.91491151652,42,16,17,6,88
209113,4.0,5.0,2.0,1.0,3.0,2.0,0.5,0.30000000000000004,40.0,127,1994.89363939565,41,24,15,5,92
209113,4.0,5.0,2.0,1.0,3.0,2.0,0.5,0.30000000000000004,40.0,128,1843.6170492445626,51,31,18,5,112
209113,4.0,5.0,2.0,1.0,3.0,2.0,0.5,0.30000000000000004,40.0,129,1774.5213115557035,61,35,20,5,129
209113,4.0,5.0,2.0,1.0,3.0,2.0,0.5,0.30000000000000004,40.0,130,1788.1516394446294,57,28,16,4,114
209113,4.0,5.0,2.0,1.0,3.0,2.0,0.5,0.30000000000000004,40.0,131,1845.1895493057868,46,26,18,4,102
209113,4.0,5.0,2.0,1.0,3.0,2.0,0.5,0.30000000000000004,40.0,132,1966.4869366322337,35,26,16,4,89
209113,4.0,5.0,2.0,1.0,3.0,2.0,0.5,0.30000000000000004,40.0,133,2028.1086707902923,33,27,17,4,88
209113,4.0,5.0,2.0,1.0,3.0,2.0,0.5,0.30000000000000004,40.0,134,1975.1358384878654,39,30,19,4,99
209113,4.0,5.0,2.0,1.0,3.0,2.0,0.5,0.30000000000000004,40.0,135,1798.9197981098318,52,36,19,5,118
209113,4.0,5.0,2.0,1.0,3.0,2.0,0.5,0.30000000000000004,40.0,136,1758.6497476372897,58,38,18,5,125
209113,4.0,5.0,2.0,1.0,3.0,2.0,0.5,0.30000000000000004,40.0,137,1838.3121845466121,52,31,12,5,106
209113,4.0,5.0,2.0,1.0,3.0,2.0,0.5,0.30000000000000004,40.0,138,1867.8902306832651,45,32,11,5,98
209113,4.0,5.0,2.0,1.0,3.0,2.0,0.5,0.30000000000000004,40.0,139,1854.8627883540812,50,30,10,4,100
209113,4.0,5.0,2.0,1.0,3.0,2.0,0.5,0.30000000000000004,40.0,140,1798.5784854426015,56,32,11,4,110
209113,4.0,5.0,2.0,1.0,3.0,2.0,0.5,0.30000000000000004,40.0,141,1868.223106803252,46,34,12,3,102
209113,4.0,5.0,2.0,1.0,3.0,2.0,0.5,0.30000000000000004,40.0,142,1855.278883504065,41,36,13,3,100
209113,4.0,5.0,2.0,1.0,3.0,2.0,0.5,0.30000000000000004,40.0,143,1809.0986043800813,40,40,18,1,107
209113,4.0,5.0,2.0,1.0,3.0,2.0,0.5,0.30000000000000004,40.0,144,1811.3732554751014,42,39,22,1,111
209113,4.0,5.0,2.0,1.0,3.0,2.0,0.5,0.30000000000000004,40.0,145,1834.2165693438765,37,37,23,1,106
209113,4.0,5.0,2.0,1.0,3.0,2.0,0.5,0.30000000000000004,40.0,146,1772.7707116798456,41,34,24,0,108
209113,4.0,5.0,2.0,1.0,3.0,2.0,0.5,0.30000000000000004,40.0,147,1805.9633895998068,43,30,26,0,108
209113,4.0,5.0,2.0,1.0,3.0,2.0,0.5,0.30000000000000004,40.0,148,1767.4542369997585,41,28,28,0,107
209113,4.0,5.0,2.0,1.0,3.0,2.0,0.5,0.30000000000000004,40.0,149,1789.317796249698,46,25,27,0,107
209113,4.0,5.0,2.0,1.0,3.0,2.0,0.5,0.30000000000000004,40.0,150,1716.6472453121223,44,26,27,0,106
209113,4.0,5.0,2.0,1.0,3.0,2.0,0.5,0.30000000000000004,40.0,151,1755.809056640153,45,26,27,1,107
209113,4.0,5.0,2.0,1.0,3.0,2.0,0.5,0.30000000000000004,40.0,152,1774.7613208001912,41,22,26,1,95
209113,4.0,5.0,2.0,1.0,3.0,2.0,0.5,0.30000000000000004,40.0,153,1748.451651000239,42,25,25,1,98
209113,4.0,5.0,2.0,1.0,3.0,2.0,0.5,0.30000000000000004,40.0,154,1725.564563750299,41,29,26,1,101
209113,4.0,5.0,2.0,1.0,3.0,2.0,0.5,0.30000000000000004,40.0,155,1726.9557046878735,50,30,21,1,106
209113,4.0,5.0,2.0,1.0,3.0,2.0,0.5,0.30000000000000004,40.0,156,1698.6946308598417,46,32,21,2,104
209113,4.0,5.0,2.0,1.0,3.0,2.0,0.5,0.30000000000000004,40.0,157,1753.3682885748021,40,30,22,2,96
209113,4.0,5.0,2.0,1.0,3.0,2.0,0.5,0.30000000000000004,40.0,158,1691.7103607185027,44,31,22,3,102
209113,4.0,5.0,2.0,1.0,3.0,2.0,0.5,0.30000000000000004,40.0,159,1744.637950898128,45,33,20,4,103
209113,4.0,5.0,2.0,1.0,3.0,2.0,0.5,0.30000000000000004,40.0,160,1750.7974386226601,40,30,20,4,95
209113,4.0,5.0,2.0,1.0,3.0,2.0,0.5,0.30000000000000004,40.0,161,1678.496798278325,36,33,23,4,97
209113,4.0,5.0,2.0,1.0,3.0,2.0,0.5,0.30000000000000004,40.0,162,1648.1209978479064,38,36,23,5,102
209113,4.0,5.0,2.0,1.0,3.0,2.0,0.5,0.30000000000000004,40.0,163,1680.1512473098828,37,34,23,5,100
209113,4.0,5.0,2.0,1.0,3.0,2.0,0.5,0.30000000000000004,40.0,164,1710.1890591373535,33,30,23,5,92
209113,4.0,5.0,2.0,1.0,3.0,2.0,0.5,0.30000000000000004,40.0,165,1757.736323921692,31,25,22,5,84
209113,4.0,5.0,2.0,1.0,3.0,2.0,0.5,0.30000000000000004,40.0,166,1807.170404902115,31,24,22,5,83
209113,4.0,5.0,2.0,1.0,3.0,2.0,0.5,0.30000000000000004,40.0,167,1688.963006127644,36,33,20,8,95
209113,4.0,5.0,2.0,1.0,3.0,2.0,0.5,0.30000000000000004,40.0,168,1701.2037576595549,38,38,20,8,103
209113,4.0,5.0,2.0,1.0,3.0,2.0,0.5,0.30000000000000004,40.0,169,1736.5046970744434,31,34,19,8,90
209113,4.0,5.0,2.0,1.0,3.0,2.0,0.5,0.30000000000000004,40.0,170,1710.6308713430544,33,37,18,8,95
209113,4.0,5.0,2.0,1.0,3.0,2.0,0.5,0.30000000000000004,40.0,171,1688.2885891788183,38,29,19,8,93
209113,4.0,5.0,2.0,1.0,3.0,2.0,0.5,0.30000000000000004,40.0,172,1660.3607364735226,43,27,19,9,96
209113,4.0,5.0,2.0,1.0,3.0,2.0,0.5,0.30000000000000004,40.0,173,1705.450920591903,38,27,19,9,90
209113,4.0,5.0,2.0,1.0,3.0,2.0,0.5,0.30000000000000004,40.0,174,1711.8136507398785,37,29,17,7,89
209113,4.0,5.0,2.0,1.0,3.0,2.0,0.5,0.30000000000000004,40.0,175,1699.767063424848,38,28,17,5,90
209113,4.0,5.0,2.0,1.0,3.0,2.0,0.5,0.30000000000000004,40.0,176,1674.70882928106,43,34,15,4,99
209113,4.0,5.0,2.0,1.0,3.0,2.0,0.5,0.30000000000000004,40.0,177,1663.386036601325,39,37,15,4,97
209113,4.0,5.0,2.0,1.0,3.0,2.0,0.5,0.30000000000000004,40.0,178,1659.2325457516563,40,39,13,5,98
209113,4.0,5.0,2.0,1.0,3.0,2.0,0.5,0.30000000000000004,40.0,179,1634.0406821895704,34,41,14,5,95
209113,4.0,5.0,2.0,1.0,3.0,2.0,0.5,0.30000000000000004,40.0,180,1662.550852736963,36,40,15,5,97
209113,4.0,5.0,2.0,1.0,3.0,2.0,0.5,0.30000000000000004,40.0,181,1648.188565921204,33,36,16,6,92
209113,4.0,5.0,2.0,1.0,3.0,2.0,0.5,0.30000000000000004,40.0,182,1680.235707401505,25,34,18,7,84
209113,4.0,5.0,2.0,1.0,3.0,2.0,0.5,0.30000000000000004,40.0,183,1580.2946342518812,33,34,20,8,94
209113,4.0,5.0,2.0,1.0,3.0,2.0,0.5,0.30000000000000004,40.0,184,1665.3682928148514,37,33,19,7,95
209113,4.0,5.0,2.0,1.0,3.0,2.0,0.5,0.30000000000000004,40.0,185,1751.7103660185644,30,30,16,6,82
209113,4.0,5.0,2.0,1.0,3.0,2.0,0.5,0.30000000000000004,40.0,186,1769.6379575232054,29,30,15,6,79
209113,4.0,5.0,2.0,1.0,3.0,2.0,0.5,0.30000000000000004,40.0,187,1712.0474469040068,40,31,11,8,87
209113,4.0,5.0,2.0,1.0,3.0,2.0,0.5,0.30000000000000004,40.0,188,1640.0593086300087,49,35,8,10,97
209113,4.0,5.0,2.0,1.0,3.0,2.0,0.5,0.30000000000000004,40.0,189,1610.0741357875108,49,36,8,10,98
209113,4.0,5.0,2.0,1.0,3.0,2.0,0.5,0.30000000000000004,40.0,190,1702.5926697343884,37,37,7,10,86
209113,4.0,5.0,2.0,1.0,3.0,2.0,0.5,0.30000000000000004,40.0,191,1768.2408371679858,35,28,11,9,79
209113,4.0,5.0,2.0,1.0,3.0,2.0,0.5,0.30000000000000004,40.0,192,1760.301046459982,33,26,16,10,80
209113,4.0,5.0,2.0,1.0,3.0,2.0,0.5,0.30000000000000004,40.0,193,1680.3763080749777,37,34,17,10,94
209113,4.0,5.0,2.0,1.0,3.0,2.0,0.5,0.30000000000000004,40.0,194,1620.4703850937221,36,38,19,11,99
209113,4.0,5.0,2.0,1.0,3.0,2.0,0.5,0.30000000000000004,40.0,195,1685.5879813671527,29,40,20,10,95
209113,4.0,5.0,2.0,1.0,3.0,2.0,0.5,0.30000000000000004,40.0,196,1756.9849767089408,21,35,18,10,80
209113,4.0,5.0,2.0,1.0,3.0,2.0,0.5,0.30000000000000004,40.0,197,1796.2312208861758,23,34,17,9,80
209113,4.0,5.0,2.0,1.0,3.0,2.0,0.5,0.30000000000000004,40.0,198,1735.28902610772,23,44,15,9,88
209113,4.0,5.0,2.0,1.0,3.0,2.0,0.5,0.30000000000000004,40.0,199,1649.1112826346498,30,46,18,9,100
209113,4.0,5.0,2.0,1.0,3.0,2.0,0.5,0.30000000000000004,40.0,200,1691.3891032933125,31,42,17,8,96
209113,4.0,5.0,2.0,1.0,3.0,2.0,0.5,0.30000000000000004,40.0,201,1664.2363791166408,27,41,18,6,91
209113,4.0,5.0,2.0,1.0,3.0,2.0,0.5,0.30000000000000004,40.0,202,1660.295473895801,31,43,14,6,93
209113,4.0,5.0,2.0,1.0,3.0,2.0,0.5,0.30000000000000004,40.0,203,1625.3693423697514,30,48,13,6,96
209113,4.0,5.0,2.0,1.0,3.0,2.0,0.5,0.30000000000000004,40.0,204,1641.7116779621892,31,46,13,5,95
209113,4.0,5.0,2.0,1.0,3.0,2.0,0.5,0.30000000000000004,40.0,205,1702.1395974527368,30,39,12,5,86
209113,4.0,5.0,2.0,1.0,3.0,2.0,0.5,0.30000000000000004,40.0,206,1687.674496815921,31,38,15,5,89
209113,4.0,5.0,2.0,1.0,3.0,2.0,0.5,0.30000000000000004,40.0,207,1639.5931210199014,37,41,14,5,97
209113,4.0,5.0,2.0,1.0,3.0,2.0,0.5,0.30000000000000004,40.0,208,1719.4914012748768,35,40,12,6,92
209113,4.0,5.0,2.0,1.0,3.0,2.0,0.5,0.30000000000000004,40.0,209,1679.3642515935962,36,39,11,5,91
209113,4.0,5.0,2.0,1.0,3.0,2.0,0.5,0.30000000000000004,40.0,210,1599.2053144919955,36,47,10,6,98
209113,4.0,5.0,2.0,1.0,3.0,2.0,0.5,0.30000000000000004,40.0,211,1719.0066431149944,33,46,11,6,95
209113,4.0,5.0,2.0,1.0,3.0,2.0,0.5,0.30000000000000004,40.0,212,1818.7583038937428,24,36,11,7,76
209113,4.0,5.0,2.0,1.0,3.0,2.0,0.5,0.30000000000000004,40.0,213,1893.4478798671785,22,42,11,7,80
209113,4.0,5.0,2.0,1.0,3.0,2.0,0.5,0.30000000000000004,40.0,214,1816.8098498339732,23,45,13,8,87
209113,4.0,5.0,2.0,1.0,3.0,2.0,0.5,0.30000000000000004,40.0,215,1711.0123122924665,28,56,14,9,105
209113,4.0,5.0,2.0,1.0,3.0,2.0,0.5,0.30000000000000004,40.0,216,1688.7653903655832,31,56,14,9,108
209113,4.0,5.0,2.0,1.0,3.0,2.0,0.5,0.30000000000000004,40.0,217,1640.956737956979,27,52,16,9,102
209113,4.0,5.0,2.0,1.0,3.0,2.0,0.5,0.30000000000000004,40.0,218,1631.1959224462234,24,48,16,10,95
209113,4.0,5.0,2.0,1.0,3.0,2.0,0.5,0.30000000000000004,40.0,219,1758.9949030577793,16,46,12,8,80
209113,4.0,5.0,2.0,1.0,3.0,2.0,0.5,0.30000000000000004,40.0,220,1828.7436288222243,18,41,12,7,77
209113,4.0,5.0,2.0,1.0,3.0,2.0,0.5,0.30000000000000004,40.0,221,1885.9295360277802,19,45,11,7,81
209113,4.0,5.0,2.0,1.0,3.0,2.0,0.5,0.30000000000000004,40.0,222,1787.411920034725,24,51,10,8,92
209113,4.0,5.0,2.0,1.0,3.0,2.0,0.5,0.30000000000000004,40.0,223,1724.2649000434062,30,61,11,8,109
209113,4.0,5.0,2.0,1.0,3.0,2.0,0.5,0.30000000000000004,40.0,224,1705.3311250542579,31,55,14,7,106
209113,4.0,5.0,2.0,1.0,3.0,2.0,0.5,0.30000000000000004,40.0,225,1691.6639063178222,34,51,13,7,104
209113,4.0,5.0,2.0,1.0,3.0,2.0,0.5,0.30000000000000004,40.0,226,1744.579882897278,28,44,11,6,89
209113,4.0,5.0,2.0,1.0,3.0,2.0,0.5,0.30000000000000004,40.0,227,1670.7248536215975,28,49,12,7,94
209113,4.0,5.0,2.0,1.0,3.0,2.0,0.5,0.30000000000000004,40.0,228,1668.4060670269969,29,50,15,7,99
209113,4.0,5.0,2.0,1.0,3.0,2.0,0.5,0.30000000000000004,40.0,229,1655.5075837837462,26,50,13,7,94
209113,4.0,5.0,2.0,1.0,3.0,2.0,0.5,0.30000000000000004,40.0,230,1719.3844797296829,21,50,12,7,88
209113,4.0,5.0,2.0,1.0,3.0,2.0,0.5,0.30000000000000004,40.0,231,1749.2305996621035,17,51,11,7,84
209113,4.0,5.0,2.0,1.0,3.0,2.0,0.5,0.30000000000000004,40.0,232,1786.5382495776294,12,53,12,8,82
209113,4.0,5.0,2.0,1.0,3.0,2.0,0.5,0.30000000000000004,40.0,233,1733.1728119720365,11,58,15,7,89
209113,4.0,5.0,2.0,1.0,3.0,2.0,0.5,0.30000000000000004,40.0,234,1656.4660149650454,12,69,16,8,101
209113,4.0,5.0,2.0,1.0,3.0,2.0,0.5,0.30000000000000004,40.0,235,1700.5825187063065,12,70,16,7,102
209113,4.0,5.0,2.0,1.0,3.0,2.0,0.5,0.30000000000000004,40.0,236,1725.7281483828829,9,60,18,6,91
209113,4.0,5.0,2.0,1.0,3.0,2.0,0.5,0.30000000000000004,40.0,237,1717.1601854786036,8,55,22,6,89
209113,4.0,5.0,2.0,1.0,3.0,2.0,0.5,0.30000000000000004,40.0,238,1716.4502318482546,5,61,26,5,96
209113,4.0,5.0,2.0,1.0,3.0,2.0,0.5,0.30000000000000004,40.0,239,1635.5627898103185,5,63,28,5,100
209113,4.0,5.0,2.0,1.0,3.0,2.0,0.5,0.30000000000000004,40.0,240,1694.453487262898,6,59,28,5,96
209113,4.0,5.0,2.0,1.0,3.0,2.0,0.5,0.30000000000000004,40.0,241,1688.0668590786227,4,53,28,5,88
209113,4.0,5.0,2.0,1.0,3.0,2.0,0.5,0.30000000000000004,40.0,242,1680.0835738482783,4,51,29,6,87
209113,4.0,5.0,2.0,1.0,3.0,2.0,0.5,0.30000000000000004,40.0,243,1650.104467310348,3,58,30,6,94
209113,4.0,5.0,2.0,1.0,3.0,2.0,0.5,0.30000000000000004,40.0,244,1712.6305841379349,3,53,30,7,89
209113,4.0,5.0,2.0,1.0,3.0,2.0,0.5,0.30000000000000004,40.0,245,1670.7882301724185,3,47,34,7,87
209113,4.0,5.0,2.0,1.0,3.0,2.0,0.5,0.30000000000000004,40.0,246,1638.485287715523,4,53,34,6,94
209113,4.0,5.0,2.0,1.0,3.0,2.0,0.5,0.30000000000000004,40.0,247,1718.1066096444038,4,52,35,7,94
209113,4.0,5.0,2.0,1.0,3.0,2.0,0.5,0.30000000000000004,40.0,248,1687.633262055505,4,45,33,7,85
209113,4.0,5.0,2.0,1.0,3.0,2.0,0.5,0.30000000000000004,40.0,249,1569.541577569381,7,47,39,6,96
209113,4.0,5.0,2.0,1.0,3.0,2.0,0.5,0.30000000000000004,40.0,250,1621.9269719617262,8,46,39,5,96
209113,4.0,5.0,2.0,1.0,3.0,2.0,0.5,0.30000000000000004,40.0,251,1697.4087149521577,6,42,33,4,84
209113,4.0,5.0,2.0,1.0,3.0,2.0,0.5,0.30000000000000004,40.0,252,1741.760893690197,9,37,33,4,82
209113,4.0,5.0,2.0,1.0,3.0,2.0,0.5,0.30000000000000004,40.0,253,1677.201117112746,10,41,34,4,89
209113,4.0,5.0,2.0,1.0,3.0,2.0,0.5,0.30000000000000004,40.0,254,1596.5013963909323,10,47,40,4,102
209113,4.0,5.0,2.0,1.0,3.0,2.0,0.5,0.30000000000000004,40.0,255,1655.6267454886654,6,47,37,4,96
209113,4.0,5.0,2.0,1.0,3.0,2.0,0.5,0.30000000000000004,40.0,256,1609.5334318608316,6,47,34,3,93
209113,4.0,5.0,2.0,1.0,3.0,2.0,0.5,0.30000000000000004,40.0,257,1631.9167898260393,7,49,31,3,92
209113,4.0,5.0,2.0,1.0,3.0,2.0,0.5,0.30000000000000004,40.0,258,1569.8959872825492,6,52,30,4,92
209113,4.0,5.0,2.0,1.0,3.0,2.0,0.5,0.30000000000000004,40.0,259,1662.3699841031864,5,50,29,4,88
209113,4.0,5.0,2.0,1.0,3.0,2.0,0.5,0.30000000000000004,40.0,260,1657.9624801289829,2,49,26,4,81
209113,4.0,5.0,2.0,1.0,3.0,2.0,0.5,0.30000000000000004,40.0,261,1682.4531001612286,2,55,22,4,83
209113,4.0,5.0,2.0,1.0,3.0,2.0,0.5,0.30000000000000004,40.0,262,1563.0663752015357,2,65,24,4,95
209113,4.0,5.0,2.0,1.0,3.0,2.0,0.5,0.30000000000000004,40.0,263,1583.8329690019195,2,69,24,4,98
209113,4.0,5.0,2.0,1.0,3.0,2.0,0.5,0.30000000000000004,40.0,264,1619.7912112523995,3,63,19,4,88
209113,4.0,5.0,2.0,1.0,3.0,2.0,0.5,0.30000000000000004,40.0,265,1614.7390140654993,5,59,18,4,85
209113,4.0,5.0,2.0,1.0,3.0,2.0,0.5,0.30000000000000004,40.0,266,1578.423767581874,7,61,19,4,89
209113,4.0,5.0,2.0,1.0,3.0,2.0,0.5,0.30000000000000004,40.0,267,1573.0297094773425,8,68,16,3,94
209113,4.0,5.0,2.0,1.0,3.0,2.0,0.5,0.30000000000000004,40.0,268,1646.287136846678,7,67,12,2,88
209113,4.0,5.0,2.0,1.0,3.0,2.0,0.5,0.30000000000000004,40.0,269,1647.8589210583477,7,63,11,2,84
209113,4.0,5.0,2.0,1.0,3.0,2.0,0.5,0.30000000000000004,40.0,270,1559.823651322935,10,68,12,2,93
209113,4.0,5.0,2.0,1.0,3.0,2.0,0.5,0.30000000000000004,40.0,271,1569.7795641536686,13,70,13,1,99
209113,4.0,5.0,2.0,1.0,3.0,2.0,0.5,0.30000000000000004,40.0,272,1592.2244551920858,14,62,12,1,92
209113,4.0,5.0,2.0,1.0,3.0,2.0,0.5,0.30000000000000004,40.0,273,1580.2805689901072,14,62,11,1,91
209113,4.0,5.0,2.0,1.0,3.0,2.0,0.5,0.30000000000000004,40.0,274,1545.350711237634,17,64,8,1,93
209113,4.0,5.0,2.0,1.0,3.0,2.0,0.5,0.30000000000000004,40.0,275,1511.6883890470424,19,66,8,1,97
209113,4.0,5.0,2.0,1.0,3.0,2.0,0.5,0.30000000000000004,40.0,276,1639.610486308803,20,59,5,1,88
209113,4.0,5.0,2.0,1.0,3.0,2.0,0.5,0.30000000000000004,40.0,277,1779.513107886004,15,53,3,1,75
209113,4.0,5.0,2.0,1.0,3.0,2.0,0.5,0.30000000000000004,40.0,278,1854.3913848575048,13,53,3,1,73
209113,4.0,5.0,2.0,1.0,3.0,2.0,0.5,0.30000000000000004,40.0,279,1837.989231071881,16,62,2,3,84
209113,4.0,5.0,2.0,1.0,3.0,2.0,0.5,0.30000000000000004,40.0,280,1617.4865388398512,24,76,4,3,110
209113,4.0,5.0,2.0,1.0,3.0,2.0,0.5,0.30000000000000004,40.0,281,1591.858173549814,25,89,4,3,124
209113,4.0,5.0,2.0,1.0,3.0,2.0,0.5,0.30000000000000004,40.0,282,1549.8227169372674,18,81,4,3,109
209113,4.0,5.0,2.0,1.0,3.0,2.0,0.5,0.30000000000000004,40.0,283,1657.2783961715843,13,66,5,3,90
209113,4.0,5.0,2.0,1.0,3.0,2.0,0.5,0.30000000000000004,40.0,284,1671.5979952144803,17,59,4,3,86
209113,4.0,5.0,2.0,1.0,3.0,2.0,0.5,0.30000000000000004,40.0,285,1679.4974940181005,21,56,5,3,88
209113,4.0,5.0,2.0,1.0,3.0,2.0,0.5,0.30000000000000004,40.0,286,1649.3718675226255,28,55,5,1,94
209113,4.0,5.0,2.0,1.0,3.0,2.0,0.5,0.30000000000000004,40.0,287,1601.714834403282,32,59,4,2,101
209113,4.0,5.0,2.0,1.0,3.0,2.0,0.5,0.30000000000000004,40.0,288,1622.1435430041026,35,57,4,2,102
209113,4.0,5.0,2.0,1.0,3.0,2.0,0.5,0.30000000000000004,40.0,289,1667.6794287551284,34,50,4,2,94
209113,4.0,5.0,2.0,1.0,3.0,2.0,0.5,0.30000000000000004,40.0,290,1774.5992859439102,35,35,4,2,80
209113,4.0,5.0,2.0,1.0,3.0,2.0,0.5,0.30000000000000004,40.0,291,1828.2491074298878,38,32,4,2,80
209113,4.0,5.0,2.0,1.0,3.0,2.0,0.5,0.30000000000000004,40.0,292,1745.31138428736,49,35,5,2,95
209113,4.0,5.0,2.0,1.0,3.0,2.0,0.5,0.30000000000000004,40.0,293,1621.6392303592002,57,41,6,2,110
209113,4.0,5.0,2.0,1.0,3.0,2.0,0.5,0.30000000000000004,40.0,294,1607.0490379490002,58,46,6,0,116
209113,4.0,5.0,2.0,1.0,3.0,2.0,0.5,0.30000000000000004,40.0,295,1718.8112974362502,42,45,7,0,100
209113,4.0,5.0,2.0,1.0,3.0,2.0,0.5,0.30000000000000004,40.0,296,1788.5141217953128,28,44,7,0,85
209113,4.0,5.0,2.0,1.0,3.0,2.0,0.5,0.30000000000000004,40.0,297,1895.6426522441411,26,44,7,0,83
209113,4.0,5.0,2.0,1.0,3.0,2.0,0.5,0.30000000000000004,40.0,298,1849.5533153051765,28,54,5,0,93
209113,4.0,5.0,2.0,1.0,3.0,2.0,0.5,0.30000000000000004,40.0,299,1691.9416441314706,34,71,5,0,116
209113,4.0,5.0,2.0,1.0,3.0,2.0,0.5,0.30000000000000004,40.0,300,1684.9270551643385,31,81,4,0,120
209113,4.0,5.0,2.0,1.0,3.0,2.0,0.5,0.30000000000000004,40.0,301,1846.1588189554232,21,69,4,0,98
209113,4.0,5.0,2.0,1.0,3.0,2.0,0.5,0.30000000000000004,40.0,302,1827.6985236942792,16,67,4,1,91
209113,4.0,5.0,2.0,1.0,3.0,2.0,0.5,0.30000000000000004,40.0,303,1854.6231546178487,12,77,5,1,98
209113,4.0,5.0,2.0,1.0,3.0,2.0,0.5,0.30000000000000004,40.0,304,1718.2789432723112,14,88,5,1,111
209113,4.0,5.0,2.0,1.0,3.0,2.0,0.5,0.30000000000000004,40.0,305,1767.848679090389,18,92,5,1,119
209113,4.0,5.0,2.0,1.0,3.0,2.0,0.5,0.30000000000000004,40.0,306,1779.810848862986,13,80,4,1,100
209113,4.0,5.0,2.0,1.0,3.0,2.0,0.5,0.30000000000000004,40.0,307,1884.7635610787324,13,78,3,1,97
209113,4.0,5.0,2.0,1.0,3.0,2.0,0.5,0.30000000000000004,40.0,308,1925.9544513484157,13,69,3,0,88
209113,4.0,5.0,2.0,1.0,3.0,2.0,0.5,0.30000000000000004,40.0,309,1917.4430641855197,16,78,3,0,100
209113,4.0,5.0,2.0,1.0,3.0,2.0,0.5,0.30000000000000004,40.0,310,1736.8038302318996,22,86,3,0,114
209113,4.0,5.0,2.0,1.0,3.0,2.0,0.5,0.30000000000000004,40.0,311,1791.0047877898746,27,93,3,0,126
209113,4.0,5.0,2.0,1.0,3.0,2.0,0.5,0.30000000000000004,40.0,312,1838.7559847373432,19,84,2,0,108
209113,4.0,5.0,2.0,1.0,3.0,2.0,0.5,0.30000000000000004,40.0,313,1978.444980921679,12,74,2,0,91
209113,4.0,5.0,2.0,1.0,3.0,2.0,0.5,0.30000000000000004,40.0,314,2103.0562261520986,13,71,1,0,87
209113,4.0,5.0,2.0,1.0,3.0,2.0,0.5,0.30000000000000004,40.0,315,2168.8202826901233,18,70,1,0,92
209113,4.0,5.0,2.0,1.0,3.0,2.0,0.5,0.30000000000000004,40.0,316,2081.025353362654,22,84,2,0,111
209113,4.0,5.0,2.0,1.0,3.0,2.0,0.5,0.30000000000000004,40.0,317,1921.2816917033178,27,104,2,0,136
209113,4.0,5.0,2.0,1.0,3.0,2.0,0.5,0.30000000000000004,40.0,318,2061.6021146291473,24,104,2,0,133
209113,4.0,5.0,2.0,1.0,3.0,2.0,0.5,0.30000000000000004,40.0,319,2207.0026432864342,21,78,2,0,104
209113,4.0,5.0,2.0,1.0,3.0,2.0,0.5,0.30000000000000004,40.0,320,2188.753304108043,26,78,2,0,109
209113,4.0,5.0,2.0,1.0,3.0,2.0,0.5,0.30000000000000004,40.0,321,2125.9416301350534,30,86,2,1,121
209113,4.0,5.0,2.0,1.0,3.0,2.0,0.5,0.30000000000000004,40.0,322,2037.4270376688169,34,95,2,1,134
209113,4.0,5.0,2.0,1.0,3.0,2.0,0.5,0.30000000000000004,40.0,323,2066.783797086021,32,94,2,2,131
209113,4.0,5.0,2.0,1.0,3.0,2.0,0.5,0.30000000000000004,40.0,324,2223.479746357526,28,84,2,2,117
209113,4.0,5.0,2.0,1.0,3.0,2.0,0.5,0.30000000000000004,40.0,325,2299.3496829469077,25,77,2,2,106
209113,4.0,5.0,2.0,1.0,3.0,2.0,0.5,0.30000000000000004,40.0,326,2404.1871036836346,24,75,2,2,103
209113,4.0,5.0,2.0,1.0,3.0,2.0,0.5,0.30000000000000004,40.0,327,2455.2338796045433,31,76,2,2,110
209113,4.0,5.0,2.0,1.0,3.0,2.0,0.5,0.30000000000000004,40.0,328,2409.0423495056793,40,81,2,1,124
209113,4.0,5.0,2.0,1.0,3.0,2.0,0.5,0.30000000000000004,40.0,329,2231.302936882099,53,95,1,1,150
209113,4.0,5.0,2.0,1.0,3.0,2.0,0.5,0.30000000000000004,40.0,330,2289.1286711026237,58,89,1,1,149
209113,4.0,5.0,2.0,1.0,3.0,2.0,0.5,0.30000000000000004,40.0,331,2401.4108388782797,54,75,3,1,133
209113,4.0,5.0,2.0,1.0,3.0,2.0,0.5,0.30000000000000004,40.0,332,2491.76354859785,52,64,4,1,121
209113,4.0,5.0,2.0,1.0,3.0,2.0,0.5,0.30000000000000004,40.0,333,2464.7044357473123,56,68,4,2,129
209113,4.0,5.0,2.0,1.0,3.0,2.0,0.5,0.30000000000000004,40.0,334,2300.8805446841407,67,73,6,4,147
209113,4.0,5.0,2.0,1.0,3.0,2.0,0.5,0.30000000000000004,40.0,335,2366.1006808551756,78,67,7,4,153
209113,4.0,5.0,2.0,1.0,3.0,2.0,0.5,0.30000000000000004,40.0,336,2387.6258510689695,81,49,6,4,137
209113,4.0,5.0,2.0,1.0,3.0,2.0,0.5,0.30000000000000004,40.0,337,2514.532313836212,77,40,6,4,125
209113,4.0,5.0,2.0,1.0,3.0,2.0,0.5,0.30000000000000004,40.0,338,2423.1653922952646,88,33,9,4,132
209113,4.0,5.0,2.0,1.0,3.0,2.0,0.5,0.30000000000000004,40.0,339,2318.9567403690808,103,37,11,4,153
209113,4.0,5.0,2.0,1.0,3.0,2.0,0.5,0.30000000000000004,40.0,340,2398.695925461351,99,32,12,6,144
209113,4.0,5.0,2.0,1.0,3.0,2.0,0.5,0.30000000000000004,40.0,341,2478.3699068266887,85,28,12,8,127
209113,4.0,5.0,2.0,1.0,3.0,2.0,0.5,0.30000000000000004,40.0,342,2387.962383533361,86,34,12,8,135
209113,4.0,5.0,2.0,1.0,3.0,2.0,0.5,0.30000000000000004,40.0,343,2374.952979416701,93,34,12,10,142
209113,4.0,5.0,2.0,1.0,3.0,2.0,0.5,0.30000000000000004,40.0,344,2478.6912242708763,85,31,12,10,131
209113,4.0,5.0,2.0,1.0,3.0,2.0,0.5,0.30000000000000004,40.0,345,2518.3640303385955,76,34,11,10,124
209113,4.0,5.0,2.0,1.0,3.0,2.0,0.5,0.30000000000000004,40.0,346,2397.955037923244,85,38,8,9,135
209113,4.0,5.0,2.0,1.0,3.0,2.0,0.5,0.30000000000000004,40.0,347,2417.443797404055,94,43,9,8,150
209113,4.0,5.0,2.0,1.0,3.0,2.0,0.5,0.30000000000000004,40.0,348,2641.804746755069,72,39,8,8,124
209113,4.0,5.0,2.0,1.0,3.0,2.0,0.5,0.30000000000000004,40.0,349,2852.2559334438365,56,38,8,7,108
209113,4.0,5.0,2.0,1.0,3.0,2.0,0.5,0.30000000000000004,40.0,350,2865.319916804796,53,43,8,6,115
209113,4.0,5.0,2.0,1.0,3.0,2.0,0.5,0.30000000000000004,40.0,351,2611.649896005995,74,52,14,6,154
209113,4.0,5.0,2.0,1.0,3.0,2.0,0.5,0.30000000000000004,40.0,352,2594.5623700074934,91,58,16,6,179
209113,4.0,5.0,2.0,1.0,3.0,2.0,0.5,0.30000000000000004,40.0,353,2673.202962509367,78,51,13,5,156
209113,4.0,5.0,2.0,1.0,3.0,2.0,0.5,0.30000000000000004,40.0,354,2791.5037031367087,69,46,11,5,140
209113,4.0,5.0,2.0,1.0,3.0,2.0,0.5,0.30000000000000004,40.0,355,2709.379628920886,77,45,9,6,145
209113,4.0,5.0,2.0,1.0,3.0,2.0,0.5,0.30000000000000004,40.0,356,2626.7245361511073,85,54,8,6,162
209113,4.0,5.0,2.0,1.0,3.0,2.0,0.5,0.30000000000000004,40.0,357,2703.405670188884,85,54,8,6,162
209113,4.0,5.0,2.0,1.0,3.0,2.0,0.5,0.30000000000000004,40.0,358,2759.257087736105,75,46,5,7,141
209113,4.0,5.0,2.0,1.0,3.0,2.0,0.5,0.30000000000000004,40.0,359,2759.071359670131,78,40,9,7,142
209113,4.0,5.0,2.0,1.0,3.0,2.0,0.5,0.30000000000000004,40.0,360,2668.839199587664,91,45,8,7,159
209113,4.0,5.0,2.0,1.0,3.0,2.0,0.5,0.30000000000000004,40.0,361,2786.0489994845802,91,39,7,7,152
209113,4.0,5.0,2.0,1.0,3.0,2.0,0.5,0.30000000000000004,40.0,362,2872.5612493557255,79,39,6,7,138
209113,4.0,5.0,2.0,1.0,3.0,2.0,0.5,0.30000000000000004,40.0,363,2890.701561694657,76,44,8,6,142
209113,4.0,5.0,2.0,1.0,3.0,2.0,0.5,0.30000000000000004,40.0,364,2673.3769521183212,87,55,11,6,168
209113,4.0,5.0,2.0,1.0,3.0,2.0,0.5,0.30000000000000004,40.0,365,2661.7211901479013,100,57,10,6,182
209113,4.0,5.0,2.0,1.0,3.0,2.0,0.5,0.30000000000000004,40.0,366,2687.151487684877,86,51,9,6,161
209113,4.0,5.0,2.0,1.0,3.0,2.0,0.5,0.30000000000000004,40.0,367,2808.9393596060963,81,41,10,6,147
209113,4.0,5.0,2.0,1.0,3.0,2.0,0.5,0.30000000000000004,40.0,368,2741.1741995076204,80,40,11,6,147
209113,4.0,5.0,2.0,1.0,3.0,2.0,0.5,0.30000000000000004,40.0,369,2666.4677493845256,90,44,11,5,163
209113,4.0,5.0,2.0,1.0,3.0,2.0,0.5,0.30000000000000004,40.0,370,2723.0846867306573,89,43,9,5,159
209113,4.0,5.0,2.0,1.0,3.0,2.0,0.5,0.30000000000000004,40.0,371,2823.8558584133216,74,38,11,5,140
209113,4.0,5.0,2.0,1.0,3.0,2.0,0.5,0.30000000000000004,40.0,372,2939.8198230166518,73,35,12,4,137
209113,4.0,5.0,2.0,1.0,3.0,2.0,0.5,0.30000000000000004,40.0,373,2804.774778770815,84,41,14,4,156
209113,4.0,5.0,2.0,1.0,3.0,2.0,0.5,0.30000000000000004,40.0,374,2635.9684734635184,103,47,14,4,181
209113,4.0,5.0,2.0,1.0,3.0,2.0,0.5,0.30000000000000004,40.0,375,2764.9605918293983,99,42,15,3,173
209113,4.0,5.0,2.0,1.0,3.0,2.0,0.5,0.30000000000000004,40.0,376,2936.200739786748,72,36,15,3,140
209113,4.0,5.0,2.0,1.0,3.0,2.0,0.5,0.30000000000000004,40.0,377,2970.2509247334347,76,36,17,3,146
209113,4.0,5.0,2.0,1.0,3.0,2.0,0.5,0.30000000000000004,40.0,378,2922.8136559167933,85,38,14,3,154
209113,4.0,5.0,2.0,1.0,3.0,2.0,0.5,0.30000000000000004,40.0,379,2763.517069895992,100,44,17,3,178
209113,4.0,5.0,2.0,1.0,3.0,2.0,0.5,0.30000000000000004,40.0,380,2874.39633736999,98,42,15,2,172
209113,4.0,5.0,2.0,1.0,3.0,2.0,0.5,0.30000000000000004,40.0,381,2872.9954217124873,92,41,16,2,166
209113,4.0,5.0,2.0,1.0,3.0,2.0,0.5,0.30000000000000004,40.0,382,2921.244277140609,86,42,14,2,159
209113,4.0,5.0,2.0,1.0,3.0,2.0,0.5,0.30000000000000004,40.0,383,2771.5553464257614,97,43,16,2,172
209113,4.0,5.0,2.0,1.0,3.0,2.0,0.5,0.30000000000000004,40.0,384,2724.4441830322016,102,47,16,4,181
209113,4.0,5.0,2.0,1.0,3.0,2.0,0.5,0.30000000000000004,40.0,385,2935.555228790252,84,40,16,4,156
209113,4.0,5.0,2.0,1.0,3.0,2.0,0.5,0.30000000000000004,40.0,386,3109.444035987815,69,36,17,4,137
209113,4.0,5.0,2.0,1.0,3.0,2.0,0.5,0.30000000000000004,40.0,387,3286.8050449847688,64,37,18,3,135
209113,4.0,5.0,2.0,1.0,3.0,2.0,0.5,0.30000000000000004,40.0,388,3338.506306230961,65,40,23,3,145
209113,4.0,5.0,2.0,1.0,3.0,2.0,0.5,0.30000000000000004,40.0,389,3223.132882788701,83,46,22,4,169
209113,4.0,5.0,2.0,1.0,3.0,2.0,0.5,0.30000000000000004,40.0,390,3078.916103485876,102,54,25,6,201
209113,4.0,5.0,2.0,1.0,3.0,2.0,0.5,0.30000000000000004,40.0,391,3108.6451293573455,100,49,26,6,196
209113,4.0,5.0,2.0,1.0,3.0,2.0,0.5,0.30000000000000004,40.0,392,3205.8064116966816,88,42,21,7,172
209113,4.0,5.0,2.0,1.0,3.0,2.0,0.5,0.30000000000000004,40.0,393,3287.258014620852,85,40,20,7,166
209113,4.0,5.0,2.0,1.0,3.0,2.0,0.5,0.30000000000000004,40.0,394,3209.0725182760652,93,39,20,7,173
209113,4.0,5.0,2.0,1.0,3.0,2.0,0.5,0.30000000000000004,40.0,395,3041.3406478450815,112,43,23,7,198
209113,4.0,5.0,2.0,1.0,3.0,2.0,0.5,0.30000000000000004,40.0,396,3061.675809806352,110,43,23,5,195
209113,4.0,5.0,2.0,1.0,3.0,2.0,0.5,0.30000000000000004,40.0,397,3187.0947622579397,90,44,23,5,174
209113,4.0,5.0,2.0,1.0,3.0,2.0,0.5,0.30000000000000004,40.0,398,3313.868452822425,73,43,23,6,156
209113,4.0,5.0,2.0,1.0,3.0,2.0,0.5,0.30000000000000004,40.0,399,3422.3355660280313,68,46,23,6,153
209113,4.0,5.0,2.0,1.0,3.0,2.0,0.5,0.30000000000000004,40.0,400,3267.9194575350393,80,55,29,6,180
209113,4.0,5.0,2.0,1.0,3.0,2.0,0.5,0.30000000000000004,40.0,401,3154.899321918799,90,61,32,6,197
209113,4.0,5.0,2.0,1.0,3.0,2.0,0.5,0.30000000000000004,40.0,402,3183.624152398499,97,61,32,5,203
209113,4.0,5.0,2.0,1.0,3.0,2.0,0.5,0.30000000000000004,40.0,403,3369.530190498124,79,54,29,4,173
209113,4.0,5.0,2.0,1.0,3.0,2.0,0.5,0.30000000000000004,40.0,404,3521.9127381226544,72,49,27,5,158
209113,4.0,5.0,2.0,1.0,3.0,2.0,0.5,0.30000000000000004,40.0,405,3492.390922653318,81,53,28,6,172
209113,4.0,5.0,2.0,1.0,3.0,2.0,0.5,0.30000000000000004,40.0,406,3215.4886533166473,100,70,26,6,206
209113,4.0,5.0,2.0,1.0,3.0,2.0,0.5,0.30000000000000004,40.0,407,3289.360816645809,107,71,26,7,214
209113,4.0,5.0,2.0,1.0,3.0,2.0,0.5,0.30000000000000004,40.0,408,3451.7010208072606,89,59,26,7,183
209113,4.0,5.0,2.0,1.0,3.0,2.0,0.5,0.30000000000000004,40.0,409,3734.626276009076,77,54,22,6,162
209113,4.0,5.0,2.0,1.0,3.0,2.0,0.5,0.30000000000000004,40.0,410,3848.2828450113448,77,52,23,5,161
209113,4.0,5.0,2.0,1.0,3.0,2.0,0.5,0.30000000000000004,40.0,411,3910.353556264181,84,54,24,8,172
209113,4.0,5.0,2.0,1.0,3.0,2.0,0.5,0.30000000000000004,40.0,412,3757.941945330226,107,54,28,10,200
209113,4.0,5.0,2.0,1.0,3.0,2.0,0.5,0.30000000000000004,40.0,413,3597.4274316627825,133,62,29,10,236
209113,4.0,5.0,2.0,1.0,3.0,2.0,0.5,0.30000000000000004,40.0,414,3666.784289578478,124,57,26,9,220
209113,4.0,5.0,2.0,1.0,3.0,2.0,0.5,0.30000000000000004,40.0,415,3713.4803619730974,117,53,25,10,207
209113,4.0,5.0,2.0,1.0,3.0,2.0,0.5,0.30000000000000004,40.0,416,3661.8504524663713,119,55,22,9,208
209113,4.0,5.0,2.0,1.0,3.0,2.0,0.5,0.30000000000000004,40.0,417,3617.3130655829646,123,59,22,8,216
209113,4.0,5.0,2.0,1.0,3.0,2.0,0.5,0.30000000000000004,40.0,418,3671.641331978706,124,56,20,8,212
209113,4.0,5.0,2.0,1.0,3.0,2.0,0.5,0.30000000000000004,40.0,419,3679.5516649733827,113,60,19,7,202
209113,4.0,5.0,2.0,1.0,3.0,2.0,0.5,0.30000000000000004,40.0,420,3579.4395812167286,117,66,19,7,213
209113,4.0,5.0,2.0,1.0,3.0,2.0,0.5,0.30000000000000004,40.0,421,3574.2994765209105,125,69,20,6,223
209113,4.0,5.0,2.0,1.0,3.0,2.0,0.5,0.30000000000000004,40.0,422,3507.8743456511384,124,66,19,6,217
209113,4.0,5.0,2.0,1.0,3.0,2.0,0.5,0.30000000000000004,40.0,423,3694.8429320639225,112,60,20,6,200
209113,4.0,5.0,2.0,1.0,3.0,2.0,0.5,0.30000000000000004,40.0,424,3948.553665079903,98,52,21,4,179
209113,4.0,5.0,2.0,1.0,3.0,2.0,0.5,0.30000000000000004,40.0,425,4045.692081349879,97,59,19,4,183
209113,4.0,5.0,2.0,1.0,3.0,2.0,0.5,0.30000000000000004,40.0,426,3907.115101687349,118,60,21,5,207
209113,4.0,5.0,2.0,1.0,3.0,2.0,0.5,0.30000000000000004,40.0,427,3753.893877109186,142,66,24,6,240
209113,4.0,5.0,2.0,1.0,3.0,2.0,0.5,0.30000000000000004,40.0,428,3962.3673463864825,131,64,24,9,227
209113,4.0,5.0,2.0,1.0,3.0,2.0,0.5,0.30000000000000004,40.0,429,4162.959182983103,115,52,21,9,197
209113,4.0,5.0,2.0,1.0,3.0,2.0,0.5,0.30000000000000004,40.0,430,4193.698978728879,116,52,24,9,201
209113,4.0,5.0,2.0,1.0,3.0,2.0,0.5,0.30000000000000004,40.0,431,4012.1237234110995,121,65,23,12,219
209113,4.0,5.0,2.0,1.0,3.0,2.0,0.5,0.30000000000000004,40.0,432,4015.1546542638744,132,77,24,12,244
209113,4.0,5.0,2.0,1.0,3.0,2.0,0.5,0.30000000000000004,40.0,433,4158.943317829843,113,73,25,12,221
209113,4.0,5.0,2.0,1.0,3.0,2.0,0.5,0.30000000000000004,40.0,434,4298.679147287304,103,70,22,12,207
209113,4.0,5.0,2.0,1.0,3.0,2.0,0.5,0.30000000000000004,40.0,435,4203.34893410913,114,76,23,11,226
209113,4.0,5.0,2.0,1.0,3.0,2.0,0.5,0.30000000000000004,40.0,436,3984.1861676364124,136,77,25,9,251
209113,4.0,5.0,2.0,1.0,3.0,2.0,0.5,0.30000000000000004,40.0,437,3980.2327095455157,148,82,22,9,266
209113,4.0,5.0,2.0,1.0,3.0,2.0,0.5,0.30000000000000004,40.0,438,3935.2908869318944,139,72,20,9,245
209113,4.0,5.0,2.0,1.0,3.0,2.0,0.5,0.30000000000000004,40.0,439,4139.113608664868,126,67,18,8,225
209113,4.0,5.0,2.0,1.0,3.0,2.0,0.5,0.30000000000000004,40.0,440,4313.892010831085,109,61,19,7,202
209113,4.0,5.0,2.0,1.0,3.0,2.0,0.5,0.30000000000000004,40.0,441,4442.365013538856,108,71,16,8,206
209113,4.0,5.0,2.0,1.0,3.0,2.0,0.5,0.30000000000000004,40.0,442,4322.95626692357,116,84,15,8,226
209113,4.0,5.0,2.0,1.0,3.0,2.0,0.5,0.30000000000000004,40.0,443,3963.695333654463,148,98,14,8,271
209113,4.0,5.0,2.0,1.0,3.0,2.0,0.5,0.30000000000000004,40.0,444,3904.6191670680782,160,108,10,7,289
209113,4.0,5.0,2.0,1.0,3.0,2.0,0.5,0.30000000000000004,40.0,445,3980.773958835098,134,96,9,6,250
209113,4.0,5.0,2.0,1.0,3.0,2.0,0.5,0.30000000000000004,40.0,446,4195.967448543872,118,86,8,5,223
209113,4.0,5.0,2.0,1.0,3.0,2.0,0.5,0.30000000000000004,40.0,447,4354.95931067984,104,85,6,5,205
209113,4.0,5.0,2.0,1.0,3.0,2.0,0.5,0.30000000000000004,40.0,448,4263.699138349801,119,88,4,5,221
209113,4.0,5.0,2.0,1.0,3.0,2.0,0.5,0.30000000000000004,40.0,449,3979.6239229372513,146,102,5,6,263
209113,4.0,5.0,2.0,1.0,3.0,2.0,0.5,0.30000000000000004,40.0,450,4014.529903671564,148,109,6,5,273
209113,4.0,5.0,2.0,1.0,3.0,2.0,0.5,0.30000000000000004,40.0,451,4288.162379589456,114,98,6,4,227
209113,4.0,5.0,2.0,1.0,3.0,2.0,0.5,0.30000000000000004,40.0,452,4530.20297448682,101,91,6,4,207
209113,4.0,5.0,2.0,1.0,3.0,2.0,0.5,0.30000000000000004,40.0,453,4592.7537181085245,110,91,3,5,213
209113,4.0,5.0,2.0,1.0,3.0,2.0,0.5,0.30000000000000004,40.0,454,4580.942147635656,130,88,5,4,232
209113,4.0,5.0,2.0,1.0,3.0,2.0,0.5,0.30000000000000004,40.0,455,4176.177684544569,161,103,5,4,278
209113,4.0,5.0,2.0,1.0,3.0,2.0,0.5,0.30000000000000004,40.0,456,4180.222105680712,179,112,4,4,304
209113,4.0,5.0,2.0,1.0,3.0,2.0,0.5,0.30000000000000004,40.0,457,4385.27763210089,142,99,4,4,255
209113,4.0,5.0,2.0,1.0,3.0,2.0,0.5,0.30000000000000004,40.0,458,4521.597040126112,136,86,6,4,238
209113,4.0,5.0,2.0,1.0,3.0,2.0,0.5,0.30000000000000004,40.0,459,4371.99630015764,142,85,7,4,245
209113,4.0,5.0,2.0,1.0,3.0,2.0,0.5,0.30000000000000004,40.0,460,4344.99537519705,160,93,8,4,272
209113,4.0,5.0,2.0,1.0,3.0,2.0,0.5,0.30000000000000004,40.0,461,4451.244218996312,155,83,6,2,254
209113,4.0,5.0,2.0,1.0,3.0,2.0,0.5,0.30000000000000004,40.0,462,4484.05527374539,143,86,6,2,244
209113,4.0,5.0,2.0,1.0,3.0,2.0,0.5,0.30000000000000004,40.0,463,4245.069092181738,151,99,10,3,269
209113,4.0,5.0,2.0,1.0,3.0,2.0,0.5,0.30000000000000004,40.0,464,4416.336365227172,154,102,10,3,275
209113,4.0,5.0,2.0,1.0,3.0,2.0,0.5,0.30000000000000004,40.0,465,4420.420456533965,136,91,11,3,247
209113,4.0,5.0,2.0,1.0,3.0,2.0,0.5,0.30000000000000004,40.0,466,4325.525570667456,141,96,10,4,256
209113,4.0,5.0,2.0,1.0,3.0,2.0,0.5,0.30000000000000004,40.0,467,4426.906963334321,151,91,10,4,261
209113,4.0,5.0,2.0,1.0,3.0,2.0,0.5,0.30000000000000004,40.0,468,4343.633704167901,147,91,12,3,259
209113,4.0,5.0,2.0,1.0,3.0,2.0,0.5,0.30000000000000004,40.0,469,4329.542130209876,147,89,17,3,262
209113,4.0,5.0,2.0,1.0,3.0,2.0,0.5,0.30000000000000004,40.0,470,4251.927662762345,150,94,16,3,269
209113,4.0,5.0,2.0,1.0,3.0,2.0,0.5,0.30000000000000004,40.0,471,4464.909578452931,139,96,14,3,258
209113,4.0,5.0,2.0,1.0,3.0,2.0,0.5,0.30000000000000004,40.0,472,4331.136973066164,137,89,14,3,249
209113,4.0,5.0,2.0,1.0,3.0,2.0,0.5,0.30000000000000004,40.0,473,4223.921216332705,139,100,15,3,263
209113,4.0,5.0,2.0,1.0,3.0,2.0,0.5,0.30000000000000004,40.0,474,4239.90152041588,144,96,17,4,266
209113,4.0,5.0,2.0,1.0,3.0,2.0,0.5,0.30000000000000004,40.0,475,4389.87690051985,130,93,13,4,245
209113,4.0,5.0,2.0,1.0,3.0,2.0,0.5,0.30000000000000004,40.0,476,4427.346125649812,121,91,14,4,235
209113,4.0,5.0,2.0,1.0,3.0,2.0,0.5,0.30000000000000004,40.0,477,4244.182657062265,128,99,17,4,252
209113,4.0,5.0,2.0,1.0,3.0,2.0,0.5,0.30000000000000004,40.0,478,4255.2283213278315,137,108,15,5,268
209113,4.0,5.0,2.0,1.0,3.0,2.0,0.5,0.30000000000000004,40.0,479,4369.035401659789,125,99,13,6,244
209113,4.0,5.0,2.0,1.0,3.0,2.0,0.5,0.30000000000000004,40.0,480,4441.2942520747365,111,99,15,6,233
209113,4.0,5.0,2.0,1.0,3.0,2.0,0.5,0.30000000000000004,40.0,481,4231.617815093421,122,110,14,6,255
209113,4.0,5.0,2.0,1.0,3.0,2.0,0.5,0.30000000000000004,40.0,482,4409.522268866776,133,112,13,6,266
209113,4.0,5.0,2.0,1.0,3.0,2.0,0.5,0.30000000000000004,40.0,483,4491.902836083471,114,101,13,4,237
209113,4.0,5.0,2.0,1.0,3.0,2.0,0.5,0.30000000000000004,40.0,484,4424.878545104339,116,112,12,4,249
209113,4.0,5.0,2.0,1.0,3.0,2.0,0.5,0.30000000000000004,40.0,485,4261.098181380423,132,117,13,4,270
209113,4.0,5.0,2.0,1.0,3.0,2.0,0.5,0.30000000000000004,40.0,486,4266.372726725529,136,115,15,3,274
209113,4.0,5.0,2.0,1.0,3.0,2.0,0.5,0.30000000000000004,40.0,487,4452.965908406912,125,98,16,3,247
209113,4.0,5.0,2.0,1.0,3.0,2.0,0.5,0.30000000000000004,40.0,488,4556.20738550864,119,93,15,4,234
209113,4.0,5.0,2.0,1.0,3.0,2.0,0.5,0.30000000000000004,40.0,489,4565.259231885801,116,101,17,2,239
209113,4.0,5.0,2.0,1.0,3.0,2.0,0.5,0.30000000000000004,40.0,490,4256.574039857251,138,119,19,2,281
209113,4.0,5.0,2.0,1.0,3.0,2.0,0.5,0.30000000000000004,40.0,491,4360.717549821564,148,114,19,4,286
209113,4.0,5.0,2.0,1.0,3.0,2.0,0.5,0.30000000000000004,40.0,492,4570.896937276955,132,99,11,4,247
209113,4.0,5.0,2.0,1.0,3.0,2.0,0.5,0.30000000000000004,40.0,493,4743.6211715961945,121,92,10,3,228
209113,4.0,5.0,2.0,1.0,3.0,2.0,0.5,0.30000000000000004,40.0,494,4689.526464495243,138,89,14,2,247
209113,4.0,5.0,2.0,1.0,3.0,2.0,0.5,0.30000000000000004,40.0,495,4421.908080619054,170,93,15,1,284
209113,4.0,5.0,2.0,1.0,3.0,2.0,0.5,0.30000000000000004,40.0,496,4527.385100773818,181,91,18,1,296
209113,4.0,5.0,2.0,1.0,3.0,2.0,0.5,0.30000000000000004,40.0,497,4759.2313759672725,149,82,17,1,254
209113,4.0,5.0,2.0,1.0,3.0,2.0,0.5,0.30000000000000004,40.0,498,4719.039219959091,150,84,17,1,258
209113,4.0,5.0,2.0,1.0,3.0,2.0,0.5,0.30000000000000004,40.0,499,4578.799024948863,157,91,19,1,274