Exp Num,agent:svo_convergence_factor,agent:params:metabolism,agent:params:consumption_factor,agent:params:procreate_cost_factor,agent:params:procreate_req_factor,agent:params:start_energy_factor,agent:params:caught_chance,agent:params:caught_cooldown_factor,agent:params:maximum_age,Epoch,Resource,A,B,C,D,E
269175,4.0,15.0,4.0,9.0,1.0,3.0,0.30000000000000004,0.1,10.0,0,2780.0,21,25,8,28,72
269175,4.0,15.0,4.0,9.0,1.0,3.0,0.30000000000000004,0.1,10.0,1,1435.0,27,26,9,30,80
269175,4.0,15.0,4.0,9.0,1.0,3.0,0.30000000000000004,0.1,10.0,2,0,23,23,8,21,66
269175,4.0,15.0,4.0,9.0,1.0,3.0,0.30000000000000004,0.1,10.0,3,0,20,20,7,17,57
269175,4.0,15.0,4.0,9.0,1.0,3.0,0.30000000000000004,0.1,10.0,4,0,22,20,7,16,59
269175,4.0,15.0,4.0,9.0,1.0,3.0,0.30000000000000004,0.1,10.0,5,0,17,18,6,15,51
269175,4.0,15.0,4.0,9.0,1.0,3.0,0.30000000000000004,0.1,10.0,6,0,12,13,5,8,37
269175,4.0,15.0,4.0,9.0,1.0,3.0,0.30000000000000004,0.1,10.0,7,0,12,9,4,6,30
269175,4.0,15.0,4.0,9.0,1.0,3.0,0.30000000000000004,0.1,10.0,8,0,12,6,3,4,25
269175,4.0,15.0,4.0,9.0,1.0,3.0,0.30000000000000004,0.1,10.0,9,0,12,4,2,2,21
269175,4.0,15.0,4.0,9.0,1.0,3.0,0.30000000000000004,0.1,10.0,10,0,10,3,1,2,17
269175,4.0,15.0,4.0,9.0,1.0,3.0,0.30000000000000004,0.1,10.0,11,0,8,2,1,2,13
269175,4.0,15.0,4.0,9.0,1.0,3.0,0.30000000000000004,0.1,10.0,12,0,8,1,1,1,12
269175,4.0,15.0,4.0,9.0,1.0,3.0,0.30000000000000004,0.1,10.0,13,0,6,0,1,0,9
269175,4.0,15.0,4.0,9.0,1.0,3.0,0.30000000000000004,0.1,10.0,14,0,5,0,0,0,7
269175,4.0,15.0,4.0,9.0,1.0,3.0,0.30000000000000004,0.1,10.0,15,0,4,0,0,0,4
269175,4.0,15.0,4.0,9.0,1.0,3.0,0.30000000000000004,0.1,10.0,16,0,3,0,0,0,3
269175,4.0,15.0,4.0,9.0,1.0,3.0,0.30000000000000004,0.1,10.0,17,0,3,0,0,0,3
269175,4.0,15.0,4.0,9.0,1.0,3.0,0.30000000000000004,0.1,10.0,18,0,3,0,0,0,3
269175,4.0,15.0,4.0,9.0,1.0,3.0,0.30000000000000004,0.1,10.0,19,0,1,0,0,0,1