Exp Num,agent:svo_convergence_factor,agent:params:metabolism,agent:params:consumption_factor,agent:params:procreate_cost_factor,agent:params:procreate_req_factor,agent:params:start_energy_factor,agent:params:caught_chance,agent:params:caught_cooldown_factor,agent:params:maximum_age,Epoch,Resource,A,B,C,D,E
216830,4.0,5.0,3.0,5.0,3.0,1.0,0.4,0.2,10.0,0,3500.0,18,28,11,24,76
216830,4.0,5.0,3.0,5.0,3.0,1.0,0.4,0.2,10.0,1,2935.0,18,28,11,24,76
216830,4.0,5.0,3.0,5.0,3.0,1.0,0.4,0.2,10.0,2,2768.75,18,28,11,24,76
216830,4.0,5.0,3.0,5.0,3.0,1.0,0.4,0.2,10.0,3,2710.9375,18,28,10,24,75
216830,4.0,5.0,3.0,5.0,3.0,1.0,0.4,0.2,10.0,4,2923.671875,18,28,10,24,75
216830,4.0,5.0,3.0,5.0,3.0,1.0,0.4,0.2,10.0,5,3099.58984375,18,28,10,24,75
216830,4.0,5.0,3.0,5.0,3.0,1.0,0.4,0.2,10.0,6,3214.4873046875,19,27,11,27,77
216830,4.0,5.0,3.0,5.0,3.0,1.0,0.4,0.2,10.0,7,3418.109130859375,20,27,11,27,78
216830,4.0,5.0,3.0,5.0,3.0,1.0,0.4,0.2,10.0,8,3732.6364135742188,20,27,11,27,78
216830,4.0,5.0,3.0,5.0,3.0,1.0,0.4,0.2,10.0,9,3795.7955169677734,18,24,14,30,78
216830,4.0,5.0,3.0,5.0,3.0,1.0,0.4,0.2,10.0,10,3874.744396209717,12,10,9,19,44
216830,4.0,5.0,3.0,5.0,3.0,1.0,0.4,0.2,10.0,11,4363.430495262146,7,6,6,13,28
216830,4.0,5.0,3.0,5.0,3.0,1.0,0.4,0.2,10.0,12,4989.2881190776825,6,4,5,10,26
216830,4.0,5.0,3.0,5.0,3.0,1.0,0.4,0.2,10.0,13,5771.610148847103,5,5,6,8,26
216830,4.0,5.0,3.0,5.0,3.0,1.0,0.4,0.2,10.0,14,6734.512686058879,9,5,6,7,31
216830,4.0,5.0,3.0,5.0,3.0,1.0,0.4,0.2,10.0,15,7848.140857573599,10,5,10,8,37
216830,4.0,5.0,3.0,5.0,3.0,1.0,0.4,0.2,10.0,16,9135.176071966998,11,5,12,9,43
216830,4.0,5.0,3.0,5.0,3.0,1.0,0.4,0.2,10.0,17,9265.0,13,6,12,10,47
216830,4.0,5.0,3.0,5.0,3.0,1.0,0.4,0.2,10.0,18,9175.0,14,6,13,11,53
216830,4.0,5.0,3.0,5.0,3.0,1.0,0.4,0.2,10.0,19,9055.0,15,6,15,16,59
216830,4.0,5.0,3.0,5.0,3.0,1.0,0.4,0.2,10.0,20,8965.0,16,6,17,15,64
216830,4.0,5.0,3.0,5.0,3.0,1.0,0.4,0.2,10.0,21,8875.0,17,7,24,14,76
216830,4.0,5.0,3.0,5.0,3.0,1.0,0.4,0.2,10.0,22,8770.0,19,7,24,15,79
216830,4.0,5.0,3.0,5.0,3.0,1.0,0.4,0.2,10.0,23,8620.0,21,7,28,16,91
216830,4.0,5.0,3.0,5.0,3.0,1.0,0.4,0.2,10.0,24,8470.0,24,8,33,20,100
216830,4.0,5.0,3.0,5.0,3.0,1.0,0.4,0.2,10.0,25,8305.0,25,8,36,27,105
216830,4.0,5.0,3.0,5.0,3.0,1.0,0.4,0.2,10.0,26,8065.0,26,11,38,33,118
216830,4.0,5.0,3.0,5.0,3.0,1.0,0.4,0.2,10.0,27,7855.0,32,13,38,39,128
216830,4.0,5.0,3.0,5.0,3.0,1.0,0.4,0.2,10.0,28,7403.75,38,15,43,44,144
216830,4.0,5.0,3.0,5.0,3.0,1.0,0.4,0.2,10.0,29,6554.6875,41,19,45,50,161
216830,4.0,5.0,3.0,5.0,3.0,1.0,0.4,0.2,10.0,30,5868.359375,49,19,47,58,173
216830,4.0,5.0,3.0,5.0,3.0,1.0,0.4,0.2,10.0,31,6045.44921875,50,19,49,54,171
216830,4.0,5.0,3.0,5.0,3.0,1.0,0.4,0.2,10.0,32,6431.8115234375,49,20,50,56,171
216830,4.0,5.0,3.0,5.0,3.0,1.0,0.4,0.2,10.0,33,6869.764404296875,49,18,48,55,169
216830,4.0,5.0,3.0,5.0,3.0,1.0,0.4,0.2,10.0,34,7252.205505371094,52,20,42,56,164
216830,4.0,5.0,3.0,5.0,3.0,1.0,0.4,0.2,10.0,35,7400.256881713867,50,20,45,56,166
216830,4.0,5.0,3.0,5.0,3.0,1.0,0.4,0.2,10.0,36,7615.321102142334,50,22,42,57,164
216830,4.0,5.0,3.0,5.0,3.0,1.0,0.4,0.2,10.0,37,7854.1513776779175,52,20,41,56,160
216830,4.0,5.0,3.0,5.0,3.0,1.0,0.4,0.2,10.0,38,7972.689222097397,48,19,42,55,162
216830,4.0,5.0,3.0,5.0,3.0,1.0,0.4,0.2,10.0,39,7925.861527621746,52,20,38,55,158
216830,4.0,5.0,3.0,5.0,3.0,1.0,0.4,0.2,10.0,40,7582.326909527183,55,19,40,53,161
216830,4.0,5.0,3.0,5.0,3.0,1.0,0.4,0.2,10.0,41,7032.908636908978,56,20,39,51,154
216830,4.0,5.0,3.0,5.0,3.0,1.0,0.4,0.2,10.0,42,6091.135796136223,50,26,40,55,164
216830,4.0,5.0,3.0,5.0,3.0,1.0,0.4,0.2,10.0,43,5798.9197451702785,55,28,37,53,169
216830,4.0,5.0,3.0,5.0,3.0,1.0,0.4,0.2,10.0,44,5988.649681462848,57,27,37,54,170
216830,4.0,5.0,3.0,5.0,3.0,1.0,0.4,0.2,10.0,45,6240.81210182856,57,28,35,51,167
216830,4.0,5.0,3.0,5.0,3.0,1.0,0.4,0.2,10.0,46,6496.0151272857,64,30,31,53,169
216830,4.0,5.0,3.0,5.0,3.0,1.0,0.4,0.2,10.0,47,6575.018909107125,62,31,32,53,168
216830,4.0,5.0,3.0,5.0,3.0,1.0,0.4,0.2,10.0,48,6658.773636383907,67,31,35,48,175
216830,4.0,5.0,3.0,5.0,3.0,1.0,0.4,0.2,10.0,49,6493.467045479883,69,30,34,47,176
216830,4.0,5.0,3.0,5.0,3.0,1.0,0.4,0.2,10.0,50,6226.833806849854,67,35,38,44,178
216830,4.0,5.0,3.0,5.0,3.0,1.0,0.4,0.2,10.0,51,5863.542258562318,66,35,35,42,168
216830,4.0,5.0,3.0,5.0,3.0,1.0,0.4,0.2,10.0,52,5664.427823202897,69,37,32,42,169
216830,4.0,5.0,3.0,5.0,3.0,1.0,0.4,0.2,10.0,53,5490.534779003621,67,37,37,36,167
216830,4.0,5.0,3.0,5.0,3.0,1.0,0.4,0.2,10.0,54,5348.1684737545265,61,36,42,35,161
216830,4.0,5.0,3.0,5.0,3.0,1.0,0.4,0.2,10.0,55,5215.210592193158,65,34,40,33,157
216830,4.0,5.0,3.0,5.0,3.0,1.0,0.4,0.2,10.0,56,5169.013240241447,67,34,39,30,157
216830,4.0,5.0,3.0,5.0,3.0,1.0,0.4,0.2,10.0,57,5111.266550301809,67,37,40,28,160
216830,4.0,5.0,3.0,5.0,3.0,1.0,0.4,0.2,10.0,58,5189.083187877261,68,38,40,27,160
216830,4.0,5.0,3.0,5.0,3.0,1.0,0.4,0.2,10.0,59,5166.353984846575,67,40,39,27,158
216830,4.0,5.0,3.0,5.0,3.0,1.0,0.4,0.2,10.0,60,5152.942481058219,66,45,35,26,156
216830,4.0,5.0,3.0,5.0,3.0,1.0,0.4,0.2,10.0,61,5121.178101322774,65,46,32,27,151
216830,4.0,5.0,3.0,5.0,3.0,1.0,0.4,0.2,10.0,62,4901.472626653467,71,45,29,26,150
216830,4.0,5.0,3.0,5.0,3.0,1.0,0.4,0.2,10.0,63,4671.840783316834,66,46,34,24,151
216830,4.0,5.0,3.0,5.0,3.0,1.0,0.4,0.2,10.0,64,4534.800979146043,65,45,33,21,147
216830,4.0,5.0,3.0,5.0,3.0,1.0,0.4,0.2,10.0,65,4438.501223932553,65,47,27,17,142
216830,4.0,5.0,3.0,5.0,3.0,1.0,0.4,0.2,10.0,66,4408.126529915691,65,47,28,16,144
216830,4.0,5.0,3.0,5.0,3.0,1.0,0.4,0.2,10.0,67,4295.158162394614,64,44,26,16,137
216830,4.0,5.0,3.0,5.0,3.0,1.0,0.4,0.2,10.0,68,4108.947702993268,61,45,26,14,136
216830,4.0,5.0,3.0,5.0,3.0,1.0,0.4,0.2,10.0,69,3996.1846287415847,63,44,26,12,137
216830,4.0,5.0,3.0,5.0,3.0,1.0,0.4,0.2,10.0,70,3960.2307859269804,63,43,26,11,137
216830,4.0,5.0,3.0,5.0,3.0,1.0,0.4,0.2,10.0,71,4050.288482408725,64,42,25,9,136
216830,4.0,5.0,3.0,5.0,3.0,1.0,0.4,0.2,10.0,72,4027.860603010906,59,38,23,9,126
216830,4.0,5.0,3.0,5.0,3.0,1.0,0.4,0.2,10.0,73,3924.8257537636327,59,39,24,7,128
216830,4.0,5.0,3.0,5.0,3.0,1.0,0.4,0.2,10.0,74,3826.0321922045405,57,36,23,5,123
216830,4.0,5.0,3.0,5.0,3.0,1.0,0.4,0.2,10.0,75,3642.5402402556756,57,40,21,6,124
216830,4.0,5.0,3.0,5.0,3.0,1.0,0.4,0.2,10.0,76,3383.1753003195945,60,39,19,6,125
216830,4.0,5.0,3.0,5.0,3.0,1.0,0.4,0.2,10.0,77,3403.9691253994934,57,35,20,6,119
216830,4.0,5.0,3.0,5.0,3.0,1.0,0.4,0.2,10.0,78,3534.9614067493667,57,35,18,5,116
216830,4.0,5.0,3.0,5.0,3.0,1.0,0.4,0.2,10.0,79,3563.7017584367086,58,36,18,3,118
216830,4.0,5.0,3.0,5.0,3.0,1.0,0.4,0.2,10.0,80,3569.627198045886,58,36,16,2,114
216830,4.0,5.0,3.0,5.0,3.0,1.0,0.4,0.2,10.0,81,3472.033997557357,59,31,13,2,107
216830,4.0,5.0,3.0,5.0,3.0,1.0,0.4,0.2,10.0,82,3425.0424969466967,56,33,13,1,105
216830,4.0,5.0,3.0,5.0,3.0,1.0,0.4,0.2,10.0,83,3231.3031211833713,56,34,16,1,109
216830,4.0,5.0,3.0,5.0,3.0,1.0,0.4,0.2,10.0,84,3004.128901479214,55,35,14,1,107
216830,4.0,5.0,3.0,5.0,3.0,1.0,0.4,0.2,10.0,85,2810.161126849018,58,35,13,1,110
216830,4.0,5.0,3.0,5.0,3.0,1.0,0.4,0.2,10.0,86,2777.7014085612723,54,35,13,1,106
216830,4.0,5.0,3.0,5.0,3.0,1.0,0.4,0.2,10.0,87,2887.1267607015902,55,27,14,0,101
216830,4.0,5.0,3.0,5.0,3.0,1.0,0.4,0.2,10.0,88,2933.908450876988,52,28,13,0,98
216830,4.0,5.0,3.0,5.0,3.0,1.0,0.4,0.2,10.0,89,2962.385563596235,54,26,13,0,98
216830,4.0,5.0,3.0,5.0,3.0,1.0,0.4,0.2,10.0,90,2847.981954495294,53,26,11,0,95
216830,4.0,5.0,3.0,5.0,3.0,1.0,0.4,0.2,10.0,91,2734.977443119117,50,25,13,1,93
216830,4.0,5.0,3.0,5.0,3.0,1.0,0.4,0.2,10.0,92,2578.7218038988967,51,24,12,1,93
216830,4.0,5.0,3.0,5.0,3.0,1.0,0.4,0.2,10.0,93,2383.402254873621,47,24,13,1,90
216830,4.0,5.0,3.0,5.0,3.0,1.0,0.4,0.2,10.0,94,2319.2528185920264,49,23,14,1,92
216830,4.0,5.0,3.0,5.0,3.0,1.0,0.4,0.2,10.0,95,2359.0660232400332,49,18,14,1,87
216830,4.0,5.0,3.0,5.0,3.0,1.0,0.4,0.2,10.0,96,2408.8325290500416,49,14,13,1,80
216830,4.0,5.0,3.0,5.0,3.0,1.0,0.4,0.2,10.0,97,2456.040661312552,46,12,12,2,74
216830,4.0,5.0,3.0,5.0,3.0,1.0,0.4,0.2,10.0,98,2635.05082664069,42,11,12,2,68
216830,4.0,5.0,3.0,5.0,3.0,1.0,0.4,0.2,10.0,99,2753.8135333008627,42,11,14,2,70
216830,4.0,5.0,3.0,5.0,3.0,1.0,0.4,0.2,10.0,100,2677.2669166260785,46,11,13,2,73
216830,4.0,5.0,3.0,5.0,3.0,1.0,0.4,0.2,10.0,101,2596.583645782598,46,11,13,2,71
216830,4.0,5.0,3.0,5.0,3.0,1.0,0.4,0.2,10.0,102,2510.7295572282474,44,13,14,3,72
216830,4.0,5.0,3.0,5.0,3.0,1.0,0.4,0.2,10.0,103,2373.411946535309,46,10,12,2,69
216830,4.0,5.0,3.0,5.0,3.0,1.0,0.4,0.2,10.0,104,2201.7649331691364,45,10,12,3,67
216830,4.0,5.0,3.0,5.0,3.0,1.0,0.4,0.2,10.0,105,1957.2061664614203,43,14,8,3,65
216830,4.0,5.0,3.0,5.0,3.0,1.0,0.4,0.2,10.0,106,1711.507708076775,45,16,8,3,69
216830,4.0,5.0,3.0,5.0,3.0,1.0,0.4,0.2,10.0,107,1779.3846350959689,43,16,7,3,66
216830,4.0,5.0,3.0,5.0,3.0,1.0,0.4,0.2,10.0,108,1909.230793869961,45,16,6,2,67
216830,4.0,5.0,3.0,5.0,3.0,1.0,0.4,0.2,10.0,109,2116.5384923374513,42,16,5,2,63
216830,4.0,5.0,3.0,5.0,3.0,1.0,0.4,0.2,10.0,110,2345.673115421814,42,17,5,2,64
216830,4.0,5.0,3.0,5.0,3.0,1.0,0.4,0.2,10.0,111,2707.0913942772677,41,16,4,2,61
216830,4.0,5.0,3.0,5.0,3.0,1.0,0.4,0.2,10.0,112,2933.8642428465846,39,18,3,2,60
216830,4.0,5.0,3.0,5.0,3.0,1.0,0.4,0.2,10.0,113,3067.3303035582308,39,17,1,1,57
216830,4.0,5.0,3.0,5.0,3.0,1.0,0.4,0.2,10.0,114,3069.1628794477883,35,16,1,1,53
216830,4.0,5.0,3.0,5.0,3.0,1.0,0.4,0.2,10.0,115,3116.453599309735,36,15,0,1,52
216830,4.0,5.0,3.0,5.0,3.0,1.0,0.4,0.2,10.0,116,3205.5669991371688,39,15,0,0,55
216830,4.0,5.0,3.0,5.0,3.0,1.0,0.4,0.2,10.0,117,3361.958748921461,33,11,0,1,45
216830,4.0,5.0,3.0,5.0,3.0,1.0,0.4,0.2,10.0,118,3587.448436151826,37,10,1,1,49
216830,4.0,5.0,3.0,5.0,3.0,1.0,0.4,0.2,10.0,119,3809.3105451897827,37,9,1,1,49
216830,4.0,5.0,3.0,5.0,3.0,1.0,0.4,0.2,10.0,120,4026.6381814872284,44,9,1,2,56
216830,4.0,5.0,3.0,5.0,3.0,1.0,0.4,0.2,10.0,121,4223.297726859036,50,9,1,2,62
216830,4.0,5.0,3.0,5.0,3.0,1.0,0.4,0.2,10.0,122,4364.122158573795,51,11,2,2,67
216830,4.0,5.0,3.0,5.0,3.0,1.0,0.4,0.2,10.0,123,4420.152698217244,61,12,3,2,81
216830,4.0,5.0,3.0,5.0,3.0,1.0,0.4,0.2,10.0,124,4355.1908727715545,65,13,4,2,87
216830,4.0,5.0,3.0,5.0,3.0,1.0,0.4,0.2,10.0,125,4138.988590964444,75,14,4,3,99
216830,4.0,5.0,3.0,5.0,3.0,1.0,0.4,0.2,10.0,126,3718.7357387055545,88,12,4,4,110
216830,4.0,5.0,3.0,5.0,3.0,1.0,0.4,0.2,10.0,127,3118.4196733819426,92,15,8,4,121
216830,4.0,5.0,3.0,5.0,3.0,1.0,0.4,0.2,10.0,128,2938.0245917274283,96,17,9,3,128
216830,4.0,5.0,3.0,5.0,3.0,1.0,0.4,0.2,10.0,129,3087.5307396592852,93,16,10,3,125
216830,4.0,5.0,3.0,5.0,3.0,1.0,0.4,0.2,10.0,130,3424.4134245741066,92,17,10,3,125
216830,4.0,5.0,3.0,5.0,3.0,1.0,0.4,0.2,10.0,131,3665.516780717633,86,19,9,3,120
216830,4.0,5.0,3.0,5.0,3.0,1.0,0.4,0.2,10.0,132,3996.8959758970414,79,17,10,2,111
216830,4.0,5.0,3.0,5.0,3.0,1.0,0.4,0.2,10.0,133,4441.119969871302,78,16,10,2,109
216830,4.0,5.0,3.0,5.0,3.0,1.0,0.4,0.2,10.0,134,4621.399962339127,77,17,8,2,106
216830,4.0,5.0,3.0,5.0,3.0,1.0,0.4,0.2,10.0,135,4621.749952923909,72,18,8,2,101
216830,4.0,5.0,3.0,5.0,3.0,1.0,0.4,0.2,10.0,136,4472.187441154887,70,18,8,2,99
216830,4.0,5.0,3.0,5.0,3.0,1.0,0.4,0.2,10.0,137,4345.234301443608,61,18,8,1,87
216830,4.0,5.0,3.0,5.0,3.0,1.0,0.4,0.2,10.0,138,4261.54287680451,62,18,8,1,88
216830,4.0,5.0,3.0,5.0,3.0,1.0,0.4,0.2,10.0,139,4216.928596005638,53,21,9,1,83
216830,4.0,5.0,3.0,5.0,3.0,1.0,0.4,0.2,10.0,140,4146.160745007047,55,21,7,1,83
216830,4.0,5.0,3.0,5.0,3.0,1.0,0.4,0.2,10.0,141,3997.700931258809,59,26,7,3,92
216830,4.0,5.0,3.0,5.0,3.0,1.0,0.4,0.2,10.0,142,3692.126164073511,65,24,7,3,96
216830,4.0,5.0,3.0,5.0,3.0,1.0,0.4,0.2,10.0,143,3190.1577050918886,69,29,8,4,106
216830,4.0,5.0,3.0,5.0,3.0,1.0,0.4,0.2,10.0,144,2847.697131364861,73,30,10,5,113
216830,4.0,5.0,3.0,5.0,3.0,1.0,0.4,0.2,10.0,145,2839.621414206076,77,30,10,5,117
216830,4.0,5.0,3.0,5.0,3.0,1.0,0.4,0.2,10.0,146,3099.5267677575953,74,31,10,5,115
216830,4.0,5.0,3.0,5.0,3.0,1.0,0.4,0.2,10.0,147,3469.408459696994,70,30,10,5,111
216830,4.0,5.0,3.0,5.0,3.0,1.0,0.4,0.2,10.0,148,3916.760574621243,65,30,10,4,106
216830,4.0,5.0,3.0,5.0,3.0,1.0,0.4,0.2,10.0,149,4310.950718276554,61,26,9,4,97
216830,4.0,5.0,3.0,5.0,3.0,1.0,0.4,0.2,10.0,150,4428.688397845692,57,24,7,5,89
216830,4.0,5.0,3.0,5.0,3.0,1.0,0.4,0.2,10.0,151,4425.860497307114,59,20,7,6,87
216830,4.0,5.0,3.0,5.0,3.0,1.0,0.4,0.2,10.0,152,4347.325621633892,59,20,8,4,88
216830,4.0,5.0,3.0,5.0,3.0,1.0,0.4,0.2,10.0,153,4249.157027042365,55,20,6,4,83
216830,4.0,5.0,3.0,5.0,3.0,1.0,0.4,0.2,10.0,154,4156.446283802957,59,17,6,3,84
216830,4.0,5.0,3.0,5.0,3.0,1.0,0.4,0.2,10.0,155,4115.557854753696,58,13,5,3,78
216830,4.0,5.0,3.0,5.0,3.0,1.0,0.4,0.2,10.0,156,4064.4473184421204,54,16,7,3,79
216830,4.0,5.0,3.0,5.0,3.0,1.0,0.4,0.2,10.0,157,4000.559148052651,58,16,5,3,82
216830,4.0,5.0,3.0,5.0,3.0,1.0,0.4,0.2,10.0,158,3800.698935065813,62,19,5,4,88
216830,4.0,5.0,3.0,5.0,3.0,1.0,0.4,0.2,10.0,159,3445.873668832266,67,20,6,4,95
216830,4.0,5.0,3.0,5.0,3.0,1.0,0.4,0.2,10.0,160,2867.342086040333,80,22,7,6,112
216830,4.0,5.0,3.0,5.0,3.0,1.0,0.4,0.2,10.0,161,2744.1776075504163,82,25,7,5,117
216830,4.0,5.0,3.0,5.0,3.0,1.0,0.4,0.2,10.0,162,2830.2220094380205,89,24,7,5,123
216830,4.0,5.0,3.0,5.0,3.0,1.0,0.4,0.2,10.0,163,3177.7775117975257,82,24,6,5,115
216830,4.0,5.0,3.0,5.0,3.0,1.0,0.4,0.2,10.0,164,3537.221889746907,78,25,6,4,112
216830,4.0,5.0,3.0,5.0,3.0,1.0,0.4,0.2,10.0,165,3896.527362183634,72,26,6,4,107
216830,4.0,5.0,3.0,5.0,3.0,1.0,0.4,0.2,10.0,166,4450.659202729543,66,25,5,3,98
216830,4.0,5.0,3.0,5.0,3.0,1.0,0.4,0.2,10.0,167,4813.324003411928,62,25,3,3,92
216830,4.0,5.0,3.0,5.0,3.0,1.0,0.4,0.2,10.0,168,5146.6550042649105,53,24,2,4,81
216830,4.0,5.0,3.0,5.0,3.0,1.0,0.4,0.2,10.0,169,5263.318755331138,52,23,3,4,80
216830,4.0,5.0,3.0,5.0,3.0,1.0,0.4,0.2,10.0,170,5529.148444163922,48,21,2,4,72
216830,4.0,5.0,3.0,5.0,3.0,1.0,0.4,0.2,10.0,171,5921.435555204903,47,21,2,4,71
216830,4.0,5.0,3.0,5.0,3.0,1.0,0.4,0.2,10.0,172,6486.794444006128,44,23,2,2,69
216830,4.0,5.0,3.0,5.0,3.0,1.0,0.4,0.2,10.0,173,7208.493055007661,37,23,1,2,61
216830,4.0,5.0,3.0,5.0,3.0,1.0,0.4,0.2,10.0,174,8125.616318759576,39,28,2,2,69
216830,4.0,5.0,3.0,5.0,3.0,1.0,0.4,0.2,10.0,175,9040.0,39,31,2,3,72
216830,4.0,5.0,3.0,5.0,3.0,1.0,0.4,0.2,10.0,176,8905.0,42,35,3,3,80
216830,4.0,5.0,3.0,5.0,3.0,1.0,0.4,0.2,10.0,177,8800.0,49,41,5,3,95
216830,4.0,5.0,3.0,5.0,3.0,1.0,0.4,0.2,10.0,178,8605.0,54,39,6,4,99
216830,4.0,5.0,3.0,5.0,3.0,1.0,0.4,0.2,10.0,179,8485.0,56,50,8,4,114
216830,4.0,5.0,3.0,5.0,3.0,1.0,0.4,0.2,10.0,180,8320.0,67,55,12,3,134
216830,4.0,5.0,3.0,5.0,3.0,1.0,0.4,0.2,10.0,181,7975.0,73,60,12,4,145
216830,4.0,5.0,3.0,5.0,3.0,1.0,0.4,0.2,10.0,182,7838.75,85,72,12,4,169
216830,4.0,5.0,3.0,5.0,3.0,1.0,0.4,0.2,10.0,183,7443.4375,88,76,12,3,176
216830,4.0,5.0,3.0,5.0,3.0,1.0,0.4,0.2,10.0,184,6679.296875,97,85,16,4,198
216830,4.0,5.0,3.0,5.0,3.0,1.0,0.4,0.2,10.0,185,5649.12109375,113,96,17,4,226
216830,4.0,5.0,3.0,5.0,3.0,1.0,0.4,0.2,10.0,186,5441.4013671875,116,97,18,3,231
216830,4.0,5.0,3.0,5.0,3.0,1.0,0.4,0.2,10.0,187,5706.751708984375,117,97,18,4,232
216830,4.0,5.0,3.0,5.0,3.0,1.0,0.4,0.2,10.0,188,6128.439636230469,113,90,17,4,220
216830,4.0,5.0,3.0,5.0,3.0,1.0,0.4,0.2,10.0,189,6565.549545288086,107,93,17,3,217
216830,4.0,5.0,3.0,5.0,3.0,1.0,0.4,0.2,10.0,190,7066.936931610107,108,86,16,3,210
216830,4.0,5.0,3.0,5.0,3.0,1.0,0.4,0.2,10.0,191,7873.671164512634,102,80,16,4,198
216830,4.0,5.0,3.0,5.0,3.0,1.0,0.4,0.2,10.0,192,8177.088955640793,94,76,15,4,185
216830,4.0,5.0,3.0,5.0,3.0,1.0,0.4,0.2,10.0,193,7930.0,86,74,13,4,174
216830,4.0,5.0,3.0,5.0,3.0,1.0,0.4,0.2,10.0,194,7677.5,83,66,15,4,165
216830,4.0,5.0,3.0,5.0,3.0,1.0,0.4,0.2,10.0,195,7406.875,84,61,17,4,163
216830,4.0,5.0,3.0,5.0,3.0,1.0,0.4,0.2,10.0,196,7143.59375,78,57,17,4,153
216830,4.0,5.0,3.0,5.0,3.0,1.0,0.4,0.2,10.0,197,6934.4921875,72,61,14,5,148
216830,4.0,5.0,3.0,5.0,3.0,1.0,0.4,0.2,10.0,198,6613.115234375,73,61,16,5,152
216830,4.0,5.0,3.0,5.0,3.0,1.0,0.4,0.2,10.0,199,6136.39404296875,75,65,17,4,159
216830,4.0,5.0,3.0,5.0,3.0,1.0,0.4,0.2,10.0,200,5420.4925537109375,83,68,16,4,170
216830,4.0,5.0,3.0,5.0,3.0,1.0,0.4,0.2,10.0,201,4630.615692138672,93,74,19,5,189
216830,4.0,5.0,3.0,5.0,3.0,1.0,0.4,0.2,10.0,202,4678.26961517334,96,77,19,4,195
216830,4.0,5.0,3.0,5.0,3.0,1.0,0.4,0.2,10.0,203,5022.837018966675,96,79,19,3,197
216830,4.0,5.0,3.0,5.0,3.0,1.0,0.4,0.2,10.0,204,5558.5462737083435,96,78,19,3,196
216830,4.0,5.0,3.0,5.0,3.0,1.0,0.4,0.2,10.0,205,6198.182842135429,95,71,16,3,185
216830,4.0,5.0,3.0,5.0,3.0,1.0,0.4,0.2,10.0,206,6967.728552669287,87,67,15,3,171
216830,4.0,5.0,3.0,5.0,3.0,1.0,0.4,0.2,10.0,207,7074.660690836608,81,68,12,2,163
216830,4.0,5.0,3.0,5.0,3.0,1.0,0.4,0.2,10.0,208,6998.3258635457605,83,62,14,2,161
216830,4.0,5.0,3.0,5.0,3.0,1.0,0.4,0.2,10.0,209,6677.907329432201,80,52,14,2,148
216830,4.0,5.0,3.0,5.0,3.0,1.0,0.4,0.2,10.0,210,6427.384161790251,86,48,11,1,147
216830,4.0,5.0,3.0,5.0,3.0,1.0,0.4,0.2,10.0,211,6039.2302022378135,87,50,14,1,153
216830,4.0,5.0,3.0,5.0,3.0,1.0,0.4,0.2,10.0,212,5629.037752797267,82,44,14,0,140
216830,4.0,5.0,3.0,5.0,3.0,1.0,0.4,0.2,10.0,213,5146.297190996584,87,45,14,0,146
216830,4.0,5.0,3.0,5.0,3.0,1.0,0.4,0.2,10.0,214,4497.87148874573,91,44,12,1,147
216830,4.0,5.0,3.0,5.0,3.0,1.0,0.4,0.2,10.0,215,3897.339360932163,103,42,13,2,158
216830,4.0,5.0,3.0,5.0,3.0,1.0,0.4,0.2,10.0,216,3836.674201165204,109,41,13,2,163
216830,4.0,5.0,3.0,5.0,3.0,1.0,0.4,0.2,10.0,217,3910.8427514565046,110,41,14,2,165
216830,4.0,5.0,3.0,5.0,3.0,1.0,0.4,0.2,10.0,218,4033.553439320631,113,37,15,2,165
216830,4.0,5.0,3.0,5.0,3.0,1.0,0.4,0.2,10.0,219,4471.941799150789,107,36,14,2,157
216830,4.0,5.0,3.0,5.0,3.0,1.0,0.4,0.2,10.0,220,4944.927248938486,105,34,14,2,153
216830,4.0,5.0,3.0,5.0,3.0,1.0,0.4,0.2,10.0,221,5416.159061173107,102,31,11,2,144
216830,4.0,5.0,3.0,5.0,3.0,1.0,0.4,0.2,10.0,222,5660.198826466384,95,28,10,2,133
216830,4.0,5.0,3.0,5.0,3.0,1.0,0.4,0.2,10.0,223,5680.24853308298,88,27,8,2,123
216830,4.0,5.0,3.0,5.0,3.0,1.0,0.4,0.2,10.0,224,5690.3106663537255,82,23,6,2,111
216830,4.0,5.0,3.0,5.0,3.0,1.0,0.4,0.2,10.0,225,5762.888332942157,80,20,5,1,105
216830,4.0,5.0,3.0,5.0,3.0,1.0,0.4,0.2,10.0,226,5823.610416177697,73,23,4,1,100
216830,4.0,5.0,3.0,5.0,3.0,1.0,0.4,0.2,10.0,227,6079.513020222121,63,21,3,0,87
216830,4.0,5.0,3.0,5.0,3.0,1.0,0.4,0.2,10.0,228,6444.3912752776505,66,21,2,0,89
216830,4.0,5.0,3.0,5.0,3.0,1.0,0.4,0.2,10.0,229,6855.489094097064,66,24,1,0,91
216830,4.0,5.0,3.0,5.0,3.0,1.0,0.4,0.2,10.0,230,7294.36136762133,73,26,1,0,100
216830,4.0,5.0,3.0,5.0,3.0,1.0,0.4,0.2,10.0,231,7677.951709526662,82,30,1,0,113
216830,4.0,5.0,3.0,5.0,3.0,1.0,0.4,0.2,10.0,232,7962.439636908328,90,33,1,0,124
216830,4.0,5.0,3.0,5.0,3.0,1.0,0.4,0.2,10.0,233,8153.049546135409,102,39,1,1,142
216830,4.0,5.0,3.0,5.0,3.0,1.0,0.4,0.2,10.0,234,7900.0,115,45,1,1,161
216830,4.0,5.0,3.0,5.0,3.0,1.0,0.4,0.2,10.0,235,7535.0,132,49,1,1,182
216830,4.0,5.0,3.0,5.0,3.0,1.0,0.4,0.2,10.0,236,6868.75,139,55,5,1,199
216830,4.0,5.0,3.0,5.0,3.0,1.0,0.4,0.2,10.0,237,5735.9375,153,60,5,1,218
216830,4.0,5.0,3.0,5.0,3.0,1.0,0.4,0.2,10.0,238,5129.921875,166,61,5,1,232
216830,4.0,5.0,3.0,5.0,3.0,1.0,0.4,0.2,10.0,239,4942.40234375,170,62,5,1,237
216830,4.0,5.0,3.0,5.0,3.0,1.0,0.4,0.2,10.0,240,5233.0029296875,162,64,5,1,231
216830,4.0,5.0,3.0,5.0,3.0,1.0,0.4,0.2,10.0,241,5746.253662109375,156,61,5,1,222
216830,4.0,5.0,3.0,5.0,3.0,1.0,0.4,0.2,10.0,242,6042.817077636719,152,59,4,1,215
216830,4.0,5.0,3.0,5.0,3.0,1.0,0.4,0.2,10.0,243,6458.521347045898,142,56,4,1,202
216830,4.0,5.0,3.0,5.0,3.0,1.0,0.4,0.2,10.0,244,7173.151683807373,128,54,4,0,186
216830,4.0,5.0,3.0,5.0,3.0,1.0,0.4,0.2,10.0,245,7586.439604759216,128,52,4,0,184
216830,4.0,5.0,3.0,5.0,3.0,1.0,0.4,0.2,10.0,246,7743.04950594902,117,50,5,0,172
216830,4.0,5.0,3.0,5.0,3.0,1.0,0.4,0.2,10.0,247,7743.8118824362755,106,46,5,0,157
216830,4.0,5.0,3.0,5.0,3.0,1.0,0.4,0.2,10.0,248,7789.764853045344,95,43,3,0,141
216830,4.0,5.0,3.0,5.0,3.0,1.0,0.4,0.2,10.0,249,8027.20606630668,85,41,3,0,129
216830,4.0,5.0,3.0,5.0,3.0,1.0,0.4,0.2,10.0,250,8290.0,81,44,3,0,128
216830,4.0,5.0,3.0,5.0,3.0,1.0,0.4,0.2,10.0,251,8365.0,76,44,3,0,123
216830,4.0,5.0,3.0,5.0,3.0,1.0,0.4,0.2,10.0,252,8335.0,82,43,3,0,128
216830,4.0,5.0,3.0,5.0,3.0,1.0,0.4,0.2,10.0,253,8260.0,80,50,4,0,134
216830,4.0,5.0,3.0,5.0,3.0,1.0,0.4,0.2,10.0,254,8035.0,90,55,4,1,149
216830,4.0,5.0,3.0,5.0,3.0,1.0,0.4,0.2,10.0,255,7795.0,106,63,6,1,175
216830,4.0,5.0,3.0,5.0,3.0,1.0,0.4,0.2,10.0,256,7193.75,119,71,8,1,198
216830,4.0,5.0,3.0,5.0,3.0,1.0,0.4,0.2,10.0,257,6142.1875,132,75,9,2,216
216830,4.0,5.0,3.0,5.0,3.0,1.0,0.4,0.2,10.0,258,5427.734375,142,81,10,3,233
216830,4.0,5.0,3.0,5.0,3.0,1.0,0.4,0.2,10.0,259,5359.66796875,143,81,10,3,234
216830,4.0,5.0,3.0,5.0,3.0,1.0,0.4,0.2,10.0,260,5484.5849609375,151,78,10,3,239
216830,4.0,5.0,3.0,5.0,3.0,1.0,0.4,0.2,10.0,261,5820.731201171875,146,74,8,3,228
216830,4.0,5.0,3.0,5.0,3.0,1.0,0.4,0.2,10.0,262,6255.914001464844,140,69,8,3,217
216830,4.0,5.0,3.0,5.0,3.0,1.0,0.4,0.2,10.0,263,6769.892501831055,131,66,8,3,205
216830,4.0,5.0,3.0,5.0,3.0,1.0,0.4,0.2,10.0,264,7412.365627288818,126,60,8,3,194
216830,4.0,5.0,3.0,5.0,3.0,1.0,0.4,0.2,10.0,265,7855.457034111023,122,55,7,3,184
216830,4.0,5.0,3.0,5.0,3.0,1.0,0.4,0.2,10.0,266,8019.321292638779,116,47,6,3,169
216830,4.0,5.0,3.0,5.0,3.0,1.0,0.4,0.2,10.0,267,8020.0,110,42,4,2,156
216830,4.0,5.0,3.0,5.0,3.0,1.0,0.4,0.2,10.0,268,8140.0,101,33,2,2,136
216830,4.0,5.0,3.0,5.0,3.0,1.0,0.4,0.2,10.0,269,8245.0,96,31,3,2,130
216830,4.0,5.0,3.0,5.0,3.0,1.0,0.4,0.2,10.0,270,8320.0,95,31,2,1,128
216830,4.0,5.0,3.0,5.0,3.0,1.0,0.4,0.2,10.0,271,8335.0,95,28,2,0,125
216830,4.0,5.0,3.0,5.0,3.0,1.0,0.4,0.2,10.0,272,8275.0,106,28,2,0,136
216830,4.0,5.0,3.0,5.0,3.0,1.0,0.4,0.2,10.0,273,8140.0,113,24,1,0,138
216830,4.0,5.0,3.0,5.0,3.0,1.0,0.4,0.2,10.0,274,8050.0,123,27,3,0,153
216830,4.0,5.0,3.0,5.0,3.0,1.0,0.4,0.2,10.0,275,7750.0,141,31,3,0,175
216830,4.0,5.0,3.0,5.0,3.0,1.0,0.4,0.2,10.0,276,7092.5,163,34,4,0,201
216830,4.0,5.0,3.0,5.0,3.0,1.0,0.4,0.2,10.0,277,6015.625,180,40,7,0,227
216830,4.0,5.0,3.0,5.0,3.0,1.0,0.4,0.2,10.0,278,5434.53125,189,40,7,0,236
216830,4.0,5.0,3.0,5.0,3.0,1.0,0.4,0.2,10.0,279,5398.1640625,189,40,8,0,237
216830,4.0,5.0,3.0,5.0,3.0,1.0,0.4,0.2,10.0,280,5817.705078125,187,38,7,0,232
216830,4.0,5.0,3.0,5.0,3.0,1.0,0.4,0.2,10.0,281,6432.13134765625,182,38,7,0,227
216830,4.0,5.0,3.0,5.0,3.0,1.0,0.4,0.2,10.0,282,7050.1641845703125,169,33,7,0,209
216830,4.0,5.0,3.0,5.0,3.0,1.0,0.4,0.2,10.0,283,7747.705230712891,161,32,7,0,200
216830,4.0,5.0,3.0,5.0,3.0,1.0,0.4,0.2,10.0,284,8154.631538391113,155,33,7,0,195
216830,4.0,5.0,3.0,5.0,3.0,1.0,0.4,0.2,10.0,285,8065.0,149,32,7,0,188
216830,4.0,5.0,3.0,5.0,3.0,1.0,0.4,0.2,10.0,286,7735.0,144,29,6,0,179
216830,4.0,5.0,3.0,5.0,3.0,1.0,0.4,0.2,10.0,287,7493.75,129,28,6,0,163
216830,4.0,5.0,3.0,5.0,3.0,1.0,0.4,0.2,10.0,288,7342.1875,120,26,4,0,150
216830,4.0,5.0,3.0,5.0,3.0,1.0,0.4,0.2,10.0,289,7182.734375,125,23,4,0,152
216830,4.0,5.0,3.0,5.0,3.0,1.0,0.4,0.2,10.0,290,6968.41796875,126,23,4,0,154
216830,4.0,5.0,3.0,5.0,3.0,1.0,0.4,0.2,10.0,291,6685.5224609375,129,23,4,0,157
216830,4.0,5.0,3.0,5.0,3.0,1.0,0.4,0.2,10.0,292,6181.903076171875,131,29,3,0,164
216830,4.0,5.0,3.0,5.0,3.0,1.0,0.4,0.2,10.0,293,5357.378845214844,148,29,3,1,182
216830,4.0,5.0,3.0,5.0,3.0,1.0,0.4,0.2,10.0,294,4701.723556518555,169,31,3,1,205
216830,4.0,5.0,3.0,5.0,3.0,1.0,0.4,0.2,10.0,295,4422.154445648193,173,31,3,1,209
216830,4.0,5.0,3.0,5.0,3.0,1.0,0.4,0.2,10.0,296,4507.693057060242,180,31,3,1,216
216830,4.0,5.0,3.0,5.0,3.0,1.0,0.4,0.2,10.0,297,4734.616321325302,164,31,3,1,200
216830,4.0,5.0,3.0,5.0,3.0,1.0,0.4,0.2,10.0,298,5093.270401656628,164,29,2,1,197
216830,4.0,5.0,3.0,5.0,3.0,1.0,0.4,0.2,10.0,299,5526.588002070785,155,27,1,1,185
216830,4.0,5.0,3.0,5.0,3.0,1.0,0.4,0.2,10.0,300,6053.235002588481,140,25,1,1,168
216830,4.0,5.0,3.0,5.0,3.0,1.0,0.4,0.2,10.0,301,6756.543753235601,130,26,1,1,158
216830,4.0,5.0,3.0,5.0,3.0,1.0,0.4,0.2,10.0,302,7005.679691544501,119,23,1,1,144
216830,4.0,5.0,3.0,5.0,3.0,1.0,0.4,0.2,10.0,303,7227.099614430626,111,24,0,1,136
216830,4.0,5.0,3.0,5.0,3.0,1.0,0.4,0.2,10.0,304,7323.874518038283,105,20,0,1,126
216830,4.0,5.0,3.0,5.0,3.0,1.0,0.4,0.2,10.0,305,7504.843147547854,101,17,0,1,119
216830,4.0,5.0,3.0,5.0,3.0,1.0,0.4,0.2,10.0,306,7881.053934434818,96,16,0,0,113
216830,4.0,5.0,3.0,5.0,3.0,1.0,0.4,0.2,10.0,307,8351.317418043524,91,19,0,0,111
216830,4.0,5.0,3.0,5.0,3.0,1.0,0.4,0.2,10.0,308,8575.0,90,19,0,0,110
216830,4.0,5.0,3.0,5.0,3.0,1.0,0.4,0.2,10.0,309,8470.0,97,20,0,0,118
216830,4.0,5.0,3.0,5.0,3.0,1.0,0.4,0.2,10.0,310,8335.0,104,23,0,0,128
216830,4.0,5.0,3.0,5.0,3.0,1.0,0.4,0.2,10.0,311,8140.0,118,29,0,0,148
216830,4.0,5.0,3.0,5.0,3.0,1.0,0.4,0.2,10.0,312,7870.0,130,31,0,0,162
216830,4.0,5.0,3.0,5.0,3.0,1.0,0.4,0.2,10.0,313,7512.5,151,33,0,0,185
216830,4.0,5.0,3.0,5.0,3.0,1.0,0.4,0.2,10.0,314,6750.625,165,37,0,0,203
216830,4.0,5.0,3.0,5.0,3.0,1.0,0.4,0.2,10.0,315,5648.28125,181,45,1,0,228
216830,4.0,5.0,3.0,5.0,3.0,1.0,0.4,0.2,10.0,316,5410.3515625,186,45,1,0,232
216830,4.0,5.0,3.0,5.0,3.0,1.0,0.4,0.2,10.0,317,5877.939453125,181,44,1,0,226
216830,4.0,5.0,3.0,5.0,3.0,1.0,0.4,0.2,10.0,318,6492.42431640625,185,44,1,0,230
216830,4.0,5.0,3.0,5.0,3.0,1.0,0.4,0.2,10.0,319,7005.5303955078125,175,39,1,0,215
216830,4.0,5.0,3.0,5.0,3.0,1.0,0.4,0.2,10.0,320,7691.912994384766,169,37,1,0,207
216830,4.0,5.0,3.0,5.0,3.0,1.0,0.4,0.2,10.0,321,8294.891242980957,167,33,1,0,201
216830,4.0,5.0,3.0,5.0,3.0,1.0,0.4,0.2,10.0,322,8110.0,157,30,2,0,189
216830,4.0,5.0,3.0,5.0,3.0,1.0,0.4,0.2,10.0,323,7750.0,160,29,2,0,191
216830,4.0,5.0,3.0,5.0,3.0,1.0,0.4,0.2,10.0,324,7272.5,153,26,2,0,181
216830,4.0,5.0,3.0,5.0,3.0,1.0,0.4,0.2,10.0,325,6750.625,151,25,3,0,179
216830,4.0,5.0,3.0,5.0,3.0,1.0,0.4,0.2,10.0,326,6158.28125,147,19,4,0,170
216830,4.0,5.0,3.0,5.0,3.0,1.0,0.4,0.2,10.0,327,5462.8515625,147,20,3,0,170
216830,4.0,5.0,3.0,5.0,3.0,1.0,0.4,0.2,10.0,328,4578.564453125,157,19,3,1,179
216830,4.0,5.0,3.0,5.0,3.0,1.0,0.4,0.2,10.0,329,4193.20556640625,154,19,3,1,176
216830,4.0,5.0,3.0,5.0,3.0,1.0,0.4,0.2,10.0,330,4311.5069580078125,153,19,3,1,175
216830,4.0,5.0,3.0,5.0,3.0,1.0,0.4,0.2,10.0,331,4729.383697509766,152,19,4,1,175
216830,4.0,5.0,3.0,5.0,3.0,1.0,0.4,0.2,10.0,332,5221.729621887207,151,20,4,1,175
216830,4.0,5.0,3.0,5.0,3.0,1.0,0.4,0.2,10.0,333,5657.162027359009,148,20,4,1,172
216830,4.0,5.0,3.0,5.0,3.0,1.0,0.4,0.2,10.0,334,6171.452534198761,138,19,4,1,161
216830,4.0,5.0,3.0,5.0,3.0,1.0,0.4,0.2,10.0,335,6484.315667748451,133,15,4,1,152
216830,4.0,5.0,3.0,5.0,3.0,1.0,0.4,0.2,10.0,336,6440.394584685564,133,15,4,1,153
216830,4.0,5.0,3.0,5.0,3.0,1.0,0.4,0.2,10.0,337,6190.493230856955,128,13,4,1,146
216830,4.0,5.0,3.0,5.0,3.0,1.0,0.4,0.2,10.0,338,5773.116538571194,124,11,4,1,140
216830,4.0,5.0,3.0,5.0,3.0,1.0,0.4,0.2,10.0,339,5521.395673213992,114,10,4,2,129
216830,4.0,5.0,3.0,5.0,3.0,1.0,0.4,0.2,10.0,340,5311.74459151749,104,8,5,1,118
216830,4.0,5.0,3.0,5.0,3.0,1.0,0.4,0.2,10.0,341,5019.680739396863,108,8,5,1,122
216830,4.0,5.0,3.0,5.0,3.0,1.0,0.4,0.2,10.0,342,4534.600924246079,120,8,7,2,137
216830,4.0,5.0,3.0,5.0,3.0,1.0,0.4,0.2,10.0,343,3793.2511553075983,124,9,6,2,141
216830,4.0,5.0,3.0,5.0,3.0,1.0,0.4,0.2,10.0,344,3346.5639441344974,137,10,7,2,156
216830,4.0,5.0,3.0,5.0,3.0,1.0,0.4,0.2,10.0,345,3268.204930168122,140,10,7,2,160
216830,4.0,5.0,3.0,5.0,3.0,1.0,0.4,0.2,10.0,346,3455.2561627101522,143,10,7,2,163
216830,4.0,5.0,3.0,5.0,3.0,1.0,0.4,0.2,10.0,347,3719.0702033876905,137,10,6,2,156
216830,4.0,5.0,3.0,5.0,3.0,1.0,0.4,0.2,10.0,348,3868.8377542346134,131,11,6,2,150
216830,4.0,5.0,3.0,5.0,3.0,1.0,0.4,0.2,10.0,349,4131.047192793267,124,11,5,2,142
216830,4.0,5.0,3.0,5.0,3.0,1.0,0.4,0.2,10.0,350,4338.808990991583,113,10,4,2,129
216830,4.0,5.0,3.0,5.0,3.0,1.0,0.4,0.2,10.0,351,4763.511238739479,100,12,4,2,118
216830,4.0,5.0,3.0,5.0,3.0,1.0,0.4,0.2,10.0,352,4814.389048424349,95,10,4,2,111
216830,4.0,5.0,3.0,5.0,3.0,1.0,0.4,0.2,10.0,353,4907.986310530437,85,8,3,1,98
216830,4.0,5.0,3.0,5.0,3.0,1.0,0.4,0.2,10.0,354,4949.982888163046,84,7,2,0,94
216830,4.0,5.0,3.0,5.0,3.0,1.0,0.4,0.2,10.0,355,5032.478610203807,77,7,1,0,86
216830,4.0,5.0,3.0,5.0,3.0,1.0,0.4,0.2,10.0,356,5150.598262754758,74,8,1,0,84
216830,4.0,5.0,3.0,5.0,3.0,1.0,0.4,0.2,10.0,357,5313.247828443447,79,8,0,0,87
216830,4.0,5.0,3.0,5.0,3.0,1.0,0.4,0.2,10.0,358,5486.559785554309,80,8,0,0,88
216830,4.0,5.0,3.0,5.0,3.0,1.0,0.4,0.2,10.0,359,5643.1997319428865,84,11,0,0,95
216830,4.0,5.0,3.0,5.0,3.0,1.0,0.4,0.2,10.0,360,5688.999664928608,94,11,0,0,105
216830,4.0,5.0,3.0,5.0,3.0,1.0,0.4,0.2,10.0,361,5641.24958116076,102,12,0,0,114
216830,4.0,5.0,3.0,5.0,3.0,1.0,0.4,0.2,10.0,362,5401.561976450949,114,14,0,0,128
216830,4.0,5.0,3.0,5.0,3.0,1.0,0.4,0.2,10.0,363,4876.952470563687,134,15,0,0,149
216830,4.0,5.0,3.0,5.0,3.0,1.0,0.4,0.2,10.0,364,4071.1905882046085,144,18,0,0,162
216830,4.0,5.0,3.0,5.0,3.0,1.0,0.4,0.2,10.0,365,3783.9882352557606,149,18,0,0,167
216830,4.0,5.0,3.0,5.0,3.0,1.0,0.4,0.2,10.0,366,3829.985294069701,148,20,0,0,168
216830,4.0,5.0,3.0,5.0,3.0,1.0,0.4,0.2,10.0,367,4322.4816175871265,146,19,0,0,165
216830,4.0,5.0,3.0,5.0,3.0,1.0,0.4,0.2,10.0,368,4698.102021983908,141,19,0,0,160
216830,4.0,5.0,3.0,5.0,3.0,1.0,0.4,0.2,10.0,369,4972.627527479885,134,17,0,0,151
216830,4.0,5.0,3.0,5.0,3.0,1.0,0.4,0.2,10.0,370,5465.784409349857,131,15,0,0,146
216830,4.0,5.0,3.0,5.0,3.0,1.0,0.4,0.2,10.0,371,5752.230511687321,120,15,0,0,135
216830,4.0,5.0,3.0,5.0,3.0,1.0,0.4,0.2,10.0,372,5765.288139609152,119,14,0,0,133
216830,4.0,5.0,3.0,5.0,3.0,1.0,0.4,0.2,10.0,373,5526.610174511439,119,15,0,0,134
216830,4.0,5.0,3.0,5.0,3.0,1.0,0.4,0.2,10.0,374,5228.262718139299,115,11,0,0,126
216830,4.0,5.0,3.0,5.0,3.0,1.0,0.4,0.2,10.0,375,4990.328397674124,106,8,0,0,114
216830,4.0,5.0,3.0,5.0,3.0,1.0,0.4,0.2,10.0,376,4812.910497092655,94,10,0,0,104
216830,4.0,5.0,3.0,5.0,3.0,1.0,0.4,0.2,10.0,377,4606.138121365819,98,12,0,0,110
216830,4.0,5.0,3.0,5.0,3.0,1.0,0.4,0.2,10.0,378,4272.672651707273,106,10,0,0,116
216830,4.0,5.0,3.0,5.0,3.0,1.0,0.4,0.2,10.0,379,3720.8408146340917,111,13,0,0,124
216830,4.0,5.0,3.0,5.0,3.0,1.0,0.4,0.2,10.0,380,3241.0510182926146,124,14,0,0,138
216830,4.0,5.0,3.0,5.0,3.0,1.0,0.4,0.2,10.0,381,3211.3137728657684,126,15,0,0,141
216830,4.0,5.0,3.0,5.0,3.0,1.0,0.4,0.2,10.0,382,3579.1422160822103,126,14,0,0,140
216830,4.0,5.0,3.0,5.0,3.0,1.0,0.4,0.2,10.0,383,3858.927770102763,126,14,0,0,140
216830,4.0,5.0,3.0,5.0,3.0,1.0,0.4,0.2,10.0,384,4178.659712628454,120,12,0,0,132
216830,4.0,5.0,3.0,5.0,3.0,1.0,0.4,0.2,10.0,385,4653.324640785568,109,11,0,0,120
216830,4.0,5.0,3.0,5.0,3.0,1.0,0.4,0.2,10.0,386,4916.65580098196,106,11,0,0,117
216830,4.0,5.0,3.0,5.0,3.0,1.0,0.4,0.2,10.0,387,5005.81975122745,102,10,0,0,112
216830,4.0,5.0,3.0,5.0,3.0,1.0,0.4,0.2,10.0,388,4937.274689034312,96,7,0,0,103
216830,4.0,5.0,3.0,5.0,3.0,1.0,0.4,0.2,10.0,389,4911.59336129289,86,8,0,0,94
216830,4.0,5.0,3.0,5.0,3.0,1.0,0.4,0.2,10.0,390,4909.491701616113,88,6,0,0,94
216830,4.0,5.0,3.0,5.0,3.0,1.0,0.4,0.2,10.0,391,4936.864627020141,82,5,0,0,87
216830,4.0,5.0,3.0,5.0,3.0,1.0,0.4,0.2,10.0,392,5001.080783775176,84,4,0,0,88
216830,4.0,5.0,3.0,5.0,3.0,1.0,0.4,0.2,10.0,393,5096.350979718971,86,4,0,0,90
216830,4.0,5.0,3.0,5.0,3.0,1.0,0.4,0.2,10.0,394,5170.438724648713,87,6,0,0,93
216830,4.0,5.0,3.0,5.0,3.0,1.0,0.4,0.2,10.0,395,5143.048405810891,95,6,0,0,101
216830,4.0,5.0,3.0,5.0,3.0,1.0,0.4,0.2,10.0,396,4958.810507263614,110,6,0,0,116
216830,4.0,5.0,3.0,5.0,3.0,1.0,0.4,0.2,10.0,397,4488.513134079518,126,7,0,0,133
216830,4.0,5.0,3.0,5.0,3.0,1.0,0.4,0.2,10.0,398,3720.6414175993978,140,7,0,0,147
216830,4.0,5.0,3.0,5.0,3.0,1.0,0.4,0.2,10.0,399,3210.8017719992476,151,8,0,0,159
216830,4.0,5.0,3.0,5.0,3.0,1.0,0.4,0.2,10.0,400,3008.5022149990596,154,7,0,0,161
216830,4.0,5.0,3.0,5.0,3.0,1.0,0.4,0.2,10.0,401,3160.6277687488246,155,7,0,0,162
216830,4.0,5.0,3.0,5.0,3.0,1.0,0.4,0.2,10.0,402,3170.784710936031,148,7,0,0,155
216830,4.0,5.0,3.0,5.0,3.0,1.0,0.4,0.2,10.0,403,3078.4808886700384,140,7,0,0,147
216830,4.0,5.0,3.0,5.0,3.0,1.0,0.4,0.2,10.0,404,3173.101110837548,133,5,0,0,138
216830,4.0,5.0,3.0,5.0,3.0,1.0,0.4,0.2,10.0,405,3336.376388546935,131,3,0,0,134
216830,4.0,5.0,3.0,5.0,3.0,1.0,0.4,0.2,10.0,406,3405.470485683669,117,3,0,0,120
216830,4.0,5.0,3.0,5.0,3.0,1.0,0.4,0.2,10.0,407,3506.838107104586,105,3,0,0,108
216830,4.0,5.0,3.0,5.0,3.0,1.0,0.4,0.2,10.0,408,3678.547633880733,94,3,0,0,97
216830,4.0,5.0,3.0,5.0,3.0,1.0,0.4,0.2,10.0,409,3848.1845423509167,79,6,0,0,85
216830,4.0,5.0,3.0,5.0,3.0,1.0,0.4,0.2,10.0,410,3880.2306779386454,71,5,0,0,76
216830,4.0,5.0,3.0,5.0,3.0,1.0,0.4,0.2,10.0,411,3995.2883474233067,60,3,0,0,63
216830,4.0,5.0,3.0,5.0,3.0,1.0,0.4,0.2,10.0,412,4184.110434279133,59,3,0,0,62
216830,4.0,5.0,3.0,5.0,3.0,1.0,0.4,0.2,10.0,413,4420.1380428489165,60,3,0,0,63
216830,4.0,5.0,3.0,5.0,3.0,1.0,0.4,0.2,10.0,414,4685.172553561146,59,4,0,0,63
216830,4.0,5.0,3.0,5.0,3.0,1.0,0.4,0.2,10.0,415,5016.465691951433,59,4,0,0,63
216830,4.0,5.0,3.0,5.0,3.0,1.0,0.4,0.2,10.0,416,5355.5821149392905,67,6,0,0,73
216830,4.0,5.0,3.0,5.0,3.0,1.0,0.4,0.2,10.0,417,5659.477643674113,72,8,0,0,80
216830,4.0,5.0,3.0,5.0,3.0,1.0,0.4,0.2,10.0,418,5964.347054592641,76,9,0,0,85
216830,4.0,5.0,3.0,5.0,3.0,1.0,0.4,0.2,10.0,419,6210.433818240801,89,11,0,0,100
216830,4.0,5.0,3.0,5.0,3.0,1.0,0.4,0.2,10.0,420,6338.042272801002,96,11,0,0,107
216830,4.0,5.0,3.0,5.0,3.0,1.0,0.4,0.2,10.0,421,6377.552841001252,109,14,0,0,123
216830,4.0,5.0,3.0,5.0,3.0,1.0,0.4,0.2,10.0,422,6201.941051251565,124,14,0,0,138
216830,4.0,5.0,3.0,5.0,3.0,1.0,0.4,0.2,10.0,423,5772.426314064456,134,17,0,0,151
216830,4.0,5.0,3.0,5.0,3.0,1.0,0.4,0.2,10.0,424,5085.53289258057,152,18,0,0,170
216830,4.0,5.0,3.0,5.0,3.0,1.0,0.4,0.2,10.0,425,4361.916115725712,165,19,0,0,184
216830,4.0,5.0,3.0,5.0,3.0,1.0,0.4,0.2,10.0,426,4282.39514465714,167,19,0,0,186
216830,4.0,5.0,3.0,5.0,3.0,1.0,0.4,0.2,10.0,427,4632.993930821425,164,17,0,0,181
216830,4.0,5.0,3.0,5.0,3.0,1.0,0.4,0.2,10.0,428,5071.242413526781,159,18,0,0,177
216830,4.0,5.0,3.0,5.0,3.0,1.0,0.4,0.2,10.0,429,5724.053016908476,152,18,0,0,170
216830,4.0,5.0,3.0,5.0,3.0,1.0,0.4,0.2,10.0,430,6345.066271135594,145,15,0,0,160
216830,4.0,5.0,3.0,5.0,3.0,1.0,0.4,0.2,10.0,431,6641.332838919493,138,14,0,0,152
216830,4.0,5.0,3.0,5.0,3.0,1.0,0.4,0.2,10.0,432,6726.666048649366,136,11,0,0,147
216830,4.0,5.0,3.0,5.0,3.0,1.0,0.4,0.2,10.0,433,6443.332560811707,138,10,0,0,148
216830,4.0,5.0,3.0,5.0,3.0,1.0,0.4,0.2,10.0,434,6149.165701014634,126,10,0,0,136
216830,4.0,5.0,3.0,5.0,3.0,1.0,0.4,0.2,10.0,435,5961.457126268292,123,9,0,0,132
216830,4.0,5.0,3.0,5.0,3.0,1.0,0.4,0.2,10.0,436,5711.821407835365,121,8,0,0,129
216830,4.0,5.0,3.0,5.0,3.0,1.0,0.4,0.2,10.0,437,5459.776759794206,118,11,0,0,129
216830,4.0,5.0,3.0,5.0,3.0,1.0,0.4,0.2,10.0,438,5069.7209497427575,128,11,0,0,139
216830,4.0,5.0,3.0,5.0,3.0,1.0,0.4,0.2,10.0,439,4417.151187178447,135,11,0,0,146
216830,4.0,5.0,3.0,5.0,3.0,1.0,0.4,0.2,10.0,440,3826.4389839730584,144,12,0,0,156
216830,4.0,5.0,3.0,5.0,3.0,1.0,0.4,0.2,10.0,441,3763.0487299663228,142,14,0,0,156
216830,4.0,5.0,3.0,5.0,3.0,1.0,0.4,0.2,10.0,442,3893.810912457903,150,13,0,0,163
216830,4.0,5.0,3.0,5.0,3.0,1.0,0.4,0.2,10.0,443,4237.263640572379,146,13,0,0,159
216830,4.0,5.0,3.0,5.0,3.0,1.0,0.4,0.2,10.0,444,4621.5795507154735,139,11,0,0,150
216830,4.0,5.0,3.0,5.0,3.0,1.0,0.4,0.2,10.0,445,5056.974438394342,135,11,0,0,146
216830,4.0,5.0,3.0,5.0,3.0,1.0,0.4,0.2,10.0,446,5571.218047992927,127,10,0,0,137
216830,4.0,5.0,3.0,5.0,3.0,1.0,0.4,0.2,10.0,447,5689.022559991158,119,9,0,0,128
216830,4.0,5.0,3.0,5.0,3.0,1.0,0.4,0.2,10.0,448,5776.278199988948,108,8,1,0,117
216830,4.0,5.0,3.0,5.0,3.0,1.0,0.4,0.2,10.0,449,5795.347749986185,109,6,1,0,116
216830,4.0,5.0,3.0,5.0,3.0,1.0,0.4,0.2,10.0,450,5729.184687482731,104,7,1,0,112
216830,4.0,5.0,3.0,5.0,3.0,1.0,0.4,0.2,10.0,451,5766.4808593534135,100,4,1,0,105
216830,4.0,5.0,3.0,5.0,3.0,1.0,0.4,0.2,10.0,452,5798.101074191767,102,3,2,0,107
216830,4.0,5.0,3.0,5.0,3.0,1.0,0.4,0.2,10.0,453,5852.626342739709,101,3,2,0,106
216830,4.0,5.0,3.0,5.0,3.0,1.0,0.4,0.2,10.0,454,5860.782928424636,108,3,2,0,113
216830,4.0,5.0,3.0,5.0,3.0,1.0,0.4,0.2,10.0,455,5705.978660530795,121,3,3,0,127
216830,4.0,5.0,3.0,5.0,3.0,1.0,0.4,0.2,10.0,456,5302.4733256634945,135,3,3,0,141
216830,4.0,5.0,3.0,5.0,3.0,1.0,0.4,0.2,10.0,457,4573.091657079368,153,4,4,0,161
216830,4.0,5.0,3.0,5.0,3.0,1.0,0.4,0.2,10.0,458,3976.3645713492097,161,6,4,0,171
216830,4.0,5.0,3.0,5.0,3.0,1.0,0.4,0.2,10.0,459,3935.4557141865116,168,7,4,0,179
216830,4.0,5.0,3.0,5.0,3.0,1.0,0.4,0.2,10.0,460,4229.3196427331395,166,7,3,0,176
216830,4.0,5.0,3.0,5.0,3.0,1.0,0.4,0.2,10.0,461,4596.649553416424,161,7,3,0,171
216830,4.0,5.0,3.0,5.0,3.0,1.0,0.4,0.2,10.0,462,4905.81194177053,151,6,3,0,160
216830,4.0,5.0,3.0,5.0,3.0,1.0,0.4,0.2,10.0,463,5352.264927213163,142,6,3,0,151
216830,4.0,5.0,3.0,5.0,3.0,1.0,0.4,0.2,10.0,464,5940.331159016454,131,5,2,0,138
216830,4.0,5.0,3.0,5.0,3.0,1.0,0.4,0.2,10.0,465,6270.413948770567,122,5,2,0,129
216830,4.0,5.0,3.0,5.0,3.0,1.0,0.4,0.2,10.0,466,6473.017435963209,116,5,2,0,123
216830,4.0,5.0,3.0,5.0,3.0,1.0,0.4,0.2,10.0,467,6591.271794954011,108,4,1,0,113
216830,4.0,5.0,3.0,5.0,3.0,1.0,0.4,0.2,10.0,468,6799.089743692513,98,5,1,1,104
216830,4.0,5.0,3.0,5.0,3.0,1.0,0.4,0.2,10.0,469,7208.862179615642,91,4,0,1,95
216830,4.0,5.0,3.0,5.0,3.0,1.0,0.4,0.2,10.0,470,7811.077724519553,88,3,0,1,91
216830,4.0,5.0,3.0,5.0,3.0,1.0,0.4,0.2,10.0,471,8533.84715564944,92,2,1,1,95
216830,4.0,5.0,3.0,5.0,3.0,1.0,0.4,0.2,10.0,472,8710.0,92,2,1,1,95
216830,4.0,5.0,3.0,5.0,3.0,1.0,0.4,0.2,10.0,473,8680.0,100,2,1,1,103
216830,4.0,5.0,3.0,5.0,3.0,1.0,0.4,0.2,10.0,474,8530.0,109,2,1,1,113
216830,4.0,5.0,3.0,5.0,3.0,1.0,0.4,0.2,10.0,475,8320.0,124,2,1,1,128
216830,4.0,5.0,3.0,5.0,3.0,1.0,0.4,0.2,10.0,476,8140.0,141,5,2,1,149
216830,4.0,5.0,3.0,5.0,3.0,1.0,0.4,0.2,10.0,477,7855.0,151,6,3,1,161
216830,4.0,5.0,3.0,5.0,3.0,1.0,0.4,0.2,10.0,478,7493.75,170,6,4,1,181
216830,4.0,5.0,3.0,5.0,3.0,1.0,0.4,0.2,10.0,479,6802.1875,189,7,4,1,202
216830,4.0,5.0,3.0,5.0,3.0,1.0,0.4,0.2,10.0,480,5682.734375,206,10,4,1,222
216830,4.0,5.0,3.0,5.0,3.0,1.0,0.4,0.2,10.0,481,5318.41796875,219,10,4,1,235
216830,4.0,5.0,3.0,5.0,3.0,1.0,0.4,0.2,10.0,482,5478.0224609375,217,10,3,1,232
216830,4.0,5.0,3.0,5.0,3.0,1.0,0.4,0.2,10.0,483,6037.528076171875,211,10,4,1,227
216830,4.0,5.0,3.0,5.0,3.0,1.0,0.4,0.2,10.0,484,6496.910095214844,205,11,4,1,222
216830,4.0,5.0,3.0,5.0,3.0,1.0,0.4,0.2,10.0,485,6921.137619018555,191,11,4,1,208
216830,4.0,5.0,3.0,5.0,3.0,1.0,0.4,0.2,10.0,486,7541.422023773193,184,12,4,1,202
216830,4.0,5.0,3.0,5.0,3.0,1.0,0.4,0.2,10.0,487,7956.777529716492,173,11,4,1,189
216830,4.0,5.0,3.0,5.0,3.0,1.0,0.4,0.2,10.0,488,8055.971912145615,167,10,4,2,182
216830,4.0,5.0,3.0,5.0,3.0,1.0,0.4,0.2,10.0,489,7810.0,160,12,2,2,175
216830,4.0,5.0,3.0,5.0,3.0,1.0,0.4,0.2,10.0,490,7587.5,144,14,1,1,159
216830,4.0,5.0,3.0,5.0,3.0,1.0,0.4,0.2,10.0,491,7489.375,131,15,1,1,147
216830,4.0,5.0,3.0,5.0,3.0,1.0,0.4,0.2,10.0,492,7411.71875,130,17,2,1,149
216830,4.0,5.0,3.0,5.0,3.0,1.0,0.4,0.2,10.0,493,7344.6484375,126,16,3,1,145
216830,4.0,5.0,3.0,5.0,3.0,1.0,0.4,0.2,10.0,494,7200.810546875,133,16,4,1,153
216830,4.0,5.0,3.0,5.0,3.0,1.0,0.4,0.2,10.0,495,6856.01318359375,138,19,5,1,162
216830,4.0,5.0,3.0,5.0,3.0,1.0,0.4,0.2,10.0,496,6230.0164794921875,158,19,5,1,182
216830,4.0,5.0,3.0,5.0,3.0,1.0,0.4,0.2,10.0,497,5267.520599365234,180,20,5,1,205
216830,4.0,5.0,3.0,5.0,3.0,1.0,0.4,0.2,10.0,498,4784.400749206543,194,22,5,1,221
216830,4.0,5.0,3.0,5.0,3.0,1.0,0.4,0.2,10.0,499,4705.500936508179,200,24,5,0,229