Exp Num,agent:svo_convergence_factor,agent:params:metabolism,agent:params:consumption_factor,agent:params:procreate_cost_factor,agent:params:procreate_req_factor,agent:params:start_energy_factor,agent:params:caught_chance,agent:params:caught_cooldown_factor,agent:params:maximum_age,Epoch,Resource,A,B,C,D,E
235618,4.0,10.0,2.0,9.0,2.0,1.0,0.5,0.4,40.0,0,3000.0,14,27,11,23,77
235618,4.0,10.0,2.0,9.0,2.0,1.0,0.5,0.4,40.0,1,3370.0,14,27,11,23,77
235618,4.0,10.0,2.0,9.0,2.0,1.0,0.5,0.4,40.0,2,3232.5,10,17,6,22,58
235618,4.0,10.0,2.0,9.0,2.0,1.0,0.5,0.4,40.0,3,3640.625,9,17,6,22,57
235618,4.0,10.0,2.0,9.0,2.0,1.0,0.5,0.4,40.0,4,3790.78125,5,10,6,20,46
235618,4.0,10.0,2.0,9.0,2.0,1.0,0.5,0.4,40.0,5,3718.4765625,5,10,4,19,44
235618,4.0,10.0,2.0,9.0,2.0,1.0,0.5,0.4,40.0,6,3588.095703125,2,9,4,19,39
235618,4.0,10.0,2.0,9.0,2.0,1.0,0.5,0.4,40.0,7,3345.11962890625,1,9,4,19,38
235618,4.0,10.0,2.0,9.0,2.0,1.0,0.5,0.4,40.0,8,3041.3995361328125,1,9,4,19,38
235618,4.0,10.0,2.0,9.0,2.0,1.0,0.5,0.4,40.0,9,2661.7494201660156,1,9,4,19,38
235618,4.0,10.0,2.0,9.0,2.0,1.0,0.5,0.4,40.0,10,2247.1867752075195,1,9,4,19,38
235618,4.0,10.0,2.0,9.0,2.0,1.0,0.5,0.4,40.0,11,2148.9834690093994,1,9,4,19,38
235618,4.0,10.0,2.0,9.0,2.0,1.0,0.5,0.4,40.0,12,2226.2293362617493,1,9,4,19,38
235618,4.0,10.0,2.0,9.0,2.0,1.0,0.5,0.4,40.0,13,2342.7866703271866,1,9,4,19,38
235618,4.0,10.0,2.0,9.0,2.0,1.0,0.5,0.4,40.0,14,2468.4833379089832,1,9,4,19,38
235618,4.0,10.0,2.0,9.0,2.0,1.0,0.5,0.4,40.0,15,2645.604172386229,1,9,4,19,38
235618,4.0,10.0,2.0,9.0,2.0,1.0,0.5,0.4,40.0,16,2907.0052154827863,1,8,4,18,37
235618,4.0,10.0,2.0,9.0,2.0,1.0,0.5,0.4,40.0,17,3053.756519353483,1,8,4,16,36
235618,4.0,10.0,2.0,9.0,2.0,1.0,0.5,0.4,40.0,18,3217.1956491918536,1,8,4,13,33
235618,4.0,10.0,2.0,9.0,2.0,1.0,0.5,0.4,40.0,19,3381.494561489817,1,8,4,13,32
235618,4.0,10.0,2.0,9.0,2.0,1.0,0.5,0.4,40.0,20,3566.8682018622712,1,9,3,12,34
235618,4.0,10.0,2.0,9.0,2.0,1.0,0.5,0.4,40.0,21,3738.585252327839,1,7,3,12,35
235618,4.0,10.0,2.0,9.0,2.0,1.0,0.5,0.4,40.0,22,3813.2315654097983,1,6,4,13,37
235618,4.0,10.0,2.0,9.0,2.0,1.0,0.5,0.4,40.0,23,3826.539456762248,0,6,5,14,37
235618,4.0,10.0,2.0,9.0,2.0,1.0,0.5,0.4,40.0,24,3803.1743209528104,0,6,4,15,36
235618,4.0,10.0,2.0,9.0,2.0,1.0,0.5,0.4,40.0,25,3733.967901191013,0,6,4,15,36
235618,4.0,10.0,2.0,9.0,2.0,1.0,0.5,0.4,40.0,26,3647.459876488766,0,6,4,15,37
235618,4.0,10.0,2.0,9.0,2.0,1.0,0.5,0.4,40.0,27,3519.3248456109577,0,6,4,15,37
235618,4.0,10.0,2.0,9.0,2.0,1.0,0.5,0.4,40.0,28,3359.156057013697,0,7,4,15,39
235618,4.0,10.0,2.0,9.0,2.0,1.0,0.5,0.4,40.0,29,3118.9450712671214,1,9,4,17,45
235618,4.0,10.0,2.0,9.0,2.0,1.0,0.5,0.4,40.0,30,2658.6813390839015,1,10,5,21,52
235618,4.0,10.0,2.0,9.0,2.0,1.0,0.5,0.4,40.0,31,2783.351673854877,1,10,5,23,53
235618,4.0,10.0,2.0,9.0,2.0,1.0,0.5,0.4,40.0,32,2979.189592318596,1,10,6,23,55
235618,4.0,10.0,2.0,9.0,2.0,1.0,0.5,0.4,40.0,33,3243.9869903982453,1,10,6,25,55
235618,4.0,10.0,2.0,9.0,2.0,1.0,0.5,0.4,40.0,34,3474.9837379978067,1,10,6,26,55
235618,4.0,10.0,2.0,9.0,2.0,1.0,0.5,0.4,40.0,35,3823.7296724972584,1,10,6,27,55
235618,4.0,10.0,2.0,9.0,2.0,1.0,0.5,0.4,40.0,36,4239.662090621573,1,10,6,27,55
235618,4.0,10.0,2.0,9.0,2.0,1.0,0.5,0.4,40.0,37,4579.577613276966,1,10,6,27,56
235618,4.0,10.0,2.0,9.0,2.0,1.0,0.5,0.4,40.0,38,4684.472016596208,1,11,6,27,58
235618,4.0,10.0,2.0,9.0,2.0,1.0,0.5,0.4,40.0,39,4755.59002074526,1,10,5,29,57
235618,4.0,10.0,2.0,9.0,2.0,1.0,0.5,0.4,40.0,40,4904.487525931574,1,7,4,25,51
235618,4.0,10.0,2.0,9.0,2.0,1.0,0.5,0.4,40.0,41,5170.609407414468,2,4,3,23,41
235618,4.0,10.0,2.0,9.0,2.0,1.0,0.5,0.4,40.0,42,5483.2617592680845,1,4,3,24,37
235618,4.0,10.0,2.0,9.0,2.0,1.0,0.5,0.4,40.0,43,5774.077199085105,1,3,3,27,37
235618,4.0,10.0,2.0,9.0,2.0,1.0,0.5,0.4,40.0,44,6037.596498856382,1,2,3,27,39
235618,4.0,10.0,2.0,9.0,2.0,1.0,0.5,0.4,40.0,45,6306.995623570478,1,3,3,28,41
235618,4.0,10.0,2.0,9.0,2.0,1.0,0.5,0.4,40.0,46,6543.744529463097,1,3,3,29,43
235618,4.0,10.0,2.0,9.0,2.0,1.0,0.5,0.4,40.0,47,6779.680661828871,1,4,3,30,46
235618,4.0,10.0,2.0,9.0,2.0,1.0,0.5,0.4,40.0,48,6994.600827286089,2,4,2,31,48
235618,4.0,10.0,2.0,9.0,2.0,1.0,0.5,0.4,40.0,49,7183.251034107612,3,4,2,32,53
235618,4.0,10.0,2.0,9.0,2.0,1.0,0.5,0.4,40.0,50,7279.063792634515,3,5,2,34,58
235618,4.0,10.0,2.0,9.0,2.0,1.0,0.5,0.4,40.0,51,7258.829740793144,3,6,3,38,64
235618,4.0,10.0,2.0,9.0,2.0,1.0,0.5,0.4,40.0,52,7033.537175991431,3,6,3,43,68
235618,4.0,10.0,2.0,9.0,2.0,1.0,0.5,0.4,40.0,53,6571.921469989287,3,6,3,47,73
235618,4.0,10.0,2.0,9.0,2.0,1.0,0.5,0.4,40.0,54,5814.90183748661,3,7,3,50,78
235618,4.0,10.0,2.0,9.0,2.0,1.0,0.5,0.4,40.0,55,5028.6272968582625,3,8,3,50,85
235618,4.0,10.0,2.0,9.0,2.0,1.0,0.5,0.4,40.0,56,5245.784121072828,3,8,3,50,88
235618,4.0,10.0,2.0,9.0,2.0,1.0,0.5,0.4,40.0,57,5517.230151341036,3,8,3,50,90
235618,4.0,10.0,2.0,9.0,2.0,1.0,0.5,0.4,40.0,58,5876.537689176294,3,8,3,50,93
235618,4.0,10.0,2.0,9.0,2.0,1.0,0.5,0.4,40.0,59,6225.672111470368,3,8,3,53,94
235618,4.0,10.0,2.0,9.0,2.0,1.0,0.5,0.4,40.0,60,6682.09013933796,3,8,3,56,97
235618,4.0,10.0,2.0,9.0,2.0,1.0,0.5,0.4,40.0,61,7112.612674172449,3,8,3,59,100
235618,4.0,10.0,2.0,9.0,2.0,1.0,0.5,0.4,40.0,62,7590.765842715562,3,8,3,59,102
235618,4.0,10.0,2.0,9.0,2.0,1.0,0.5,0.4,40.0,63,8048.4573033944525,4,8,4,61,102
235618,4.0,10.0,2.0,9.0,2.0,1.0,0.5,0.4,40.0,64,8420.0,4,9,3,61,103
235618,4.0,10.0,2.0,9.0,2.0,1.0,0.5,0.4,40.0,65,8300.0,5,8,3,58,105
235618,4.0,10.0,2.0,9.0,2.0,1.0,0.5,0.4,40.0,66,8200.0,5,8,3,53,104
235618,4.0,10.0,2.0,9.0,2.0,1.0,0.5,0.4,40.0,67,7920.0,5,8,3,52,104
235618,4.0,10.0,2.0,9.0,2.0,1.0,0.5,0.4,40.0,68,7700.0,4,8,3,48,106
235618,4.0,10.0,2.0,9.0,2.0,1.0,0.5,0.4,40.0,69,7305.0,4,7,3,51,106
235618,4.0,10.0,2.0,9.0,2.0,1.0,0.5,0.4,40.0,70,6691.25,3,6,3,53,106
235618,4.0,10.0,2.0,9.0,2.0,1.0,0.5,0.4,40.0,71,5984.0625,3,6,2,53,108
235618,4.0,10.0,2.0,9.0,2.0,1.0,0.5,0.4,40.0,72,5980.078125,3,6,2,51,108
235618,4.0,10.0,2.0,9.0,2.0,1.0,0.5,0.4,40.0,73,6115.09765625,2,5,2,51,106
235618,4.0,10.0,2.0,9.0,2.0,1.0,0.5,0.4,40.0,74,6143.8720703125,3,5,2,51,108
235618,4.0,10.0,2.0,9.0,2.0,1.0,0.5,0.4,40.0,75,6259.840087890625,3,7,2,49,110
235618,4.0,10.0,2.0,9.0,2.0,1.0,0.5,0.4,40.0,76,6324.800109863281,3,7,2,50,111
235618,4.0,10.0,2.0,9.0,2.0,1.0,0.5,0.4,40.0,77,6486.000137329102,3,7,2,52,113
235618,4.0,10.0,2.0,9.0,2.0,1.0,0.5,0.4,40.0,78,6567.500171661377,3,7,3,53,117
235618,4.0,10.0,2.0,9.0,2.0,1.0,0.5,0.4,40.0,79,6629.375214576721,3,7,5,53,121
235618,4.0,10.0,2.0,9.0,2.0,1.0,0.5,0.4,40.0,80,6786.7190182209015,4,7,5,52,125
235618,4.0,10.0,2.0,9.0,2.0,1.0,0.5,0.4,40.0,81,6863.398772776127,5,7,5,52,126
235618,4.0,10.0,2.0,9.0,2.0,1.0,0.5,0.4,40.0,82,6899.248465970159,5,7,5,52,123
235618,4.0,10.0,2.0,9.0,2.0,1.0,0.5,0.4,40.0,83,6764.060582462698,5,7,5,53,121
235618,4.0,10.0,2.0,9.0,2.0,1.0,0.5,0.4,40.0,84,6695.075728078373,5,7,5,51,120
235618,4.0,10.0,2.0,9.0,2.0,1.0,0.5,0.4,40.0,85,6648.844660097966,6,7,5,51,121
235618,4.0,10.0,2.0,9.0,2.0,1.0,0.5,0.4,40.0,86,6671.0558251224575,5,7,6,49,121
235618,4.0,10.0,2.0,9.0,2.0,1.0,0.5,0.4,40.0,87,6578.819781403072,5,6,5,48,119
235618,4.0,10.0,2.0,9.0,2.0,1.0,0.5,0.4,40.0,88,6463.52472675384,5,6,7,47,123
235618,4.0,10.0,2.0,9.0,2.0,1.0,0.5,0.4,40.0,89,6459.4059084423,5,5,7,48,121
235618,4.0,10.0,2.0,9.0,2.0,1.0,0.5,0.4,40.0,90,6534.257385552874,4,5,7,49,120
235618,4.0,10.0,2.0,9.0,2.0,1.0,0.5,0.4,40.0,91,6567.821731941093,4,4,7,48,122
235618,4.0,10.0,2.0,9.0,2.0,1.0,0.5,0.4,40.0,92,6529.777164926367,4,4,7,49,119
235618,4.0,10.0,2.0,9.0,2.0,1.0,0.5,0.4,40.0,93,6442.2214561579585,3,5,7,50,117
235618,4.0,10.0,2.0,9.0,2.0,1.0,0.5,0.4,40.0,94,6452.776820197449,4,5,7,49,117
235618,4.0,10.0,2.0,9.0,2.0,1.0,0.5,0.4,40.0,95,6445.97102524681,4,7,8,48,118
235618,4.0,10.0,2.0,9.0,2.0,1.0,0.5,0.4,40.0,96,6537.463781558513,4,7,10,45,117
235618,4.0,10.0,2.0,9.0,2.0,1.0,0.5,0.4,40.0,97,6411.829726948141,5,8,11,45,121
235618,4.0,10.0,2.0,9.0,2.0,1.0,0.5,0.4,40.0,98,6394.787158685176,5,8,10,47,120
235618,4.0,10.0,2.0,9.0,2.0,1.0,0.5,0.4,40.0,99,6493.48394835647,5,8,10,48,120
235618,4.0,10.0,2.0,9.0,2.0,1.0,0.5,0.4,40.0,100,6556.854935445588,6,8,10,48,117
235618,4.0,10.0,2.0,9.0,2.0,1.0,0.5,0.4,40.0,101,6576.068669306986,6,8,10,49,117
235618,4.0,10.0,2.0,9.0,2.0,1.0,0.5,0.4,40.0,102,6560.0858366337325,6,7,10,48,113
235618,4.0,10.0,2.0,9.0,2.0,1.0,0.5,0.4,40.0,103,6360.107295792166,6,8,10,46,116
235618,4.0,10.0,2.0,9.0,2.0,1.0,0.5,0.4,40.0,104,6290.134119740207,6,8,11,42,118
235618,4.0,10.0,2.0,9.0,2.0,1.0,0.5,0.4,40.0,105,6022.667649675259,5,8,11,42,117
235618,4.0,10.0,2.0,9.0,2.0,1.0,0.5,0.4,40.0,106,6008.334562094074,5,9,8,44,116
235618,4.0,10.0,2.0,9.0,2.0,1.0,0.5,0.4,40.0,107,6030.418202617592,4,9,7,47,113
235618,4.0,10.0,2.0,9.0,2.0,1.0,0.5,0.4,40.0,108,6118.02275327199,4,9,7,47,111
235618,4.0,10.0,2.0,9.0,2.0,1.0,0.5,0.4,40.0,109,6207.528441589988,4,10,6,47,112
235618,4.0,10.0,2.0,9.0,2.0,1.0,0.5,0.4,40.0,110,6259.410551987485,4,11,6,46,111
235618,4.0,10.0,2.0,9.0,2.0,1.0,0.5,0.4,40.0,111,6284.263189984356,4,11,7,46,112
235618,4.0,10.0,2.0,9.0,2.0,1.0,0.5,0.4,40.0,112,6395.328987480445,4,12,7,42,112
235618,4.0,10.0,2.0,9.0,2.0,1.0,0.5,0.4,40.0,113,6514.161234350557,4,12,8,42,113
235618,4.0,10.0,2.0,9.0,2.0,1.0,0.5,0.4,40.0,114,6502.701542938195,4,11,8,42,113
235618,4.0,10.0,2.0,9.0,2.0,1.0,0.5,0.4,40.0,115,6328.376928672744,4,11,10,42,119
235618,4.0,10.0,2.0,9.0,2.0,1.0,0.5,0.4,40.0,116,6190.47116084093,4,9,10,45,117
235618,4.0,10.0,2.0,9.0,2.0,1.0,0.5,0.4,40.0,117,6158.088951051162,3,7,9,49,111
235618,4.0,10.0,2.0,9.0,2.0,1.0,0.5,0.4,40.0,118,6157.611188813953,4,6,9,51,112
235618,4.0,10.0,2.0,9.0,2.0,1.0,0.5,0.4,40.0,119,6337.013986017441,5,6,9,54,112
235618,4.0,10.0,2.0,9.0,2.0,1.0,0.5,0.4,40.0,120,6341.267482521802,5,5,9,55,109
235618,4.0,10.0,2.0,9.0,2.0,1.0,0.5,0.4,40.0,121,6486.584353152252,6,5,10,54,108
235618,4.0,10.0,2.0,9.0,2.0,1.0,0.5,0.4,40.0,122,6448.230441440315,6,5,9,53,105
235618,4.0,10.0,2.0,9.0,2.0,1.0,0.5,0.4,40.0,123,6620.288051800394,5,6,10,50,106
235618,4.0,10.0,2.0,9.0,2.0,1.0,0.5,0.4,40.0,124,6655.360064750492,5,5,11,49,105
235618,4.0,10.0,2.0,9.0,2.0,1.0,0.5,0.4,40.0,125,6719.200080938115,5,5,12,46,104
235618,4.0,10.0,2.0,9.0,2.0,1.0,0.5,0.4,40.0,126,6699.000101172644,5,6,14,44,106
235618,4.0,10.0,2.0,9.0,2.0,1.0,0.5,0.4,40.0,127,6733.750126465804,6,9,15,45,106
235618,4.0,10.0,2.0,9.0,2.0,1.0,0.5,0.4,40.0,128,6537.187658082255,8,10,17,44,113
235618,4.0,10.0,2.0,9.0,2.0,1.0,0.5,0.4,40.0,129,6171.48457260282,9,10,17,44,119
235618,4.0,10.0,2.0,9.0,2.0,1.0,0.5,0.4,40.0,130,6074.355715753525,9,11,16,45,114
235618,4.0,10.0,2.0,9.0,2.0,1.0,0.5,0.4,40.0,131,6052.944644691906,10,11,16,44,111
235618,4.0,10.0,2.0,9.0,2.0,1.0,0.5,0.4,40.0,132,5946.180805864883,10,12,16,43,109
235618,4.0,10.0,2.0,9.0,2.0,1.0,0.5,0.4,40.0,133,5732.726007331104,10,12,15,44,105
235618,4.0,10.0,2.0,9.0,2.0,1.0,0.5,0.4,40.0,134,5685.90750916388,10,12,16,42,108
235618,4.0,10.0,2.0,9.0,2.0,1.0,0.5,0.4,40.0,135,5727.38438645485,10,12,16,43,110
235618,4.0,10.0,2.0,9.0,2.0,1.0,0.5,0.4,40.0,136,5979.2304830685625,10,12,15,46,105
235618,4.0,10.0,2.0,9.0,2.0,1.0,0.5,0.4,40.0,137,6074.038103835703,9,14,16,46,106
235618,4.0,10.0,2.0,9.0,2.0,1.0,0.5,0.4,40.0,138,6192.547629794628,9,14,18,47,108
235618,4.0,10.0,2.0,9.0,2.0,1.0,0.5,0.4,40.0,139,6140.684537243285,7,14,19,47,109
235618,4.0,10.0,2.0,9.0,2.0,1.0,0.5,0.4,40.0,140,6195.855671554107,8,14,19,48,110
235618,4.0,10.0,2.0,9.0,2.0,1.0,0.5,0.4,40.0,141,6124.8195894426335,9,13,19,43,108
235618,4.0,10.0,2.0,9.0,2.0,1.0,0.5,0.4,40.0,142,6156.024486803291,9,12,20,42,107
235618,4.0,10.0,2.0,9.0,2.0,1.0,0.5,0.4,40.0,143,5895.030608504114,9,12,20,45,108
235618,4.0,10.0,2.0,9.0,2.0,1.0,0.5,0.4,40.0,144,5828.788260630143,9,11,21,42,108
235618,4.0,10.0,2.0,9.0,2.0,1.0,0.5,0.4,40.0,145,5625.985325787678,9,11,20,44,104
235618,4.0,10.0,2.0,9.0,2.0,1.0,0.5,0.4,40.0,146,5572.481657234598,8,11,20,45,103
235618,4.0,10.0,2.0,9.0,2.0,1.0,0.5,0.4,40.0,147,5625.602071543248,8,11,21,45,103
235618,4.0,10.0,2.0,9.0,2.0,1.0,0.5,0.4,40.0,148,5632.002589429059,7,11,22,47,101
235618,4.0,10.0,2.0,9.0,2.0,1.0,0.5,0.4,40.0,149,5640.003236786324,6,9,23,48,96
235618,4.0,10.0,2.0,9.0,2.0,1.0,0.5,0.4,40.0,150,5590.004045982905,8,8,23,48,96
235618,4.0,10.0,2.0,9.0,2.0,1.0,0.5,0.4,40.0,151,5607.505057478631,9,8,23,48,97
235618,4.0,10.0,2.0,9.0,2.0,1.0,0.5,0.4,40.0,152,5629.381321848288,8,7,22,48,97
235618,4.0,10.0,2.0,9.0,2.0,1.0,0.5,0.4,40.0,153,5816.726652310361,8,6,21,45,95
235618,4.0,10.0,2.0,9.0,2.0,1.0,0.5,0.4,40.0,154,5770.908315387951,8,8,20,42,98
235618,4.0,10.0,2.0,9.0,2.0,1.0,0.5,0.4,40.0,155,5733.635394234939,8,9,22,41,100
235618,4.0,10.0,2.0,9.0,2.0,1.0,0.5,0.4,40.0,156,5547.044242793673,8,9,24,42,103
235618,4.0,10.0,2.0,9.0,2.0,1.0,0.5,0.4,40.0,157,5613.805303492091,8,9,26,41,105
235618,4.0,10.0,2.0,9.0,2.0,1.0,0.5,0.4,40.0,158,5677.256629365114,8,9,29,40,106
235618,4.0,10.0,2.0,9.0,2.0,1.0,0.5,0.4,40.0,159,5716.570786706393,8,8,32,39,102
235618,4.0,10.0,2.0,9.0,2.0,1.0,0.5,0.4,40.0,160,5765.713483382991,8,8,33,38,103
235618,4.0,10.0,2.0,9.0,2.0,1.0,0.5,0.4,40.0,161,5747.141854228739,8,7,33,33,104
235618,4.0,10.0,2.0,9.0,2.0,1.0,0.5,0.4,40.0,162,5783.927317785924,7,8,30,31,103
235618,4.0,10.0,2.0,9.0,2.0,1.0,0.5,0.4,40.0,163,5669.909147232405,6,8,31,33,105
235618,4.0,10.0,2.0,9.0,2.0,1.0,0.5,0.4,40.0,164,5467.386434040507,4,6,32,33,104
235618,4.0,10.0,2.0,9.0,2.0,1.0,0.5,0.4,40.0,165,5194.233042550633,4,6,30,35,104
235618,4.0,10.0,2.0,9.0,2.0,1.0,0.5,0.4,40.0,166,5072.791303188292,4,6,26,34,97
235618,4.0,10.0,2.0,9.0,2.0,1.0,0.5,0.4,40.0,167,5100.989128985365,4,6,26,34,98
235618,4.0,10.0,2.0,9.0,2.0,1.0,0.5,0.4,40.0,168,5196.236411231706,3,7,28,36,100
235618,4.0,10.0,2.0,9.0,2.0,1.0,0.5,0.4,40.0,169,5295.295514039633,3,7,29,35,97
235618,4.0,10.0,2.0,9.0,2.0,1.0,0.5,0.4,40.0,170,5579.119392549542,3,8,30,35,99
235618,4.0,10.0,2.0,9.0,2.0,1.0,0.5,0.4,40.0,171,5753.899240686927,3,7,31,33,96
235618,4.0,10.0,2.0,9.0,2.0,1.0,0.5,0.4,40.0,172,6032.37405085866,3,7,31,31,96
235618,4.0,10.0,2.0,9.0,2.0,1.0,0.5,0.4,40.0,173,6280.467563573325,3,7,33,32,97
235618,4.0,10.0,2.0,9.0,2.0,1.0,0.5,0.4,40.0,174,6470.584454466656,2,7,34,35,96
235618,4.0,10.0,2.0,9.0,2.0,1.0,0.5,0.4,40.0,175,6628.23056808332,1,6,35,35,93
235618,4.0,10.0,2.0,9.0,2.0,1.0,0.5,0.4,40.0,176,6605.2882101041505,1,6,35,34,95
235618,4.0,10.0,2.0,9.0,2.0,1.0,0.5,0.4,40.0,177,6436.610262630187,1,6,39,35,99
235618,4.0,10.0,2.0,9.0,2.0,1.0,0.5,0.4,40.0,178,6265.762828287734,1,7,40,35,97
235618,4.0,10.0,2.0,9.0,2.0,1.0,0.5,0.4,40.0,179,5752.2035353596675,2,7,42,36,100
235618,4.0,10.0,2.0,9.0,2.0,1.0,0.5,0.4,40.0,180,5310.254419199584,2,9,42,36,103
235618,4.0,10.0,2.0,9.0,2.0,1.0,0.5,0.4,40.0,181,5277.81802399948,2,10,42,36,102
235618,4.0,10.0,2.0,9.0,2.0,1.0,0.5,0.4,40.0,182,5357.27252999935,2,10,42,35,102
235618,4.0,10.0,2.0,9.0,2.0,1.0,0.5,0.4,40.0,183,5276.590662499188,2,10,44,31,106
235618,4.0,10.0,2.0,9.0,2.0,1.0,0.5,0.4,40.0,184,5395.7383281239845,2,10,45,32,108
235618,4.0,10.0,2.0,9.0,2.0,1.0,0.5,0.4,40.0,185,5384.672910154981,1,10,46,33,107
235618,4.0,10.0,2.0,9.0,2.0,1.0,0.5,0.4,40.0,186,5430.841137693726,1,10,45,35,106
235618,4.0,10.0,2.0,9.0,2.0,1.0,0.5,0.4,40.0,187,5368.551422117157,1,10,47,35,105
235618,4.0,10.0,2.0,9.0,2.0,1.0,0.5,0.4,40.0,188,5350.6892776464465,2,9,45,36,103
235618,4.0,10.0,2.0,9.0,2.0,1.0,0.5,0.4,40.0,189,5428.361597058058,2,9,46,39,104
235618,4.0,10.0,2.0,9.0,2.0,1.0,0.5,0.4,40.0,190,5425.451996322572,2,10,45,39,103
235618,4.0,10.0,2.0,9.0,2.0,1.0,0.5,0.4,40.0,191,5461.814995403215,3,10,44,38,104
235618,4.0,10.0,2.0,9.0,2.0,1.0,0.5,0.4,40.0,192,5667.268744254019,3,9,40,38,100
235618,4.0,10.0,2.0,9.0,2.0,1.0,0.5,0.4,40.0,193,5644.085930317524,4,10,40,37,101
235618,4.0,10.0,2.0,9.0,2.0,1.0,0.5,0.4,40.0,194,5675.107412896905,5,10,38,35,99
235618,4.0,10.0,2.0,9.0,2.0,1.0,0.5,0.4,40.0,195,5593.884266121131,5,11,39,36,99
235618,4.0,10.0,2.0,9.0,2.0,1.0,0.5,0.4,40.0,196,5412.355332651414,5,12,39,36,101
235618,4.0,10.0,2.0,9.0,2.0,1.0,0.5,0.4,40.0,197,5285.444165814268,5,11,38,38,100
235618,4.0,10.0,2.0,9.0,2.0,1.0,0.5,0.4,40.0,198,5286.805207267835,5,10,38,41,100
235618,4.0,10.0,2.0,9.0,2.0,1.0,0.5,0.4,40.0,199,5308.506509084793,5,10,35,38,98
235618,4.0,10.0,2.0,9.0,2.0,1.0,0.5,0.4,40.0,200,5175.633136355991,5,8,36,37,98
235618,4.0,10.0,2.0,9.0,2.0,1.0,0.5,0.4,40.0,201,5209.541420444989,5,9,34,38,98
235618,4.0,10.0,2.0,9.0,2.0,1.0,0.5,0.4,40.0,202,5371.926775556236,5,9,34,38,100
235618,4.0,10.0,2.0,9.0,2.0,1.0,0.5,0.4,40.0,203,5514.908469445295,5,9,34,41,99
235618,4.0,10.0,2.0,9.0,2.0,1.0,0.5,0.4,40.0,204,5653.635586806618,5,9,32,43,93
235618,4.0,10.0,2.0,9.0,2.0,1.0,0.5,0.4,40.0,205,5827.044483508273,5,9,32,43,91
235618,4.0,10.0,2.0,9.0,2.0,1.0,0.5,0.4,40.0,206,5963.805604385341,5,8,28,44,85
235618,4.0,10.0,2.0,9.0,2.0,1.0,0.5,0.4,40.0,207,5994.757005481677,5,9,26,46,84
235618,4.0,10.0,2.0,9.0,2.0,1.0,0.5,0.4,40.0,208,6093.446256852096,5,10,26,46,86
235618,4.0,10.0,2.0,9.0,2.0,1.0,0.5,0.4,40.0,209,6016.80782106512,7,10,25,48,86
235618,4.0,10.0,2.0,9.0,2.0,1.0,0.5,0.4,40.0,210,5841.009776331401,8,12,25,47,88
235618,4.0,10.0,2.0,9.0,2.0,1.0,0.5,0.4,40.0,211,5501.262220414251,8,13,23,49,89
235618,4.0,10.0,2.0,9.0,2.0,1.0,0.5,0.4,40.0,212,5196.577775517813,8,13,22,47,90
235618,4.0,10.0,2.0,9.0,2.0,1.0,0.5,0.4,40.0,213,4995.722219397267,7,12,21,45,89
235618,4.0,10.0,2.0,9.0,2.0,1.0,0.5,0.4,40.0,214,5064.652774246583,7,11,21,46,88
235618,4.0,10.0,2.0,9.0,2.0,1.0,0.5,0.4,40.0,215,5250.815967808229,7,11,22,47,89
235618,4.0,10.0,2.0,9.0,2.0,1.0,0.5,0.4,40.0,216,5403.519959760287,7,11,21,48,88
235618,4.0,10.0,2.0,9.0,2.0,1.0,0.5,0.4,40.0,217,5554.399949700359,7,11,21,48,88
235618,4.0,10.0,2.0,9.0,2.0,1.0,0.5,0.4,40.0,218,5722.999937125449,8,11,22,47,89
235618,4.0,10.0,2.0,9.0,2.0,1.0,0.5,0.4,40.0,219,5733.749921406811,9,12,24,46,91
235618,4.0,10.0,2.0,9.0,2.0,1.0,0.5,0.4,40.0,220,5827.187401758514,10,13,23,47,91
235618,4.0,10.0,2.0,9.0,2.0,1.0,0.5,0.4,40.0,221,5823.984252198143,10,13,22,47,90
235618,4.0,10.0,2.0,9.0,2.0,1.0,0.5,0.4,40.0,222,5799.980315247678,11,13,20,48,92
235618,4.0,10.0,2.0,9.0,2.0,1.0,0.5,0.4,40.0,223,5669.975394059597,11,11,19,49,89
235618,4.0,10.0,2.0,9.0,2.0,1.0,0.5,0.4,40.0,224,5367.469242574497,10,11,20,51,88
235618,4.0,10.0,2.0,9.0,2.0,1.0,0.5,0.4,40.0,225,5309.3365532181215,9,10,20,51,86
235618,4.0,10.0,2.0,9.0,2.0,1.0,0.5,0.4,40.0,226,5296.670691522651,9,10,21,49,88
235618,4.0,10.0,2.0,9.0,2.0,1.0,0.5,0.4,40.0,227,5220.838364403315,9,10,20,51,86
235618,4.0,10.0,2.0,9.0,2.0,1.0,0.5,0.4,40.0,228,5226.047955504144,10,9,18,50,83
235618,4.0,10.0,2.0,9.0,2.0,1.0,0.5,0.4,40.0,229,5112.55994438018,11,10,19,51,86
235618,4.0,10.0,2.0,9.0,2.0,1.0,0.5,0.4,40.0,230,5350.699930475225,10,11,19,51,88
235618,4.0,10.0,2.0,9.0,2.0,1.0,0.5,0.4,40.0,231,5488.374913094031,9,10,20,51,87
235618,4.0,10.0,2.0,9.0,2.0,1.0,0.5,0.4,40.0,232,5640.468641367539,9,10,20,52,89
235618,4.0,10.0,2.0,9.0,2.0,1.0,0.5,0.4,40.0,233,5850.585801709423,9,8,20,50,87
235618,4.0,10.0,2.0,9.0,2.0,1.0,0.5,0.4,40.0,234,6053.232252136779,9,9,20,50,86
235618,4.0,10.0,2.0,9.0,2.0,1.0,0.5,0.4,40.0,235,6186.540315170973,9,9,20,49,87
235618,4.0,10.0,2.0,9.0,2.0,1.0,0.5,0.4,40.0,236,6353.1753939637165,9,9,21,49,89
235618,4.0,10.0,2.0,9.0,2.0,1.0,0.5,0.4,40.0,237,6361.469242454646,9,9,22,51,88
235618,4.0,10.0,2.0,9.0,2.0,1.0,0.5,0.4,40.0,238,6471.836553068307,9,7,21,54,86
235618,4.0,10.0,2.0,9.0,2.0,1.0,0.5,0.4,40.0,239,6469.795691335384,9,6,22,57,87
235618,4.0,10.0,2.0,9.0,2.0,1.0,0.5,0.4,40.0,240,6347.24461416923,9,5,18,60,80
235618,4.0,10.0,2.0,9.0,2.0,1.0,0.5,0.4,40.0,241,6034.055767711538,9,6,17,59,81
235618,4.0,10.0,2.0,9.0,2.0,1.0,0.5,0.4,40.0,242,5722.5697096394215,8,6,18,57,80
235618,4.0,10.0,2.0,9.0,2.0,1.0,0.5,0.4,40.0,243,5173.212137049277,7,6,17,57,78
235618,4.0,10.0,2.0,9.0,2.0,1.0,0.5,0.4,40.0,244,5046.515171311596,8,6,17,55,76
235618,4.0,10.0,2.0,9.0,2.0,1.0,0.5,0.4,40.0,245,5008.1439641394945,8,6,17,55,76
235618,4.0,10.0,2.0,9.0,2.0,1.0,0.5,0.4,40.0,246,5100.179955174368,9,6,17,57,79
235618,4.0,10.0,2.0,9.0,2.0,1.0,0.5,0.4,40.0,247,5195.22494396796,8,6,18,58,78
235618,4.0,10.0,2.0,9.0,2.0,1.0,0.5,0.4,40.0,248,5354.031179959949,8,6,17,62,78
235618,4.0,10.0,2.0,9.0,2.0,1.0,0.5,0.4,40.0,249,5472.538974949937,8,6,19,63,80
235618,4.0,10.0,2.0,9.0,2.0,1.0,0.5,0.4,40.0,250,5680.673718687422,7,6,20,62,80
235618,4.0,10.0,2.0,9.0,2.0,1.0,0.5,0.4,40.0,251,5840.842148359277,7,6,19,63,80
235618,4.0,10.0,2.0,9.0,2.0,1.0,0.5,0.4,40.0,252,6081.052685449096,7,5,19,65,79
235618,4.0,10.0,2.0,9.0,2.0,1.0,0.5,0.4,40.0,253,6281.31585681137,7,5,16,65,75
235618,4.0,10.0,2.0,9.0,2.0,1.0,0.5,0.4,40.0,254,6531.644821014213,7,4,16,65,73
235618,4.0,10.0,2.0,9.0,2.0,1.0,0.5,0.4,40.0,255,6824.556026267766,8,4,17,64,76
235618,4.0,10.0,2.0,9.0,2.0,1.0,0.5,0.4,40.0,256,6990.695032834708,8,3,17,63,75
235618,4.0,10.0,2.0,9.0,2.0,1.0,0.5,0.4,40.0,257,6978.3687910433855,9,3,15,66,75
235618,4.0,10.0,2.0,9.0,2.0,1.0,0.5,0.4,40.0,258,6842.960988804232,8,3,15,66,75
235618,4.0,10.0,2.0,9.0,2.0,1.0,0.5,0.4,40.0,259,6493.70123600529,9,3,15,66,77
235618,4.0,10.0,2.0,9.0,2.0,1.0,0.5,0.4,40.0,260,5977.126545006613,9,3,14,66,76
235618,4.0,10.0,2.0,9.0,2.0,1.0,0.5,0.4,40.0,261,5271.408181258266,8,4,11,63,74
235618,4.0,10.0,2.0,9.0,2.0,1.0,0.5,0.4,40.0,262,5129.260226572833,8,4,11,63,74
235618,4.0,10.0,2.0,9.0,2.0,1.0,0.5,0.4,40.0,263,5311.5752832160415,8,4,10,63,73
235618,4.0,10.0,2.0,9.0,2.0,1.0,0.5,0.4,40.0,264,5559.469104020052,8,4,10,61,74
235618,4.0,10.0,2.0,9.0,2.0,1.0,0.5,0.4,40.0,265,5809.336380025065,8,4,11,62,72
235618,4.0,10.0,2.0,9.0,2.0,1.0,0.5,0.4,40.0,266,6001.670475031332,8,4,12,63,74
235618,4.0,10.0,2.0,9.0,2.0,1.0,0.5,0.4,40.0,267,6282.088093789165,8,4,13,67,75
235618,4.0,10.0,2.0,9.0,2.0,1.0,0.5,0.4,40.0,268,6432.610117236456,8,4,14,69,75
235618,4.0,10.0,2.0,9.0,2.0,1.0,0.5,0.4,40.0,269,6640.7626465455705,8,5,15,73,78
235618,4.0,10.0,2.0,9.0,2.0,1.0,0.5,0.4,40.0,270,6780.953308181963,8,4,15,74,77
235618,4.0,10.0,2.0,9.0,2.0,1.0,0.5,0.4,40.0,271,6876.191635227453,8,4,15,75,77
235618,4.0,10.0,2.0,9.0,2.0,1.0,0.5,0.4,40.0,272,6935.239544034317,8,3,15,74,74
235618,4.0,10.0,2.0,9.0,2.0,1.0,0.5,0.4,40.0,273,6989.049430042896,8,4,15,74,76
235618,4.0,10.0,2.0,9.0,2.0,1.0,0.5,0.4,40.0,274,6956.311787553621,6,4,14,74,74
235618,4.0,10.0,2.0,9.0,2.0,1.0,0.5,0.4,40.0,275,6855.389734442026,6,5,12,68,78
235618,4.0,10.0,2.0,9.0,2.0,1.0,0.5,0.4,40.0,276,6549.237168052532,5,5,12,64,80
235618,4.0,10.0,2.0,9.0,2.0,1.0,0.5,0.4,40.0,277,6026.546460065665,5,5,13,66,83
235618,4.0,10.0,2.0,9.0,2.0,1.0,0.5,0.4,40.0,278,5633.183075082081,5,5,13,69,83
235618,4.0,10.0,2.0,9.0,2.0,1.0,0.5,0.4,40.0,279,5761.478843852601,3,5,14,70,85
235618,4.0,10.0,2.0,9.0,2.0,1.0,0.5,0.4,40.0,280,6021.848554815751,3,5,14,70,86
235618,4.0,10.0,2.0,9.0,2.0,1.0,0.5,0.4,40.0,281,6407.310693519689,3,4,14,68,84
235618,4.0,10.0,2.0,9.0,2.0,1.0,0.5,0.4,40.0,282,6629.138366899611,2,4,14,67,84
235618,4.0,10.0,2.0,9.0,2.0,1.0,0.5,0.4,40.0,283,7066.422958624515,2,4,14,68,84
235618,4.0,10.0,2.0,9.0,2.0,1.0,0.5,0.4,40.0,284,7393.028698280643,2,4,14,69,85
235618,4.0,10.0,2.0,9.0,2.0,1.0,0.5,0.4,40.0,285,7841.285872850804,2,4,14,69,88
235618,4.0,10.0,2.0,9.0,2.0,1.0,0.5,0.4,40.0,286,8121.607341063504,2,4,14,69,90
235618,4.0,10.0,2.0,9.0,2.0,1.0,0.5,0.4,40.0,287,8180.0,1,4,14,71,90
235618,4.0,10.0,2.0,9.0,2.0,1.0,0.5,0.4,40.0,288,8000.0,2,4,13,75,91
235618,4.0,10.0,2.0,9.0,2.0,1.0,0.5,0.4,40.0,289,7900.0,3,3,12,72,89
235618,4.0,10.0,2.0,9.0,2.0,1.0,0.5,0.4,40.0,290,7515.0,3,4,13,72,90
235618,4.0,10.0,2.0,9.0,2.0,1.0,0.5,0.4,40.0,291,6853.75,3,5,13,72,92
235618,4.0,10.0,2.0,9.0,2.0,1.0,0.5,0.4,40.0,292,6187.1875,3,5,12,68,91
235618,4.0,10.0,2.0,9.0,2.0,1.0,0.5,0.4,40.0,293,6153.984375,3,6,12,68,93
235618,4.0,10.0,2.0,9.0,2.0,1.0,0.5,0.4,40.0,294,6132.48046875,2,7,11,65,92
235618,4.0,10.0,2.0,9.0,2.0,1.0,0.5,0.4,40.0,295,6065.6005859375,2,7,11,63,91
235618,4.0,10.0,2.0,9.0,2.0,1.0,0.5,0.4,40.0,296,6062.000732421875,2,7,11,65,94
235618,4.0,10.0,2.0,9.0,2.0,1.0,0.5,0.4,40.0,297,6157.500915527344,2,7,11,68,92
235618,4.0,10.0,2.0,9.0,2.0,1.0,0.5,0.4,40.0,298,6256.87614440918,2,7,11,70,92
235618,4.0,10.0,2.0,9.0,2.0,1.0,0.5,0.4,40.0,299,6421.095180511475,2,8,12,70,94
235618,4.0,10.0,2.0,9.0,2.0,1.0,0.5,0.4,40.0,300,6466.368975639343,3,8,12,71,96
235618,4.0,10.0,2.0,9.0,2.0,1.0,0.5,0.4,40.0,301,6622.961219549179,3,8,12,68,97
235618,4.0,10.0,2.0,9.0,2.0,1.0,0.5,0.4,40.0,302,6718.701524436474,3,8,13,68,97
235618,4.0,10.0,2.0,9.0,2.0,1.0,0.5,0.4,40.0,303,6818.376905545592,3,9,13,68,99
235618,4.0,10.0,2.0,9.0,2.0,1.0,0.5,0.4,40.0,304,6742.97113193199,3,9,14,68,100
235618,4.0,10.0,2.0,9.0,2.0,1.0,0.5,0.4,40.0,305,6628.713914914988,3,8,15,66,100
235618,4.0,10.0,2.0,9.0,2.0,1.0,0.5,0.4,40.0,306,6425.892393643735,3,8,15,65,102
235618,4.0,10.0,2.0,9.0,2.0,1.0,0.5,0.4,40.0,307,6252.365492054669,3,8,12,67,99
235618,4.0,10.0,2.0,9.0,2.0,1.0,0.5,0.4,40.0,308,6255.456865068336,3,8,12,66,101
235618,4.0,10.0,2.0,9.0,2.0,1.0,0.5,0.4,40.0,309,6379.32108133542,3,8,11,62,102
235618,4.0,10.0,2.0,9.0,2.0,1.0,0.5,0.4,40.0,310,6494.151351669275,2,9,11,60,101
235618,4.0,10.0,2.0,9.0,2.0,1.0,0.5,0.4,40.0,311,6397.689189586594,1,9,13,63,100
235618,4.0,10.0,2.0,9.0,2.0,1.0,0.5,0.4,40.0,312,6377.111486983242,1,10,13,65,100
235618,4.0,10.0,2.0,9.0,2.0,1.0,0.5,0.4,40.0,313,6331.389358729052,1,11,13,63,101
235618,4.0,10.0,2.0,9.0,2.0,1.0,0.5,0.4,40.0,314,6434.236698411315,1,11,14,62,102
235618,4.0,10.0,2.0,9.0,2.0,1.0,0.5,0.4,40.0,315,6422.795873014144,1,11,16,58,107
235618,4.0,10.0,2.0,9.0,2.0,1.0,0.5,0.4,40.0,316,6488.4948412676795,1,11,16,52,110
235618,4.0,10.0,2.0,9.0,2.0,1.0,0.5,0.4,40.0,317,6330.618551584599,1,11,16,55,107
235618,4.0,10.0,2.0,9.0,2.0,1.0,0.5,0.4,40.0,318,6233.273189480749,1,11,16,58,104
235618,4.0,10.0,2.0,9.0,2.0,1.0,0.5,0.4,40.0,319,6171.591486850937,1,11,16,59,100
235618,4.0,10.0,2.0,9.0,2.0,1.0,0.5,0.4,40.0,320,6214.489358563671,1,11,17,58,102
235618,4.0,10.0,2.0,9.0,2.0,1.0,0.5,0.4,40.0,321,6228.111698204589,1,10,18,58,100
235618,4.0,10.0,2.0,9.0,2.0,1.0,0.5,0.4,40.0,322,6265.139622755736,0,7,19,58,96
235618,4.0,10.0,2.0,9.0,2.0,1.0,0.5,0.4,40.0,323,6171.42452844467,0,7,21,55,96
235618,4.0,10.0,2.0,9.0,2.0,1.0,0.5,0.4,40.0,324,5914.280660555837,0,7,23,55,99
235618,4.0,10.0,2.0,9.0,2.0,1.0,0.5,0.4,40.0,325,5852.850825694796,0,7,20,56,97
235618,4.0,10.0,2.0,9.0,2.0,1.0,0.5,0.4,40.0,326,5836.0635321184955,0,7,20,58,97
235618,4.0,10.0,2.0,9.0,2.0,1.0,0.5,0.4,40.0,327,6015.07941514812,0,8,19,60,95
235618,4.0,10.0,2.0,9.0,2.0,1.0,0.5,0.4,40.0,328,6038.84926893515,0,7,18,61,93
235618,4.0,10.0,2.0,9.0,2.0,1.0,0.5,0.4,40.0,329,6068.561586168937,0,6,18,60,90
235618,4.0,10.0,2.0,9.0,2.0,1.0,0.5,0.4,40.0,330,5905.701982711171,0,6,19,60,91
235618,4.0,10.0,2.0,9.0,2.0,1.0,0.5,0.4,40.0,331,5922.127478388964,0,7,19,60,92
235618,4.0,10.0,2.0,9.0,2.0,1.0,0.5,0.4,40.0,332,5962.659347986205,0,7,21,62,93
235618,4.0,10.0,2.0,9.0,2.0,1.0,0.5,0.4,40.0,333,6053.324184982756,0,7,22,63,93
235618,4.0,10.0,2.0,9.0,2.0,1.0,0.5,0.4,40.0,334,6086.655231228446,0,6,24,62,95
235618,4.0,10.0,2.0,9.0,2.0,1.0,0.5,0.4,40.0,335,6108.319039035558,0,5,22,62,95
235618,4.0,10.0,2.0,9.0,2.0,1.0,0.5,0.4,40.0,336,6035.398798794447,0,5,22,64,95
235618,4.0,10.0,2.0,9.0,2.0,1.0,0.5,0.4,40.0,337,6044.24849849306,0,4,22,63,96
235618,4.0,10.0,2.0,9.0,2.0,1.0,0.5,0.4,40.0,338,6075.310623116325,0,3,21,64,90
235618,4.0,10.0,2.0,9.0,2.0,1.0,0.5,0.4,40.0,339,6034.138278895406,0,3,21,61,87
235618,4.0,10.0,2.0,9.0,2.0,1.0,0.5,0.4,40.0,340,5802.672848619258,0,3,20,61,87
235618,4.0,10.0,2.0,9.0,2.0,1.0,0.5,0.4,40.0,341,5713.3410607740725,0,3,20,59,87
235618,4.0,10.0,2.0,9.0,2.0,1.0,0.5,0.4,40.0,342,5581.676325967591,0,3,21,56,87
235618,4.0,10.0,2.0,9.0,2.0,1.0,0.5,0.4,40.0,343,5437.095407459488,0,3,23,52,89
235618,4.0,10.0,2.0,9.0,2.0,1.0,0.5,0.4,40.0,344,5336.36925932436,0,3,20,54,86
235618,4.0,10.0,2.0,9.0,2.0,1.0,0.5,0.4,40.0,345,5390.461574155451,0,3,20,53,87
235618,4.0,10.0,2.0,9.0,2.0,1.0,0.5,0.4,40.0,346,5458.076967694314,0,3,21,54,89
235618,4.0,10.0,2.0,9.0,2.0,1.0,0.5,0.4,40.0,347,5482.596209617892,0,3,19,55,87
235618,4.0,10.0,2.0,9.0,2.0,1.0,0.5,0.4,40.0,348,5433.245262022365,0,3,18,54,86
235618,4.0,10.0,2.0,9.0,2.0,1.0,0.5,0.4,40.0,349,5371.556577527956,0,2,18,54,83
235618,4.0,10.0,2.0,9.0,2.0,1.0,0.5,0.4,40.0,350,5354.445721909944,0,2,17,53,85
235618,4.0,10.0,2.0,9.0,2.0,1.0,0.5,0.4,40.0,351,5353.05715238743,0,3,17,53,85
235618,4.0,10.0,2.0,9.0,2.0,1.0,0.5,0.4,40.0,352,5411.321440484287,0,4,19,54,86
235618,4.0,10.0,2.0,9.0,2.0,1.0,0.5,0.4,40.0,353,5364.151800605359,0,5,16,54,85
235618,4.0,10.0,2.0,9.0,2.0,1.0,0.5,0.4,40.0,354,5405.189750756699,0,5,16,53,86
235618,4.0,10.0,2.0,9.0,2.0,1.0,0.5,0.4,40.0,355,5356.4871884458735,0,5,16,55,85
235618,4.0,10.0,2.0,9.0,2.0,1.0,0.5,0.4,40.0,356,5355.608985557342,0,5,15,57,82
235618,4.0,10.0,2.0,9.0,2.0,1.0,0.5,0.4,40.0,357,5314.511231946677,0,5,12,55,81
235618,4.0,10.0,2.0,9.0,2.0,1.0,0.5,0.4,40.0,358,5223.139039933347,0,5,12,55,79
235618,4.0,10.0,2.0,9.0,2.0,1.0,0.5,0.4,40.0,359,5268.9237999166835,0,5,14,54,84
235618,4.0,10.0,2.0,9.0,2.0,1.0,0.5,0.4,40.0,360,5226.154749895854,0,7,13,51,84
235618,4.0,10.0,2.0,9.0,2.0,1.0,0.5,0.4,40.0,361,5192.693437369818,0,8,15,49,86
235618,4.0,10.0,2.0,9.0,2.0,1.0,0.5,0.4,40.0,362,5190.866796712272,1,8,16,47,87
235618,4.0,10.0,2.0,9.0,2.0,1.0,0.5,0.4,40.0,363,5148.58349589034,2,7,16,46,87
235618,4.0,10.0,2.0,9.0,2.0,1.0,0.5,0.4,40.0,364,5015.729369862925,2,8,16,47,85
235618,4.0,10.0,2.0,9.0,2.0,1.0,0.5,0.4,40.0,365,5069.661712328656,3,8,15,45,83
235618,4.0,10.0,2.0,9.0,2.0,1.0,0.5,0.4,40.0,366,4977.07714041082,3,8,15,47,83
235618,4.0,10.0,2.0,9.0,2.0,1.0,0.5,0.4,40.0,367,5141.346425513525,3,8,15,48,84
235618,4.0,10.0,2.0,9.0,2.0,1.0,0.5,0.4,40.0,368,5206.6830318919065,3,8,15,48,82
235618,4.0,10.0,2.0,9.0,2.0,1.0,0.5,0.4,40.0,369,5368.353789864883,3,7,15,47,82
235618,4.0,10.0,2.0,9.0,2.0,1.0,0.5,0.4,40.0,370,5470.442237331104,3,8,14,48,82
235618,4.0,10.0,2.0,9.0,2.0,1.0,0.5,0.4,40.0,371,5538.052796663879,3,8,14,47,82
235618,4.0,10.0,2.0,9.0,2.0,1.0,0.5,0.4,40.0,372,5462.565995829849,3,8,14,49,85
235618,4.0,10.0,2.0,9.0,2.0,1.0,0.5,0.4,40.0,373,5388.207494787312,4,7,13,50,83
235618,4.0,10.0,2.0,9.0,2.0,1.0,0.5,0.4,40.0,374,5155.2593684841395,5,7,13,51,85
235618,4.0,10.0,2.0,9.0,2.0,1.0,0.5,0.4,40.0,375,5344.074210605175,6,8,12,51,88
235618,4.0,10.0,2.0,9.0,2.0,1.0,0.5,0.4,40.0,376,5460.092763256469,6,8,12,47,85
235618,4.0,10.0,2.0,9.0,2.0,1.0,0.5,0.4,40.0,377,5685.115954070587,6,8,12,45,82
235618,4.0,10.0,2.0,9.0,2.0,1.0,0.5,0.4,40.0,378,5866.394942588233,7,8,10,45,79
235618,4.0,10.0,2.0,9.0,2.0,1.0,0.5,0.4,40.0,379,6032.993678235291,7,8,11,43,81
235618,4.0,10.0,2.0,9.0,2.0,1.0,0.5,0.4,40.0,380,6161.242097794113,7,8,8,45,79
235618,4.0,10.0,2.0,9.0,2.0,1.0,0.5,0.4,40.0,381,6141.5526222426415,7,8,8,46,77
235618,4.0,10.0,2.0,9.0,2.0,1.0,0.5,0.4,40.0,382,5916.940777803302,7,9,8,46,78
235618,4.0,10.0,2.0,9.0,2.0,1.0,0.5,0.4,40.0,383,5656.175972254127,7,10,11,47,83
235618,4.0,10.0,2.0,9.0,2.0,1.0,0.5,0.4,40.0,384,5150.219965317659,6,11,11,46,85
235618,4.0,10.0,2.0,9.0,2.0,1.0,0.5,0.4,40.0,385,4937.774956647074,6,12,11,45,87
235618,4.0,10.0,2.0,9.0,2.0,1.0,0.5,0.4,40.0,386,5092.218695808842,6,11,11,45,89
235618,4.0,10.0,2.0,9.0,2.0,1.0,0.5,0.4,40.0,387,5265.273369761053,6,10,10,45,84
235618,4.0,10.0,2.0,9.0,2.0,1.0,0.5,0.4,40.0,388,5421.591712201316,6,10,10,43,85
235618,4.0,10.0,2.0,9.0,2.0,1.0,0.5,0.4,40.0,389,5556.989640251645,6,10,10,41,87
235618,4.0,10.0,2.0,9.0,2.0,1.0,0.5,0.4,40.0,390,5686.237050314557,6,10,10,41,87
235618,4.0,10.0,2.0,9.0,2.0,1.0,0.5,0.4,40.0,391,5847.796312893196,7,10,10,40,89
235618,4.0,10.0,2.0,9.0,2.0,1.0,0.5,0.4,40.0,392,5929.745391116495,9,10,10,41,94
235618,4.0,10.0,2.0,9.0,2.0,1.0,0.5,0.4,40.0,393,5992.181738895619,9,10,12,42,98
235618,4.0,10.0,2.0,9.0,2.0,1.0,0.5,0.4,40.0,394,5870.2271736195235,9,12,11,40,101
235618,4.0,10.0,2.0,9.0,2.0,1.0,0.5,0.4,40.0,395,5677.783967024405,9,13,11,39,99
235618,4.0,10.0,2.0,9.0,2.0,1.0,0.5,0.4,40.0,396,5277.229958780506,8,14,10,36,101
235618,4.0,10.0,2.0,9.0,2.0,1.0,0.5,0.4,40.0,397,5116.537448475633,8,15,10,34,101
235618,4.0,10.0,2.0,9.0,2.0,1.0,0.5,0.4,40.0,398,5175.671810594541,8,16,9,35,100
235618,4.0,10.0,2.0,9.0,2.0,1.0,0.5,0.4,40.0,399,5269.589763243176,9,16,9,35,100
235618,4.0,10.0,2.0,9.0,2.0,1.0,0.5,0.4,40.0,400,5346.98720405397,11,16,10,34,103
235618,4.0,10.0,2.0,9.0,2.0,1.0,0.5,0.4,40.0,401,5403.734005067463,13,13,9,34,102
235618,4.0,10.0,2.0,9.0,2.0,1.0,0.5,0.4,40.0,402,5374.667506334328,13,12,8,34,99
235618,4.0,10.0,2.0,9.0,2.0,1.0,0.5,0.4,40.0,403,5298.33438291791,15,11,9,32,103
235618,4.0,10.0,2.0,9.0,2.0,1.0,0.5,0.4,40.0,404,5242.917978647388,17,11,9,33,103
235618,4.0,10.0,2.0,9.0,2.0,1.0,0.5,0.4,40.0,405,5293.647473309235,17,13,8,34,104
235618,4.0,10.0,2.0,9.0,2.0,1.0,0.5,0.4,40.0,406,5237.059341636543,16,13,8,33,102
235618,4.0,10.0,2.0,9.0,2.0,1.0,0.5,0.4,40.0,407,5326.324177045679,15,14,9,33,104
235618,4.0,10.0,2.0,9.0,2.0,1.0,0.5,0.4,40.0,408,5337.905221307099,15,14,10,32,105
235618,4.0,10.0,2.0,9.0,2.0,1.0,0.5,0.4,40.0,409,5452.381526633873,14,15,9,31,102
235618,4.0,10.0,2.0,9.0,2.0,1.0,0.5,0.4,40.0,410,5335.476908292341,14,16,9,34,103
235618,4.0,10.0,2.0,9.0,2.0,1.0,0.5,0.4,40.0,411,5269.346135365427,15,15,11,34,104
235618,4.0,10.0,2.0,9.0,2.0,1.0,0.5,0.4,40.0,412,5146.682669206783,16,15,11,34,101
235618,4.0,10.0,2.0,9.0,2.0,1.0,0.5,0.4,40.0,413,5153.3533365084795,17,14,12,33,100
235618,4.0,10.0,2.0,9.0,2.0,1.0,0.5,0.4,40.0,414,5021.6916706356,17,14,13,33,100
235618,4.0,10.0,2.0,9.0,2.0,1.0,0.5,0.4,40.0,415,5077.114588294499,17,13,13,32,98
235618,4.0,10.0,2.0,9.0,2.0,1.0,0.5,0.4,40.0,416,4966.393235368124,14,13,13,32,97
235618,4.0,10.0,2.0,9.0,2.0,1.0,0.5,0.4,40.0,417,4987.991544210155,12,13,14,32,97
235618,4.0,10.0,2.0,9.0,2.0,1.0,0.5,0.4,40.0,418,4854.9894302626935,12,13,15,32,94
235618,4.0,10.0,2.0,9.0,2.0,1.0,0.5,0.4,40.0,419,4848.736787828367,12,13,17,31,95
235618,4.0,10.0,2.0,9.0,2.0,1.0,0.5,0.4,40.0,420,4840.920984785458,10,14,17,33,94
235618,4.0,10.0,2.0,9.0,2.0,1.0,0.5,0.4,40.0,421,4891.151230981823,9,14,18,33,95
235618,4.0,10.0,2.0,9.0,2.0,1.0,0.5,0.4,40.0,422,4913.939038727278,10,15,18,30,98
235618,4.0,10.0,2.0,9.0,2.0,1.0,0.5,0.4,40.0,423,5142.423798409098,9,14,19,29,97
235618,4.0,10.0,2.0,9.0,2.0,1.0,0.5,0.4,40.0,424,5128.029748011372,10,14,17,28,96
235618,4.0,10.0,2.0,9.0,2.0,1.0,0.5,0.4,40.0,425,5150.0371850142155,10,14,16,28,98
235618,4.0,10.0,2.0,9.0,2.0,1.0,0.5,0.4,40.0,426,4977.546481267769,10,15,16,27,102
235618,4.0,10.0,2.0,9.0,2.0,1.0,0.5,0.4,40.0,427,4841.933101584711,10,17,16,23,104
235618,4.0,10.0,2.0,9.0,2.0,1.0,0.5,0.4,40.0,428,4772.416376980889,9,19,15,23,102
235618,4.0,10.0,2.0,9.0,2.0,1.0,0.5,0.4,40.0,429,4785.520471226111,8,19,15,22,101
235618,4.0,10.0,2.0,9.0,2.0,1.0,0.5,0.4,40.0,430,4701.900589032639,7,19,15,24,99
235618,4.0,10.0,2.0,9.0,2.0,1.0,0.5,0.4,40.0,431,4717.375736290798,7,19,14,23,98
235618,4.0,10.0,2.0,9.0,2.0,1.0,0.5,0.4,40.0,432,4616.719670363498,6,19,15,23,95
235618,4.0,10.0,2.0,9.0,2.0,1.0,0.5,0.4,40.0,433,4570.899587954373,6,20,16,24,97
235618,4.0,10.0,2.0,9.0,2.0,1.0,0.5,0.4,40.0,434,4573.624484942966,6,20,16,24,97
235618,4.0,10.0,2.0,9.0,2.0,1.0,0.5,0.4,40.0,435,4677.030606178707,6,19,16,22,98
235618,4.0,10.0,2.0,9.0,2.0,1.0,0.5,0.4,40.0,436,4746.288257723383,6,20,16,21,100
235618,4.0,10.0,2.0,9.0,2.0,1.0,0.5,0.4,40.0,437,4752.860322154229,5,20,18,21,100
235618,4.0,10.0,2.0,9.0,2.0,1.0,0.5,0.4,40.0,438,4661.075402692786,5,21,17,19,100
235618,4.0,10.0,2.0,9.0,2.0,1.0,0.5,0.4,40.0,439,4686.344253365983,5,21,17,19,96
235618,4.0,10.0,2.0,9.0,2.0,1.0,0.5,0.4,40.0,440,4537.930316707479,6,21,18,20,98
235618,4.0,10.0,2.0,9.0,2.0,1.0,0.5,0.4,40.0,441,4452.4128958843485,6,21,19,20,95
235618,4.0,10.0,2.0,9.0,2.0,1.0,0.5,0.4,40.0,442,4345.516119855436,6,20,20,20,96
235618,4.0,10.0,2.0,9.0,2.0,1.0,0.5,0.4,40.0,443,4511.895149819295,7,19,20,20,96
235618,4.0,10.0,2.0,9.0,2.0,1.0,0.5,0.4,40.0,444,4459.868937274118,6,20,21,17,96
235618,4.0,10.0,2.0,9.0,2.0,1.0,0.5,0.4,40.0,445,4554.836171592648,6,20,21,19,95
235618,4.0,10.0,2.0,9.0,2.0,1.0,0.5,0.4,40.0,446,4493.5452144908095,6,19,20,21,90
235618,4.0,10.0,2.0,9.0,2.0,1.0,0.5,0.4,40.0,447,4416.931518113512,7,19,21,21,92
235618,4.0,10.0,2.0,9.0,2.0,1.0,0.5,0.4,40.0,448,4301.164397641889,7,19,22,20,93
235618,4.0,10.0,2.0,9.0,2.0,1.0,0.5,0.4,40.0,449,4336.455497052361,8,17,22,21,92
235618,4.0,10.0,2.0,9.0,2.0,1.0,0.5,0.4,40.0,450,4400.5693713154515,9,16,23,22,92
235618,4.0,10.0,2.0,9.0,2.0,1.0,0.5,0.4,40.0,451,4640.711714144314,9,14,24,20,91
235618,4.0,10.0,2.0,9.0,2.0,1.0,0.5,0.4,40.0,452,4840.889642680393,10,11,25,18,90
235618,4.0,10.0,2.0,9.0,2.0,1.0,0.5,0.4,40.0,453,5091.112053350491,10,11,23,16,89
235618,4.0,10.0,2.0,9.0,2.0,1.0,0.5,0.4,40.0,454,5303.890066688114,9,12,24,16,91
235618,4.0,10.0,2.0,9.0,2.0,1.0,0.5,0.4,40.0,455,5409.862583360142,9,13,24,17,92
235618,4.0,10.0,2.0,9.0,2.0,1.0,0.5,0.4,40.0,456,5382.328229200177,8,13,24,17,92
235618,4.0,10.0,2.0,9.0,2.0,1.0,0.5,0.4,40.0,457,5287.9102865002205,8,13,23,18,91
235618,4.0,10.0,2.0,9.0,2.0,1.0,0.5,0.4,40.0,458,5089.887858125276,8,13,25,18,90
235618,4.0,10.0,2.0,9.0,2.0,1.0,0.5,0.4,40.0,459,4782.359822656595,8,14,24,19,89
235618,4.0,10.0,2.0,9.0,2.0,1.0,0.5,0.4,40.0,460,4337.9497783207435,8,15,25,20,90
235618,4.0,10.0,2.0,9.0,2.0,1.0,0.5,0.4,40.0,461,4042.4372229009296,10,16,23,19,87
235618,4.0,10.0,2.0,9.0,2.0,1.0,0.5,0.4,40.0,462,4133.046528626162,11,16,21,20,86
235618,4.0,10.0,2.0,9.0,2.0,1.0,0.5,0.4,40.0,463,4146.3081607827025,13,15,20,21,83
235618,4.0,10.0,2.0,9.0,2.0,1.0,0.5,0.4,40.0,464,4162.885200978379,14,15,18,22,80
235618,4.0,10.0,2.0,9.0,2.0,1.0,0.5,0.4,40.0,465,4063.6065012229737,14,16,19,23,82
235618,4.0,10.0,2.0,9.0,2.0,1.0,0.5,0.4,40.0,466,4059.508126528717,14,16,20,22,83
235618,4.0,10.0,2.0,9.0,2.0,1.0,0.5,0.4,40.0,467,4114.385158160896,15,17,22,21,87
235618,4.0,10.0,2.0,9.0,2.0,1.0,0.5,0.4,40.0,468,4162.9814477011205,16,16,23,21,88
235618,4.0,10.0,2.0,9.0,2.0,1.0,0.5,0.4,40.0,469,4263.726809626401,16,17,23,22,89
235618,4.0,10.0,2.0,9.0,2.0,1.0,0.5,0.4,40.0,470,4329.658512033001,17,18,23,21,89
235618,4.0,10.0,2.0,9.0,2.0,1.0,0.5,0.4,40.0,471,4512.0731400412515,17,17,23,19,88
235618,4.0,10.0,2.0,9.0,2.0,1.0,0.5,0.4,40.0,472,4600.091425051564,17,18,25,18,92
235618,4.0,10.0,2.0,9.0,2.0,1.0,0.5,0.4,40.0,473,4630.114281314455,16,20,25,19,92
235618,4.0,10.0,2.0,9.0,2.0,1.0,0.5,0.4,40.0,474,4627.642851643069,17,21,25,19,93
235618,4.0,10.0,2.0,9.0,2.0,1.0,0.5,0.4,40.0,475,4624.553564553836,16,22,26,18,93
235618,4.0,10.0,2.0,9.0,2.0,1.0,0.5,0.4,40.0,476,4540.691955692295,17,21,26,18,94
235618,4.0,10.0,2.0,9.0,2.0,1.0,0.5,0.4,40.0,477,4295.864944615369,18,20,26,20,93
235618,4.0,10.0,2.0,9.0,2.0,1.0,0.5,0.4,40.0,478,4169.831180769211,17,21,27,20,93
235618,4.0,10.0,2.0,9.0,2.0,1.0,0.5,0.4,40.0,479,4272.288975961514,16,21,27,21,91
235618,4.0,10.0,2.0,9.0,2.0,1.0,0.5,0.4,40.0,480,4520.361219951892,15,21,25,21,86
235618,4.0,10.0,2.0,9.0,2.0,1.0,0.5,0.4,40.0,481,4710.451524939865,16,20,26,19,86
235618,4.0,10.0,2.0,9.0,2.0,1.0,0.5,0.4,40.0,482,5008.064406174831,16,20,22,19,83
235618,4.0,10.0,2.0,9.0,2.0,1.0,0.5,0.4,40.0,483,5220.080507718539,17,21,23,19,85
235618,4.0,10.0,2.0,9.0,2.0,1.0,0.5,0.4,40.0,484,5325.100634648174,17,22,24,19,87
235618,4.0,10.0,2.0,9.0,2.0,1.0,0.5,0.4,40.0,485,5296.375793310217,17,23,24,19,88
235618,4.0,10.0,2.0,9.0,2.0,1.0,0.5,0.4,40.0,486,5260.469741637771,17,24,26,20,93
235618,4.0,10.0,2.0,9.0,2.0,1.0,0.5,0.4,40.0,487,5115.587177047214,17,25,26,21,94
235618,4.0,10.0,2.0,9.0,2.0,1.0,0.5,0.4,40.0,488,4854.483971309018,16,25,29,21,97
235618,4.0,10.0,2.0,9.0,2.0,1.0,0.5,0.4,40.0,489,4508.104964136272,17,25,28,21,97
235618,4.0,10.0,2.0,9.0,2.0,1.0,0.5,0.4,40.0,490,4295.131205170341,16,24,27,20,93
235618,4.0,10.0,2.0,9.0,2.0,1.0,0.5,0.4,40.0,491,4128.914006462926,16,23,29,20,94
235618,4.0,10.0,2.0,9.0,2.0,1.0,0.5,0.4,40.0,492,4261.142508078658,17,22,30,20,93
235618,4.0,10.0,2.0,9.0,2.0,1.0,0.5,0.4,40.0,493,4406.428135098322,17,21,30,20,92
235618,4.0,10.0,2.0,9.0,2.0,1.0,0.5,0.4,40.0,494,4568.035168872902,14,22,30,20,89
235618,4.0,10.0,2.0,9.0,2.0,1.0,0.5,0.4,40.0,495,4750.043961091128,14,23,28,20,89
235618,4.0,10.0,2.0,9.0,2.0,1.0,0.5,0.4,40.0,496,4877.55495136391,14,24,29,21,91
235618,4.0,10.0,2.0,9.0,2.0,1.0,0.5,0.4,40.0,497,5116.943689204887,14,23,27,22,87
235618,4.0,10.0,2.0,9.0,2.0,1.0,0.5,0.4,40.0,498,5296.179611506109,14,23,28,23,87
235618,4.0,10.0,2.0,9.0,2.0,1.0,0.5,0.4,40.0,499,5540.224514382636,14,23,27,25,85