Exp Num,agent:svo_convergence_factor,agent:params:metabolism,agent:params:consumption_factor,agent:params:procreate_cost_factor,agent:params:procreate_req_factor,agent:params:start_energy_factor,agent:params:caught_chance,agent:params:caught_cooldown_factor,agent:params:maximum_age,Epoch,Resource,A,B,C,D,E
224715,4.0,5.0,4.0,9.0,3.0,1.0,0.4,0.4,10.0,0,3000.0,13,24,19,24,76
224715,4.0,5.0,4.0,9.0,3.0,1.0,0.4,0.4,10.0,1,3150.0,13,24,19,24,76
224715,4.0,5.0,4.0,9.0,3.0,1.0,0.4,0.4,10.0,2,3517.5,13,24,19,24,76
224715,4.0,5.0,4.0,9.0,3.0,1.0,0.4,0.4,10.0,3,4036.875,13,24,19,24,76
224715,4.0,5.0,4.0,9.0,3.0,1.0,0.4,0.4,10.0,4,4486.09375,10,17,11,22,58
224715,4.0,5.0,4.0,9.0,3.0,1.0,0.4,0.4,10.0,5,4607.6171875,8,15,10,22,52
224715,4.0,5.0,4.0,9.0,3.0,1.0,0.4,0.4,10.0,6,4679.521484375,8,14,10,22,51
224715,4.0,5.0,4.0,9.0,3.0,1.0,0.4,0.4,10.0,7,4689.40185546875,8,14,10,22,51
224715,4.0,5.0,4.0,9.0,3.0,1.0,0.4,0.4,10.0,8,4541.7523193359375,8,15,10,21,52
224715,4.0,5.0,4.0,9.0,3.0,1.0,0.4,0.4,10.0,9,4237.190399169922,8,17,11,21,55
224715,4.0,5.0,4.0,9.0,3.0,1.0,0.4,0.4,10.0,10,4416.487998962402,6,12,5,10,34
224715,4.0,5.0,4.0,9.0,3.0,1.0,0.4,0.4,10.0,11,5020.609998703003,3,8,3,4,21
224715,4.0,5.0,4.0,9.0,3.0,1.0,0.4,0.4,10.0,12,5955.762498378754,1,5,3,3,13
224715,4.0,5.0,4.0,9.0,3.0,1.0,0.4,0.4,10.0,13,7224.703122973442,1,7,3,1,11
224715,4.0,5.0,4.0,9.0,3.0,1.0,0.4,0.4,10.0,14,8850.878903716803,0,7,1,1,8
224715,4.0,5.0,4.0,9.0,3.0,1.0,0.4,0.4,10.0,15,9880.0,0,5,1,0,6
224715,4.0,5.0,4.0,9.0,3.0,1.0,0.4,0.4,10.0,16,9880.0,0,5,3,0,8
224715,4.0,5.0,4.0,9.0,3.0,1.0,0.4,0.4,10.0,17,9840.0,0,6,3,0,9
224715,4.0,5.0,4.0,9.0,3.0,1.0,0.4,0.4,10.0,18,9820.0,0,6,3,0,9
224715,4.0,5.0,4.0,9.0,3.0,1.0,0.4,0.4,10.0,19,9820.0,0,8,4,0,12
224715,4.0,5.0,4.0,9.0,3.0,1.0,0.4,0.4,10.0,20,9760.0,0,9,4,0,13
224715,4.0,5.0,4.0,9.0,3.0,1.0,0.4,0.4,10.0,21,9800.0,0,7,3,0,10
224715,4.0,5.0,4.0,9.0,3.0,1.0,0.4,0.4,10.0,22,9800.0,0,8,5,0,13
224715,4.0,5.0,4.0,9.0,3.0,1.0,0.4,0.4,10.0,23,9740.0,0,10,5,0,15
224715,4.0,5.0,4.0,9.0,3.0,1.0,0.4,0.4,10.0,24,9720.0,0,9,5,0,14
224715,4.0,5.0,4.0,9.0,3.0,1.0,0.4,0.4,10.0,25,9740.0,0,10,7,0,17
224715,4.0,5.0,4.0,9.0,3.0,1.0,0.4,0.4,10.0,26,9680.0,0,10,7,0,17
224715,4.0,5.0,4.0,9.0,3.0,1.0,0.4,0.4,10.0,27,9700.0,0,10,5,0,15
224715,4.0,5.0,4.0,9.0,3.0,1.0,0.4,0.4,10.0,28,9720.0,0,13,6,0,19
224715,4.0,5.0,4.0,9.0,3.0,1.0,0.4,0.4,10.0,29,9620.0,0,14,7,0,21
224715,4.0,5.0,4.0,9.0,3.0,1.0,0.4,0.4,10.0,30,9600.0,0,14,7,0,21
224715,4.0,5.0,4.0,9.0,3.0,1.0,0.4,0.4,10.0,31,9600.0,0,17,8,0,25
224715,4.0,5.0,4.0,9.0,3.0,1.0,0.4,0.4,10.0,32,9540.0,0,16,10,0,26
224715,4.0,5.0,4.0,9.0,3.0,1.0,0.4,0.4,10.0,33,9500.0,0,16,9,0,25
224715,4.0,5.0,4.0,9.0,3.0,1.0,0.4,0.4,10.0,34,9540.0,0,20,10,0,30
224715,4.0,5.0,4.0,9.0,3.0,1.0,0.4,0.4,10.0,35,9400.0,0,23,11,0,34
224715,4.0,5.0,4.0,9.0,3.0,1.0,0.4,0.4,10.0,36,9400.0,0,22,9,0,31
224715,4.0,5.0,4.0,9.0,3.0,1.0,0.4,0.4,10.0,37,9420.0,0,23,12,0,35
224715,4.0,5.0,4.0,9.0,3.0,1.0,0.4,0.4,10.0,38,9320.0,0,25,15,0,40
224715,4.0,5.0,4.0,9.0,3.0,1.0,0.4,0.4,10.0,39,9260.0,0,22,14,0,36
224715,4.0,5.0,4.0,9.0,3.0,1.0,0.4,0.4,10.0,40,9320.0,0,25,17,0,42
224715,4.0,5.0,4.0,9.0,3.0,1.0,0.4,0.4,10.0,41,9180.0,0,30,19,0,49
224715,4.0,5.0,4.0,9.0,3.0,1.0,0.4,0.4,10.0,42,9060.0,0,29,19,0,48
224715,4.0,5.0,4.0,9.0,3.0,1.0,0.4,0.4,10.0,43,9120.0,0,31,22,0,53
224715,4.0,5.0,4.0,9.0,3.0,1.0,0.4,0.4,10.0,44,8980.0,0,34,26,1,60
224715,4.0,5.0,4.0,9.0,3.0,1.0,0.4,0.4,10.0,45,8880.0,0,34,23,1,57
224715,4.0,5.0,4.0,9.0,3.0,1.0,0.4,0.4,10.0,46,8940.0,2,33,24,1,59
224715,4.0,5.0,4.0,9.0,3.0,1.0,0.4,0.4,10.0,47,8840.0,3,38,29,1,70
224715,4.0,5.0,4.0,9.0,3.0,1.0,0.4,0.4,10.0,48,8680.0,3,37,28,2,68
224715,4.0,5.0,4.0,9.0,3.0,1.0,0.4,0.4,10.0,49,8680.0,5,40,28,2,73
224715,4.0,5.0,4.0,9.0,3.0,1.0,0.4,0.4,10.0,50,8540.0,5,48,33,2,86
224715,4.0,5.0,4.0,9.0,3.0,1.0,0.4,0.4,10.0,51,8340.0,6,46,36,2,88
224715,4.0,5.0,4.0,9.0,3.0,1.0,0.4,0.4,10.0,52,8360.0,8,45,36,2,89
224715,4.0,5.0,4.0,9.0,3.0,1.0,0.4,0.4,10.0,53,8260.0,10,51,42,3,103
224715,4.0,5.0,4.0,9.0,3.0,1.0,0.4,0.4,10.0,54,7980.0,10,52,44,3,106
224715,4.0,5.0,4.0,9.0,3.0,1.0,0.4,0.4,10.0,55,7995.0,12,53,42,3,107
224715,4.0,5.0,4.0,9.0,3.0,1.0,0.4,0.4,10.0,56,7893.75,13,59,52,4,124
224715,4.0,5.0,4.0,9.0,3.0,1.0,0.4,0.4,10.0,57,7407.1875,14,60,55,4,129
224715,4.0,5.0,4.0,9.0,3.0,1.0,0.4,0.4,10.0,58,6858.984375,14,61,56,4,131
224715,4.0,5.0,4.0,9.0,3.0,1.0,0.4,0.4,10.0,59,5993.73046875,14,68,68,4,150
224715,4.0,5.0,4.0,9.0,3.0,1.0,0.4,0.4,10.0,60,5452.1630859375,13,65,72,3,150
224715,4.0,5.0,4.0,9.0,3.0,1.0,0.4,0.4,10.0,61,5235.203857421875,15,63,71,3,149
224715,4.0,5.0,4.0,9.0,3.0,1.0,0.4,0.4,10.0,62,5224.004821777344,18,63,68,4,149
224715,4.0,5.0,4.0,9.0,3.0,1.0,0.4,0.4,10.0,63,5650.00602722168,19,63,65,4,147
224715,4.0,5.0,4.0,9.0,3.0,1.0,0.4,0.4,10.0,64,6342.5075340271,17,57,60,4,134
224715,4.0,5.0,4.0,9.0,3.0,1.0,0.4,0.4,10.0,65,7248.1344175338745,14,55,55,4,124
224715,4.0,5.0,4.0,9.0,3.0,1.0,0.4,0.4,10.0,66,7780.168021917343,13,52,56,4,121
224715,4.0,5.0,4.0,9.0,3.0,1.0,0.4,0.4,10.0,67,8245.210027396679,12,48,52,4,112
224715,4.0,5.0,4.0,9.0,3.0,1.0,0.4,0.4,10.0,68,8320.0,13,44,51,6,108
224715,4.0,5.0,4.0,9.0,3.0,1.0,0.4,0.4,10.0,69,8280.0,13,42,49,5,104
224715,4.0,5.0,4.0,9.0,3.0,1.0,0.4,0.4,10.0,70,8300.0,14,39,37,5,90
224715,4.0,5.0,4.0,9.0,3.0,1.0,0.4,0.4,10.0,71,8380.0,14,33,37,6,84
224715,4.0,5.0,4.0,9.0,3.0,1.0,0.4,0.4,10.0,72,8360.0,16,35,37,6,88
224715,4.0,5.0,4.0,9.0,3.0,1.0,0.4,0.4,10.0,73,8400.0,15,35,32,6,82
224715,4.0,5.0,4.0,9.0,3.0,1.0,0.4,0.4,10.0,74,8340.0,16,38,35,5,89
224715,4.0,5.0,4.0,9.0,3.0,1.0,0.4,0.4,10.0,75,8220.0,17,40,42,5,99
224715,4.0,5.0,4.0,9.0,3.0,1.0,0.4,0.4,10.0,76,8000.0,18,42,45,6,105
224715,4.0,5.0,4.0,9.0,3.0,1.0,0.4,0.4,10.0,77,7900.0,21,47,44,7,112
224715,4.0,5.0,4.0,9.0,3.0,1.0,0.4,0.4,10.0,78,7595.0,26,51,49,7,126
224715,4.0,5.0,4.0,9.0,3.0,1.0,0.4,0.4,10.0,79,6993.75,26,53,53,7,132
224715,4.0,5.0,4.0,9.0,3.0,1.0,0.4,0.4,10.0,80,6122.1875,31,60,50,7,141
224715,4.0,5.0,4.0,9.0,3.0,1.0,0.4,0.4,10.0,81,5352.734375,32,66,52,9,150
224715,4.0,5.0,4.0,9.0,3.0,1.0,0.4,0.4,10.0,82,5470.91796875,33,61,50,8,144
224715,4.0,5.0,4.0,9.0,3.0,1.0,0.4,0.4,10.0,83,5718.6474609375,32,57,48,7,138
224715,4.0,5.0,4.0,9.0,3.0,1.0,0.4,0.4,10.0,84,6168.309326171875,32,61,43,8,137
224715,4.0,5.0,4.0,9.0,3.0,1.0,0.4,0.4,10.0,85,6750.386657714844,28,59,45,8,133
224715,4.0,5.0,4.0,9.0,3.0,1.0,0.4,0.4,10.0,86,7377.983322143555,29,55,42,8,127
224715,4.0,5.0,4.0,9.0,3.0,1.0,0.4,0.4,10.0,87,7442.479152679443,29,55,38,7,123
224715,4.0,5.0,4.0,9.0,3.0,1.0,0.4,0.4,10.0,88,7323.098940849304,29,54,36,6,121
224715,4.0,5.0,4.0,9.0,3.0,1.0,0.4,0.4,10.0,89,6993.87367606163,25,56,34,6,117
224715,4.0,5.0,4.0,9.0,3.0,1.0,0.4,0.4,10.0,90,6642.342095077038,24,56,32,6,114
224715,4.0,5.0,4.0,9.0,3.0,1.0,0.4,0.4,10.0,91,6242.927618846297,25,53,34,4,115
224715,4.0,5.0,4.0,9.0,3.0,1.0,0.4,0.4,10.0,92,5763.659523557872,28,49,33,3,113
224715,4.0,5.0,4.0,9.0,3.0,1.0,0.4,0.4,10.0,93,5144.5744044473395,26,51,31,2,111
224715,4.0,5.0,4.0,9.0,3.0,1.0,0.4,0.4,10.0,94,4310.718005559174,25,56,32,4,116
224715,4.0,5.0,4.0,9.0,3.0,1.0,0.4,0.4,10.0,95,4228.397506948968,27,57,34,4,121
224715,4.0,5.0,4.0,9.0,3.0,1.0,0.4,0.4,10.0,96,4425.49688368621,27,57,35,2,121
224715,4.0,5.0,4.0,9.0,3.0,1.0,0.4,0.4,10.0,97,4711.871104607762,26,52,33,2,113
224715,4.0,5.0,4.0,9.0,3.0,1.0,0.4,0.4,10.0,98,5289.838880759703,26,51,33,2,112
224715,4.0,5.0,4.0,9.0,3.0,1.0,0.4,0.4,10.0,99,6032.298600949629,25,49,35,2,110
224715,4.0,5.0,4.0,9.0,3.0,1.0,0.4,0.4,10.0,100,6360.373251187037,25,44,31,2,101
224715,4.0,5.0,4.0,9.0,3.0,1.0,0.4,0.4,10.0,101,6590.466563983796,25,41,33,2,100
224715,4.0,5.0,4.0,9.0,3.0,1.0,0.4,0.4,10.0,102,6758.083204979745,21,37,33,2,93
224715,4.0,5.0,4.0,9.0,3.0,1.0,0.4,0.4,10.0,103,6867.604006224681,20,41,30,2,93
224715,4.0,5.0,4.0,9.0,3.0,1.0,0.4,0.4,10.0,104,7044.505007780852,16,39,28,3,84
224715,4.0,5.0,4.0,9.0,3.0,1.0,0.4,0.4,10.0,105,7365.631259726066,15,37,24,4,77
224715,4.0,5.0,4.0,9.0,3.0,1.0,0.4,0.4,10.0,106,7827.039074657583,15,35,22,4,73
224715,4.0,5.0,4.0,9.0,3.0,1.0,0.4,0.4,10.0,107,8383.79884332198,17,33,23,3,74
224715,4.0,5.0,4.0,9.0,3.0,1.0,0.4,0.4,10.0,108,8560.0,19,35,24,3,80
224715,4.0,5.0,4.0,9.0,3.0,1.0,0.4,0.4,10.0,109,8380.0,20,39,27,3,89
224715,4.0,5.0,4.0,9.0,3.0,1.0,0.4,0.4,10.0,110,8280.0,24,43,25,3,95
224715,4.0,5.0,4.0,9.0,3.0,1.0,0.4,0.4,10.0,111,8140.0,27,46,24,4,101
224715,4.0,5.0,4.0,9.0,3.0,1.0,0.4,0.4,10.0,112,8000.0,30,49,27,4,111
224715,4.0,5.0,4.0,9.0,3.0,1.0,0.4,0.4,10.0,113,7780.0,31,55,30,4,121
224715,4.0,5.0,4.0,9.0,3.0,1.0,0.4,0.4,10.0,114,7425.0,34,59,28,4,127
224715,4.0,5.0,4.0,9.0,3.0,1.0,0.4,0.4,10.0,115,6821.25,38,60,29,6,134
224715,4.0,5.0,4.0,9.0,3.0,1.0,0.4,0.4,10.0,116,5886.5625,41,62,34,6,144
224715,4.0,5.0,4.0,9.0,3.0,1.0,0.4,0.4,10.0,117,5138.203125,43,62,33,5,146
224715,4.0,5.0,4.0,9.0,3.0,1.0,0.4,0.4,10.0,118,5122.75390625,42,61,33,5,144
224715,4.0,5.0,4.0,9.0,3.0,1.0,0.4,0.4,10.0,119,5283.4423828125,43,61,32,5,143
224715,4.0,5.0,4.0,9.0,3.0,1.0,0.4,0.4,10.0,120,5604.302978515625,43,61,33,6,144
224715,4.0,5.0,4.0,9.0,3.0,1.0,0.4,0.4,10.0,121,6205.378723144531,41,57,30,6,134
224715,4.0,5.0,4.0,9.0,3.0,1.0,0.4,0.4,10.0,122,6996.723403930664,38,54,28,4,125
224715,4.0,5.0,4.0,9.0,3.0,1.0,0.4,0.4,10.0,123,7425.90425491333,34,48,28,4,115
224715,4.0,5.0,4.0,9.0,3.0,1.0,0.4,0.4,10.0,124,7642.380318641663,32,43,26,5,106
224715,4.0,5.0,4.0,9.0,3.0,1.0,0.4,0.4,10.0,125,7932.975398302078,33,42,23,5,103
224715,4.0,5.0,4.0,9.0,3.0,1.0,0.4,0.4,10.0,126,8096.219247877598,34,42,23,5,103
224715,4.0,5.0,4.0,9.0,3.0,1.0,0.4,0.4,10.0,127,8200.0,37,42,17,3,99
224715,4.0,5.0,4.0,9.0,3.0,1.0,0.4,0.4,10.0,128,8240.0,33,36,19,3,93
224715,4.0,5.0,4.0,9.0,3.0,1.0,0.4,0.4,10.0,129,8280.0,33,38,21,2,97
224715,4.0,5.0,4.0,9.0,3.0,1.0,0.4,0.4,10.0,130,8220.0,36,37,22,2,99
224715,4.0,5.0,4.0,9.0,3.0,1.0,0.4,0.4,10.0,131,8160.0,35,35,24,4,99
224715,4.0,5.0,4.0,9.0,3.0,1.0,0.4,0.4,10.0,132,8060.0,37,36,27,4,105
224715,4.0,5.0,4.0,9.0,3.0,1.0,0.4,0.4,10.0,133,7920.0,42,38,31,4,116
224715,4.0,5.0,4.0,9.0,3.0,1.0,0.4,0.4,10.0,134,7580.0,46,41,33,6,127
224715,4.0,5.0,4.0,9.0,3.0,1.0,0.4,0.4,10.0,135,6955.0,51,43,34,5,135
224715,4.0,5.0,4.0,9.0,3.0,1.0,0.4,0.4,10.0,136,6053.75,55,48,35,7,144
224715,4.0,5.0,4.0,9.0,3.0,1.0,0.4,0.4,10.0,137,5267.1875,57,49,38,7,152
224715,4.0,5.0,4.0,9.0,3.0,1.0,0.4,0.4,10.0,138,5263.984375,57,46,38,7,149
224715,4.0,5.0,4.0,9.0,3.0,1.0,0.4,0.4,10.0,139,5679.98046875,55,46,35,7,142
224715,4.0,5.0,4.0,9.0,3.0,1.0,0.4,0.4,10.0,140,6159.9755859375,53,45,32,7,136
224715,4.0,5.0,4.0,9.0,3.0,1.0,0.4,0.4,10.0,141,6979.969482421875,53,43,29,7,131
224715,4.0,5.0,4.0,9.0,3.0,1.0,0.4,0.4,10.0,142,7384.961853027344,49,43,29,6,127
224715,4.0,5.0,4.0,9.0,3.0,1.0,0.4,0.4,10.0,143,7491.20231628418,50,44,24,6,123
224715,4.0,5.0,4.0,9.0,3.0,1.0,0.4,0.4,10.0,144,7444.002895355225,50,46,21,5,122
224715,4.0,5.0,4.0,9.0,3.0,1.0,0.4,0.4,10.0,145,7245.003619194031,52,45,18,4,120
224715,4.0,5.0,4.0,9.0,3.0,1.0,0.4,0.4,10.0,146,6936.254523992538,50,42,18,7,116
224715,4.0,5.0,4.0,9.0,3.0,1.0,0.4,0.4,10.0,147,6570.318154990673,54,38,17,5,115
224715,4.0,5.0,4.0,9.0,3.0,1.0,0.4,0.4,10.0,148,6132.897693738341,58,35,16,4,113
224715,4.0,5.0,4.0,9.0,3.0,1.0,0.4,0.4,10.0,149,5626.122117172927,51,38,14,5,105
224715,4.0,5.0,4.0,9.0,3.0,1.0,0.4,0.4,10.0,150,4992.652646466158,57,38,16,5,114
224715,4.0,5.0,4.0,9.0,3.0,1.0,0.4,0.4,10.0,151,4280.815808082698,61,43,16,5,123
224715,4.0,5.0,4.0,9.0,3.0,1.0,0.4,0.4,10.0,152,4211.019760103372,58,40,17,5,118
224715,4.0,5.0,4.0,9.0,3.0,1.0,0.4,0.4,10.0,153,4463.7747001292155,59,36,17,5,115
224715,4.0,5.0,4.0,9.0,3.0,1.0,0.4,0.4,10.0,154,4679.718375161519,61,35,18,4,117
224715,4.0,5.0,4.0,9.0,3.0,1.0,0.4,0.4,10.0,155,5049.647968951899,58,35,19,4,115
224715,4.0,5.0,4.0,9.0,3.0,1.0,0.4,0.4,10.0,156,5592.059961189874,58,32,20,4,112
224715,4.0,5.0,4.0,9.0,3.0,1.0,0.4,0.4,10.0,157,6050.074951487342,56,30,21,3,109
224715,4.0,5.0,4.0,9.0,3.0,1.0,0.4,0.4,10.0,158,6302.593689359178,54,28,20,3,103
224715,4.0,5.0,4.0,9.0,3.0,1.0,0.4,0.4,10.0,159,6678.242111698973,46,27,18,1,92
224715,4.0,5.0,4.0,9.0,3.0,1.0,0.4,0.4,10.0,160,6867.8026396237165,46,24,18,0,89
224715,4.0,5.0,4.0,9.0,3.0,1.0,0.4,0.4,10.0,161,7204.753299529646,40,22,17,0,80
224715,4.0,5.0,4.0,9.0,3.0,1.0,0.4,0.4,10.0,162,7625.941624412058,43,18,19,0,80
224715,4.0,5.0,4.0,9.0,3.0,1.0,0.4,0.4,10.0,163,8212.427030515073,45,16,17,0,78
224715,4.0,5.0,4.0,9.0,3.0,1.0,0.4,0.4,10.0,164,8560.0,45,16,18,0,79
224715,4.0,5.0,4.0,9.0,3.0,1.0,0.4,0.4,10.0,165,8580.0,48,16,16,1,80
224715,4.0,5.0,4.0,9.0,3.0,1.0,0.4,0.4,10.0,166,8500.0,49,18,16,1,83
224715,4.0,5.0,4.0,9.0,3.0,1.0,0.4,0.4,10.0,167,8400.0,57,17,17,1,91
224715,4.0,5.0,4.0,9.0,3.0,1.0,0.4,0.4,10.0,168,8220.0,59,21,19,2,100
224715,4.0,5.0,4.0,9.0,3.0,1.0,0.4,0.4,10.0,169,8080.0,61,22,19,3,103
224715,4.0,5.0,4.0,9.0,3.0,1.0,0.4,0.4,10.0,170,7960.0,68,26,19,3,114
224715,4.0,5.0,4.0,9.0,3.0,1.0,0.4,0.4,10.0,171,7710.0,77,28,22,3,128
224715,4.0,5.0,4.0,9.0,3.0,1.0,0.4,0.4,10.0,172,7177.5,78,29,22,3,131
224715,4.0,5.0,4.0,9.0,3.0,1.0,0.4,0.4,10.0,173,6511.875,84,32,21,3,139
224715,4.0,5.0,4.0,9.0,3.0,1.0,0.4,0.4,10.0,174,5459.84375,92,35,19,3,149
224715,4.0,5.0,4.0,9.0,3.0,1.0,0.4,0.4,10.0,175,5004.8046875,92,34,18,4,147
224715,4.0,5.0,4.0,9.0,3.0,1.0,0.4,0.4,10.0,176,5036.005859375,91,36,17,3,147
224715,4.0,5.0,4.0,9.0,3.0,1.0,0.4,0.4,10.0,177,5375.00732421875,88,35,17,3,143
224715,4.0,5.0,4.0,9.0,3.0,1.0,0.4,0.4,10.0,178,6098.7591552734375,84,31,16,3,134
224715,4.0,5.0,4.0,9.0,3.0,1.0,0.4,0.4,10.0,179,7003.448944091797,81,28,15,3,127
224715,4.0,5.0,4.0,9.0,3.0,1.0,0.4,0.4,10.0,180,7714.311180114746,78,27,15,1,123
224715,4.0,5.0,4.0,9.0,3.0,1.0,0.4,0.4,10.0,181,8242.888975143433,74,25,13,1,115
224715,4.0,5.0,4.0,9.0,3.0,1.0,0.4,0.4,10.0,182,8340.0,69,21,11,1,105
224715,4.0,5.0,4.0,9.0,3.0,1.0,0.4,0.4,10.0,183,8460.0,63,20,10,1,97
224715,4.0,5.0,4.0,9.0,3.0,1.0,0.4,0.4,10.0,184,8340.0,58,20,8,1,90
224715,4.0,5.0,4.0,9.0,3.0,1.0,0.4,0.4,10.0,185,8460.0,52,17,11,1,86
224715,4.0,5.0,4.0,9.0,3.0,1.0,0.4,0.4,10.0,186,8580.0,47,18,9,1,80
224715,4.0,5.0,4.0,9.0,3.0,1.0,0.4,0.4,10.0,187,8580.0,46,17,10,0,79
224715,4.0,5.0,4.0,9.0,3.0,1.0,0.4,0.4,10.0,188,8540.0,43,19,12,1,80
224715,4.0,5.0,4.0,9.0,3.0,1.0,0.4,0.4,10.0,189,8520.0,52,16,12,1,87
224715,4.0,5.0,4.0,9.0,3.0,1.0,0.4,0.4,10.0,190,8260.0,58,17,13,1,96
224715,4.0,5.0,4.0,9.0,3.0,1.0,0.4,0.4,10.0,191,8160.0,54,22,16,1,101
224715,4.0,5.0,4.0,9.0,3.0,1.0,0.4,0.4,10.0,192,8040.0,66,24,17,1,116
224715,4.0,5.0,4.0,9.0,3.0,1.0,0.4,0.4,10.0,193,7720.0,71,28,17,1,126
224715,4.0,5.0,4.0,9.0,3.0,1.0,0.4,0.4,10.0,194,7310.0,68,30,21,1,129
224715,4.0,5.0,4.0,9.0,3.0,1.0,0.4,0.4,10.0,195,6717.5,77,29,24,2,140
224715,4.0,5.0,4.0,9.0,3.0,1.0,0.4,0.4,10.0,196,5736.875,82,33,22,3,147
224715,4.0,5.0,4.0,9.0,3.0,1.0,0.4,0.4,10.0,197,5251.09375,82,34,25,3,151
224715,4.0,5.0,4.0,9.0,3.0,1.0,0.4,0.4,10.0,198,5143.8671875,83,32,25,3,150
224715,4.0,5.0,4.0,9.0,3.0,1.0,0.4,0.4,10.0,199,5409.833984375,82,33,24,3,148
224715,4.0,5.0,4.0,9.0,3.0,1.0,0.4,0.4,10.0,200,6022.29248046875,77,34,22,3,141
224715,4.0,5.0,4.0,9.0,3.0,1.0,0.4,0.4,10.0,201,6887.8656005859375,71,32,20,2,130
224715,4.0,5.0,4.0,9.0,3.0,1.0,0.4,0.4,10.0,202,7469.832000732422,71,30,21,2,128
224715,4.0,5.0,4.0,9.0,3.0,1.0,0.4,0.4,10.0,203,7857.290000915527,62,29,20,2,117
224715,4.0,5.0,4.0,9.0,3.0,1.0,0.4,0.4,10.0,204,8041.612501144409,58,28,18,2,109
224715,4.0,5.0,4.0,9.0,3.0,1.0,0.4,0.4,10.0,205,8160.0,59,28,21,3,112
224715,4.0,5.0,4.0,9.0,3.0,1.0,0.4,0.4,10.0,206,8000.0,56,31,20,3,109
224715,4.0,5.0,4.0,9.0,3.0,1.0,0.4,0.4,10.0,207,8180.0,54,26,18,2,99
224715,4.0,5.0,4.0,9.0,3.0,1.0,0.4,0.4,10.0,208,8160.0,57,29,16,1,103
224715,4.0,5.0,4.0,9.0,3.0,1.0,0.4,0.4,10.0,209,8200.0,53,31,16,1,101
224715,4.0,5.0,4.0,9.0,3.0,1.0,0.4,0.4,10.0,210,8160.0,54,33,15,1,102
224715,4.0,5.0,4.0,9.0,3.0,1.0,0.4,0.4,10.0,211,8080.0,59,33,14,1,106
224715,4.0,5.0,4.0,9.0,3.0,1.0,0.4,0.4,10.0,212,7920.0,62,40,15,2,117
224715,4.0,5.0,4.0,9.0,3.0,1.0,0.4,0.4,10.0,213,7580.0,74,39,17,2,130
224715,4.0,5.0,4.0,9.0,3.0,1.0,0.4,0.4,10.0,214,7015.0,84,37,15,2,137
224715,4.0,5.0,4.0,9.0,3.0,1.0,0.4,0.4,10.0,215,6088.75,82,46,19,4,149
224715,4.0,5.0,4.0,9.0,3.0,1.0,0.4,0.4,10.0,216,5370.9375,88,47,20,4,157
224715,4.0,5.0,4.0,9.0,3.0,1.0,0.4,0.4,10.0,217,5233.671875,93,44,20,3,159
224715,4.0,5.0,4.0,9.0,3.0,1.0,0.4,0.4,10.0,218,5462.08984375,89,41,17,3,149
224715,4.0,5.0,4.0,9.0,3.0,1.0,0.4,0.4,10.0,219,6187.6123046875,84,39,17,3,142
224715,4.0,5.0,4.0,9.0,3.0,1.0,0.4,0.4,10.0,220,7134.515380859375,84,34,14,3,134
224715,4.0,5.0,4.0,9.0,3.0,1.0,0.4,0.4,10.0,221,7938.144226074219,78,32,14,3,126
224715,4.0,5.0,4.0,9.0,3.0,1.0,0.4,0.4,10.0,222,8542.680282592773,73,31,14,3,120
224715,4.0,5.0,4.0,9.0,3.0,1.0,0.4,0.4,10.0,223,8360.0,73,28,14,2,117
224715,4.0,5.0,4.0,9.0,3.0,1.0,0.4,0.4,10.0,224,8200.0,69,23,13,2,107
224715,4.0,5.0,4.0,9.0,3.0,1.0,0.4,0.4,10.0,225,8180.0,65,19,14,2,101
224715,4.0,5.0,4.0,9.0,3.0,1.0,0.4,0.4,10.0,226,8140.0,69,18,13,1,103
224715,4.0,5.0,4.0,9.0,3.0,1.0,0.4,0.4,10.0,227,8280.0,61,18,12,1,93
224715,4.0,5.0,4.0,9.0,3.0,1.0,0.4,0.4,10.0,228,8480.0,60,14,9,1,84
224715,4.0,5.0,4.0,9.0,3.0,1.0,0.4,0.4,10.0,229,8400.0,64,18,9,1,92
224715,4.0,5.0,4.0,9.0,3.0,1.0,0.4,0.4,10.0,230,8300.0,64,20,8,1,93
224715,4.0,5.0,4.0,9.0,3.0,1.0,0.4,0.4,10.0,231,8220.0,65,21,10,1,98
224715,4.0,5.0,4.0,9.0,3.0,1.0,0.4,0.4,10.0,232,8080.0,78,23,11,1,115
224715,4.0,5.0,4.0,9.0,3.0,1.0,0.4,0.4,10.0,233,7820.0,80,26,11,1,120
224715,4.0,5.0,4.0,9.0,3.0,1.0,0.4,0.4,10.0,234,7415.0,87,25,12,1,128
224715,4.0,5.0,4.0,9.0,3.0,1.0,0.4,0.4,10.0,235,6828.75,99,30,12,2,145
224715,4.0,5.0,4.0,9.0,3.0,1.0,0.4,0.4,10.0,236,5675.9375,106,36,14,2,159
224715,4.0,5.0,4.0,9.0,3.0,1.0,0.4,0.4,10.0,237,5294.921875,104,35,11,2,153
224715,4.0,5.0,4.0,9.0,3.0,1.0,0.4,0.4,10.0,238,5318.65234375,107,34,10,2,154
224715,4.0,5.0,4.0,9.0,3.0,1.0,0.4,0.4,10.0,239,5528.3154296875,101,36,9,1,149
224715,4.0,5.0,4.0,9.0,3.0,1.0,0.4,0.4,10.0,240,5850.394287109375,97,34,8,3,142
224715,4.0,5.0,4.0,9.0,3.0,1.0,0.4,0.4,10.0,241,6352.992858886719,99,29,8,3,139
224715,4.0,5.0,4.0,9.0,3.0,1.0,0.4,0.4,10.0,242,6781.241073608398,95,29,8,3,135
224715,4.0,5.0,4.0,9.0,3.0,1.0,0.4,0.4,10.0,243,7176.551342010498,88,29,9,4,128
224715,4.0,5.0,4.0,9.0,3.0,1.0,0.4,0.4,10.0,244,7270.689177513123,86,26,6,4,120
224715,4.0,5.0,4.0,9.0,3.0,1.0,0.4,0.4,10.0,245,7248.361471891403,87,26,4,5,120
224715,4.0,5.0,4.0,9.0,3.0,1.0,0.4,0.4,10.0,246,7160.451839864254,81,25,4,5,114
224715,4.0,5.0,4.0,9.0,3.0,1.0,0.4,0.4,10.0,247,7090.5647998303175,78,24,4,5,108
224715,4.0,5.0,4.0,9.0,3.0,1.0,0.4,0.4,10.0,248,6983.205999787897,75,24,3,5,104
224715,4.0,5.0,4.0,9.0,3.0,1.0,0.4,0.4,10.0,249,6789.007499734871,75,23,3,6,104
224715,4.0,5.0,4.0,9.0,3.0,1.0,0.4,0.4,10.0,250,6426.259374668589,81,24,4,6,112
224715,4.0,5.0,4.0,9.0,3.0,1.0,0.4,0.4,10.0,251,5872.824218335736,83,26,4,6,117
224715,4.0,5.0,4.0,9.0,3.0,1.0,0.4,0.4,10.0,252,5021.03027291967,83,28,5,7,121
224715,4.0,5.0,4.0,9.0,3.0,1.0,0.4,0.4,10.0,253,4616.287841149588,88,30,6,6,129
224715,4.0,5.0,4.0,9.0,3.0,1.0,0.4,0.4,10.0,254,4530.3598014369845,87,34,5,6,131
224715,4.0,5.0,4.0,9.0,3.0,1.0,0.4,0.4,10.0,255,4642.949751796231,86,33,6,5,130
224715,4.0,5.0,4.0,9.0,3.0,1.0,0.4,0.4,10.0,256,4863.687189745288,82,32,6,4,124
224715,4.0,5.0,4.0,9.0,3.0,1.0,0.4,0.4,10.0,257,5279.60898718161,82,33,5,4,123
224715,4.0,5.0,4.0,9.0,3.0,1.0,0.4,0.4,10.0,258,5859.511233977013,77,31,4,4,115
224715,4.0,5.0,4.0,9.0,3.0,1.0,0.4,0.4,10.0,259,6164.389042471266,69,32,5,3,109
224715,4.0,5.0,4.0,9.0,3.0,1.0,0.4,0.4,10.0,260,6345.486303089083,69,25,5,2,102
224715,4.0,5.0,4.0,9.0,3.0,1.0,0.4,0.4,10.0,261,6471.857878861354,67,23,6,3,98
224715,4.0,5.0,4.0,9.0,3.0,1.0,0.4,0.4,10.0,262,6629.822348576692,60,21,6,3,90
224715,4.0,5.0,4.0,9.0,3.0,1.0,0.4,0.4,10.0,263,6827.277935720866,55,19,6,2,81
224715,4.0,5.0,4.0,9.0,3.0,1.0,0.4,0.4,10.0,264,7054.0974196510815,56,20,5,3,82
224715,4.0,5.0,4.0,9.0,3.0,1.0,0.4,0.4,10.0,265,7237.621774563851,63,19,5,2,88
224715,4.0,5.0,4.0,9.0,3.0,1.0,0.4,0.4,10.0,266,7487.027218204814,62,16,4,2,83
224715,4.0,5.0,4.0,9.0,3.0,1.0,0.4,0.4,10.0,267,7778.784022756017,63,19,5,3,88
224715,4.0,5.0,4.0,9.0,3.0,1.0,0.4,0.4,10.0,268,8043.480028445021,65,21,7,3,94
224715,4.0,5.0,4.0,9.0,3.0,1.0,0.4,0.4,10.0,269,8160.0,69,20,7,3,97
224715,4.0,5.0,4.0,9.0,3.0,1.0,0.4,0.4,10.0,270,8060.0,77,23,8,3,109
224715,4.0,5.0,4.0,9.0,3.0,1.0,0.4,0.4,10.0,271,7820.0,90,28,7,4,127
224715,4.0,5.0,4.0,9.0,3.0,1.0,0.4,0.4,10.0,272,7295.0,91,30,5,4,128
224715,4.0,5.0,4.0,9.0,3.0,1.0,0.4,0.4,10.0,273,6698.75,92,31,6,5,131
224715,4.0,5.0,4.0,9.0,3.0,1.0,0.4,0.4,10.0,274,5773.4375,108,35,6,5,152
224715,4.0,5.0,4.0,9.0,3.0,1.0,0.4,0.4,10.0,275,5156.796875,110,37,6,5,156
224715,4.0,5.0,4.0,9.0,3.0,1.0,0.4,0.4,10.0,276,5365.99609375,104,33,6,5,146
224715,4.0,5.0,4.0,9.0,3.0,1.0,0.4,0.4,10.0,277,5707.4951171875,103,32,6,4,143
224715,4.0,5.0,4.0,9.0,3.0,1.0,0.4,0.4,10.0,278,6154.368896484375,101,33,5,4,141
224715,4.0,5.0,4.0,9.0,3.0,1.0,0.4,0.4,10.0,279,7012.961120605469,95,30,4,3,131
224715,4.0,5.0,4.0,9.0,3.0,1.0,0.4,0.4,10.0,280,7626.201400756836,91,32,2,3,127
224715,4.0,5.0,4.0,9.0,3.0,1.0,0.4,0.4,10.0,281,8032.751750946045,87,30,2,3,121
224715,4.0,5.0,4.0,9.0,3.0,1.0,0.4,0.4,10.0,282,8320.0,79,26,1,3,107
224715,4.0,5.0,4.0,9.0,3.0,1.0,0.4,0.4,10.0,283,8240.0,78,25,2,3,106
224715,4.0,5.0,4.0,9.0,3.0,1.0,0.4,0.4,10.0,284,8100.0,76,25,1,3,103
224715,4.0,5.0,4.0,9.0,3.0,1.0,0.4,0.4,10.0,285,8220.0,73,21,1,1,96
224715,4.0,5.0,4.0,9.0,3.0,1.0,0.4,0.4,10.0,286,8340.0,71,22,1,2,95
224715,4.0,5.0,4.0,9.0,3.0,1.0,0.4,0.4,10.0,287,8280.0,72,24,1,2,97
224715,4.0,5.0,4.0,9.0,3.0,1.0,0.4,0.4,10.0,288,8240.0,67,25,1,2,93
224715,4.0,5.0,4.0,9.0,3.0,1.0,0.4,0.4,10.0,289,8180.0,77,26,1,2,104
224715,4.0,5.0,4.0,9.0,3.0,1.0,0.4,0.4,10.0,290,8040.0,82,26,2,3,110
224715,4.0,5.0,4.0,9.0,3.0,1.0,0.4,0.4,10.0,291,7780.0,89,27,3,3,119
224715,4.0,5.0,4.0,9.0,3.0,1.0,0.4,0.4,10.0,292,7405.0,101,25,5,3,131
224715,4.0,5.0,4.0,9.0,3.0,1.0,0.4,0.4,10.0,293,6696.25,111,30,6,3,147
224715,4.0,5.0,4.0,9.0,3.0,1.0,0.4,0.4,10.0,294,5590.3125,111,32,7,3,150
224715,4.0,5.0,4.0,9.0,3.0,1.0,0.4,0.4,10.0,295,5147.890625,115,31,8,2,154
224715,4.0,5.0,4.0,9.0,3.0,1.0,0.4,0.4,10.0,296,5154.86328125,117,27,8,2,152
224715,4.0,5.0,4.0,9.0,3.0,1.0,0.4,0.4,10.0,297,5463.5791015625,114,25,8,2,147
224715,4.0,5.0,4.0,9.0,3.0,1.0,0.4,0.4,10.0,298,6009.473876953125,110,25,8,1,143
224715,4.0,5.0,4.0,9.0,3.0,1.0,0.4,0.4,10.0,299,6811.842346191406,104,23,8,1,135
224715,4.0,5.0,4.0,9.0,3.0,1.0,0.4,0.4,10.0,300,7414.802932739258,97,22,8,1,127
224715,4.0,5.0,4.0,9.0,3.0,1.0,0.4,0.4,10.0,301,7848.503665924072,93,21,7,1,121
224715,4.0,5.0,4.0,9.0,3.0,1.0,0.4,0.4,10.0,302,8070.62958240509,90,19,7,0,116
224715,4.0,5.0,4.0,9.0,3.0,1.0,0.4,0.4,10.0,303,8100.0,84,20,6,1,110
224715,4.0,5.0,4.0,9.0,3.0,1.0,0.4,0.4,10.0,304,8120.0,82,23,5,1,110
224715,4.0,5.0,4.0,9.0,3.0,1.0,0.4,0.4,10.0,305,8240.0,75,19,2,1,96
224715,4.0,5.0,4.0,9.0,3.0,1.0,0.4,0.4,10.0,306,8380.0,72,17,1,1,90
224715,4.0,5.0,4.0,9.0,3.0,1.0,0.4,0.4,10.0,307,8340.0,74,17,1,1,92
224715,4.0,5.0,4.0,9.0,3.0,1.0,0.4,0.4,10.0,308,8300.0,77,20,1,1,98
224715,4.0,5.0,4.0,9.0,3.0,1.0,0.4,0.4,10.0,309,8160.0,80,22,1,1,103
224715,4.0,5.0,4.0,9.0,3.0,1.0,0.4,0.4,10.0,310,7980.0,91,23,1,1,115
224715,4.0,5.0,4.0,9.0,3.0,1.0,0.4,0.4,10.0,311,7735.0,100,26,2,1,128
224715,4.0,5.0,4.0,9.0,3.0,1.0,0.4,0.4,10.0,312,7168.75,107,28,3,1,139
224715,4.0,5.0,4.0,9.0,3.0,1.0,0.4,0.4,10.0,313,6340.9375,116,31,3,1,151
224715,4.0,5.0,4.0,9.0,3.0,1.0,0.4,0.4,10.0,314,5406.171875,121,33,3,1,158
224715,4.0,5.0,4.0,9.0,3.0,1.0,0.4,0.4,10.0,315,5177.71484375,119,30,3,0,153
224715,4.0,5.0,4.0,9.0,3.0,1.0,0.4,0.4,10.0,316,5312.1435546875,113,29,2,0,145
224715,4.0,5.0,4.0,9.0,3.0,1.0,0.4,0.4,10.0,317,5520.179443359375,115,27,2,0,145
224715,4.0,5.0,4.0,9.0,3.0,1.0,0.4,0.4,10.0,318,5840.224304199219,112,28,2,0,143
224715,4.0,5.0,4.0,9.0,3.0,1.0,0.4,0.4,10.0,319,6260.280380249023,106,26,2,0,135
224715,4.0,5.0,4.0,9.0,3.0,1.0,0.4,0.4,10.0,320,6665.350475311279,101,26,2,0,130
224715,4.0,5.0,4.0,9.0,3.0,1.0,0.4,0.4,10.0,321,6651.688094139099,93,26,2,0,122
224715,4.0,5.0,4.0,9.0,3.0,1.0,0.4,0.4,10.0,322,6554.610117673874,92,23,2,0,118
224715,4.0,5.0,4.0,9.0,3.0,1.0,0.4,0.4,10.0,323,6373.262647092342,92,22,1,0,115
224715,4.0,5.0,4.0,9.0,3.0,1.0,0.4,0.4,10.0,324,6086.578308865428,89,22,1,0,112
224715,4.0,5.0,4.0,9.0,3.0,1.0,0.4,0.4,10.0,325,5748.222886081785,85,22,1,0,108
224715,4.0,5.0,4.0,9.0,3.0,1.0,0.4,0.4,10.0,326,5265.278607602231,86,22,1,0,109
224715,4.0,5.0,4.0,9.0,3.0,1.0,0.4,0.4,10.0,327,4621.598259502789,92,18,2,0,112
224715,4.0,5.0,4.0,9.0,3.0,1.0,0.4,0.4,10.0,328,3896.9978243784863,93,20,1,0,114
224715,4.0,5.0,4.0,9.0,3.0,1.0,0.4,0.4,10.0,329,3531.247280473108,91,22,1,0,114
224715,4.0,5.0,4.0,9.0,3.0,1.0,0.4,0.4,10.0,330,3494.059100591385,91,23,1,0,115
224715,4.0,5.0,4.0,9.0,3.0,1.0,0.4,0.4,10.0,331,3787.573875739231,90,22,1,0,113
224715,4.0,5.0,4.0,9.0,3.0,1.0,0.4,0.4,10.0,332,4334.467344674039,89,21,1,0,111
224715,4.0,5.0,4.0,9.0,3.0,1.0,0.4,0.4,10.0,333,5098.084180842548,86,19,1,0,106
224715,4.0,5.0,4.0,9.0,3.0,1.0,0.4,0.4,10.0,334,5712.605226053185,77,18,1,0,96
224715,4.0,5.0,4.0,9.0,3.0,1.0,0.4,0.4,10.0,335,6260.756532566482,71,17,1,0,89
224715,4.0,5.0,4.0,9.0,3.0,1.0,0.4,0.4,10.0,336,6805.945665708103,67,14,1,0,82
224715,4.0,5.0,4.0,9.0,3.0,1.0,0.4,0.4,10.0,337,7387.432082135128,60,10,1,0,71
224715,4.0,5.0,4.0,9.0,3.0,1.0,0.4,0.4,10.0,338,8114.290102668911,55,9,0,0,64
224715,4.0,5.0,4.0,9.0,3.0,1.0,0.4,0.4,10.0,339,8980.0,49,11,0,0,60
224715,4.0,5.0,4.0,9.0,3.0,1.0,0.4,0.4,10.0,340,9020.0,44,8,0,0,52
224715,4.0,5.0,4.0,9.0,3.0,1.0,0.4,0.4,10.0,341,9100.0,44,7,0,0,51
224715,4.0,5.0,4.0,9.0,3.0,1.0,0.4,0.4,10.0,342,9080.0,49,6,0,0,55
224715,4.0,5.0,4.0,9.0,3.0,1.0,0.4,0.4,10.0,343,8980.0,47,6,0,0,53
224715,4.0,5.0,4.0,9.0,3.0,1.0,0.4,0.4,10.0,344,9000.0,50,7,0,0,57
224715,4.0,5.0,4.0,9.0,3.0,1.0,0.4,0.4,10.0,345,8920.0,57,8,0,0,65
224715,4.0,5.0,4.0,9.0,3.0,1.0,0.4,0.4,10.0,346,8740.0,61,8,0,0,69
224715,4.0,5.0,4.0,9.0,3.0,1.0,0.4,0.4,10.0,347,8680.0,66,8,0,0,74
224715,4.0,5.0,4.0,9.0,3.0,1.0,0.4,0.4,10.0,348,8600.0,72,11,0,0,83
224715,4.0,5.0,4.0,9.0,3.0,1.0,0.4,0.4,10.0,349,8400.0,78,11,0,0,89
224715,4.0,5.0,4.0,9.0,3.0,1.0,0.4,0.4,10.0,350,8400.0,78,11,0,0,89
224715,4.0,5.0,4.0,9.0,3.0,1.0,0.4,0.4,10.0,351,8340.0,84,14,0,0,98
224715,4.0,5.0,4.0,9.0,3.0,1.0,0.4,0.4,10.0,352,8120.0,89,15,0,0,104
224715,4.0,5.0,4.0,9.0,3.0,1.0,0.4,0.4,10.0,353,8040.0,94,15,0,0,109
224715,4.0,5.0,4.0,9.0,3.0,1.0,0.4,0.4,10.0,354,7940.0,99,20,1,0,120
224715,4.0,5.0,4.0,9.0,3.0,1.0,0.4,0.4,10.0,355,7625.0,108,21,1,0,130
224715,4.0,5.0,4.0,9.0,3.0,1.0,0.4,0.4,10.0,356,7171.25,109,19,1,1,129
224715,4.0,5.0,4.0,9.0,3.0,1.0,0.4,0.4,10.0,357,6464.0625,119,24,3,1,146
224715,4.0,5.0,4.0,9.0,3.0,1.0,0.4,0.4,10.0,358,5460.078125,131,24,3,2,158
224715,4.0,5.0,4.0,9.0,3.0,1.0,0.4,0.4,10.0,359,4925.09765625,128,22,3,2,153
224715,4.0,5.0,4.0,9.0,3.0,1.0,0.4,0.4,10.0,360,5076.3720703125,127,22,4,2,153
224715,4.0,5.0,4.0,9.0,3.0,1.0,0.4,0.4,10.0,361,5745.465087890625,121,20,4,2,145
224715,4.0,5.0,4.0,9.0,3.0,1.0,0.4,0.4,10.0,362,6621.831359863281,114,19,4,2,137
224715,4.0,5.0,4.0,9.0,3.0,1.0,0.4,0.4,10.0,363,7677.289199829102,106,17,4,2,127
224715,4.0,5.0,4.0,9.0,3.0,1.0,0.4,0.4,10.0,364,8556.611499786377,100,17,5,2,122
224715,4.0,5.0,4.0,9.0,3.0,1.0,0.4,0.4,10.0,365,8560.0,92,12,5,2,109
224715,4.0,5.0,4.0,9.0,3.0,1.0,0.4,0.4,10.0,366,8360.0,86,10,5,3,101
224715,4.0,5.0,4.0,9.0,3.0,1.0,0.4,0.4,10.0,367,8280.0,83,11,5,3,99
224715,4.0,5.0,4.0,9.0,3.0,1.0,0.4,0.4,10.0,368,8300.0,81,8,5,3,94
224715,4.0,5.0,4.0,9.0,3.0,1.0,0.4,0.4,10.0,369,8440.0,72,9,5,3,86
224715,4.0,5.0,4.0,9.0,3.0,1.0,0.4,0.4,10.0,370,8520.0,67,10,5,2,82
224715,4.0,5.0,4.0,9.0,3.0,1.0,0.4,0.4,10.0,371,8520.0,62,14,5,1,81
224715,4.0,5.0,4.0,9.0,3.0,1.0,0.4,0.4,10.0,372,8480.0,64,16,4,1,85
224715,4.0,5.0,4.0,9.0,3.0,1.0,0.4,0.4,10.0,373,8440.0,68,16,4,1,89
224715,4.0,5.0,4.0,9.0,3.0,1.0,0.4,0.4,10.0,374,8280.0,74,18,4,1,97
224715,4.0,5.0,4.0,9.0,3.0,1.0,0.4,0.4,10.0,375,8100.0,79,19,6,1,105
224715,4.0,5.0,4.0,9.0,3.0,1.0,0.4,0.4,10.0,376,7940.0,90,20,7,1,118
224715,4.0,5.0,4.0,9.0,3.0,1.0,0.4,0.4,10.0,377,7685.0,98,23,6,0,129
224715,4.0,5.0,4.0,9.0,3.0,1.0,0.4,0.4,10.0,378,7126.25,100,26,7,1,135
224715,4.0,5.0,4.0,9.0,3.0,1.0,0.4,0.4,10.0,379,6407.8125,107,27,8,1,144
224715,4.0,5.0,4.0,9.0,3.0,1.0,0.4,0.4,10.0,380,5389.765625,118,31,7,1,158
224715,4.0,5.0,4.0,9.0,3.0,1.0,0.4,0.4,10.0,381,5057.20703125,115,32,6,1,155
224715,4.0,5.0,4.0,9.0,3.0,1.0,0.4,0.4,10.0,382,5301.5087890625,114,27,6,1,149
224715,4.0,5.0,4.0,9.0,3.0,1.0,0.4,0.4,10.0,383,5806.885986328125,112,26,6,1,145
224715,4.0,5.0,4.0,9.0,3.0,1.0,0.4,0.4,10.0,384,6578.607482910156,101,26,6,1,134
224715,4.0,5.0,4.0,9.0,3.0,1.0,0.4,0.4,10.0,385,7463.259353637695,95,26,6,1,128
224715,4.0,5.0,4.0,9.0,3.0,1.0,0.4,0.4,10.0,386,8169.074192047119,94,21,5,1,121
224715,4.0,5.0,4.0,9.0,3.0,1.0,0.4,0.4,10.0,387,8360.0,89,20,5,1,115
224715,4.0,5.0,4.0,9.0,3.0,1.0,0.4,0.4,10.0,388,8200.0,82,23,3,1,109
224715,4.0,5.0,4.0,9.0,3.0,1.0,0.4,0.4,10.0,389,8180.0,81,19,3,0,104
224715,4.0,5.0,4.0,9.0,3.0,1.0,0.4,0.4,10.0,390,8160.0,82,19,2,0,104
224715,4.0,5.0,4.0,9.0,3.0,1.0,0.4,0.4,10.0,391,8220.0,78,20,1,0,100
224715,4.0,5.0,4.0,9.0,3.0,1.0,0.4,0.4,10.0,392,8360.0,73,17,1,0,91
224715,4.0,5.0,4.0,9.0,3.0,1.0,0.4,0.4,10.0,393,8400.0,74,14,1,0,89
224715,4.0,5.0,4.0,9.0,3.0,1.0,0.4,0.4,10.0,394,8380.0,76,16,1,0,93
224715,4.0,5.0,4.0,9.0,3.0,1.0,0.4,0.4,10.0,395,8180.0,85,17,1,0,103
224715,4.0,5.0,4.0,9.0,3.0,1.0,0.4,0.4,10.0,396,8040.0,93,18,1,0,112
224715,4.0,5.0,4.0,9.0,3.0,1.0,0.4,0.4,10.0,397,7920.0,97,21,1,0,119
224715,4.0,5.0,4.0,9.0,3.0,1.0,0.4,0.4,10.0,398,7580.0,105,23,1,1,129
224715,4.0,5.0,4.0,9.0,3.0,1.0,0.4,0.4,10.0,399,6995.0,117,22,1,1,140
224715,4.0,5.0,4.0,9.0,3.0,1.0,0.4,0.4,10.0,400,6063.75,128,25,2,1,155
224715,4.0,5.0,4.0,9.0,3.0,1.0,0.4,0.4,10.0,401,5199.6875,129,27,3,1,159
224715,4.0,5.0,4.0,9.0,3.0,1.0,0.4,0.4,10.0,402,5159.609375,126,25,3,1,154
224715,4.0,5.0,4.0,9.0,3.0,1.0,0.4,0.4,10.0,403,5309.51171875,124,24,2,1,150
224715,4.0,5.0,4.0,9.0,3.0,1.0,0.4,0.4,10.0,404,5736.8896484375,121,23,2,1,146
224715,4.0,5.0,4.0,9.0,3.0,1.0,0.4,0.4,10.0,405,6451.112060546875,114,20,2,1,136
224715,4.0,5.0,4.0,9.0,3.0,1.0,0.4,0.4,10.0,406,7243.890075683594,109,19,2,1,130
224715,4.0,5.0,4.0,9.0,3.0,1.0,0.4,0.4,10.0,407,7714.862594604492,101,21,3,1,125
224715,4.0,5.0,4.0,9.0,3.0,1.0,0.4,0.4,10.0,408,8003.578243255615,99,16,3,1,118
224715,4.0,5.0,4.0,9.0,3.0,1.0,0.4,0.4,10.0,409,8380.0,93,14,3,0,110
224715,4.0,5.0,4.0,9.0,3.0,1.0,0.4,0.4,10.0,410,8400.0,88,16,3,0,107
224715,4.0,5.0,4.0,9.0,3.0,1.0,0.4,0.4,10.0,411,8120.0,86,16,3,0,105
224715,4.0,5.0,4.0,9.0,3.0,1.0,0.4,0.4,10.0,412,8280.0,80,14,1,0,95
224715,4.0,5.0,4.0,9.0,3.0,1.0,0.4,0.4,10.0,413,8340.0,81,15,2,0,98
224715,4.0,5.0,4.0,9.0,3.0,1.0,0.4,0.4,10.0,414,8260.0,81,14,2,0,97
224715,4.0,5.0,4.0,9.0,3.0,1.0,0.4,0.4,10.0,415,8260.0,81,11,3,0,95
224715,4.0,5.0,4.0,9.0,3.0,1.0,0.4,0.4,10.0,416,8220.0,87,11,4,0,102
224715,4.0,5.0,4.0,9.0,3.0,1.0,0.4,0.4,10.0,417,8020.0,98,12,6,0,116
224715,4.0,5.0,4.0,9.0,3.0,1.0,0.4,0.4,10.0,418,7700.0,107,13,7,0,127
224715,4.0,5.0,4.0,9.0,3.0,1.0,0.4,0.4,10.0,419,7285.0,114,13,7,0,134
224715,4.0,5.0,4.0,9.0,3.0,1.0,0.4,0.4,10.0,420,6526.25,129,14,7,0,150
224715,4.0,5.0,4.0,9.0,3.0,1.0,0.4,0.4,10.0,421,5517.8125,134,14,8,0,156
224715,4.0,5.0,4.0,9.0,3.0,1.0,0.4,0.4,10.0,422,5057.265625,136,14,8,0,158
224715,4.0,5.0,4.0,9.0,3.0,1.0,0.4,0.4,10.0,423,5161.58203125,137,12,8,0,157
224715,4.0,5.0,4.0,9.0,3.0,1.0,0.4,0.4,10.0,424,5431.9775390625,130,11,8,0,149
224715,4.0,5.0,4.0,9.0,3.0,1.0,0.4,0.4,10.0,425,6069.971923828125,121,9,8,0,138
224715,4.0,5.0,4.0,9.0,3.0,1.0,0.4,0.4,10.0,426,6927.464904785156,114,9,8,0,131
224715,4.0,5.0,4.0,9.0,3.0,1.0,0.4,0.4,10.0,427,7739.331130981445,104,10,7,0,121
224715,4.0,5.0,4.0,9.0,3.0,1.0,0.4,0.4,10.0,428,8354.163913726807,98,9,5,0,112
224715,4.0,5.0,4.0,9.0,3.0,1.0,0.4,0.4,10.0,429,8340.0,98,10,4,0,112
224715,4.0,5.0,4.0,9.0,3.0,1.0,0.4,0.4,10.0,430,8280.0,93,8,2,0,103
224715,4.0,5.0,4.0,9.0,3.0,1.0,0.4,0.4,10.0,431,8300.0,87,8,2,0,97
224715,4.0,5.0,4.0,9.0,3.0,1.0,0.4,0.4,10.0,432,8400.0,78,9,1,0,88
224715,4.0,5.0,4.0,9.0,3.0,1.0,0.4,0.4,10.0,433,8420.0,78,12,1,0,91
224715,4.0,5.0,4.0,9.0,3.0,1.0,0.4,0.4,10.0,434,8480.0,72,10,1,0,83
224715,4.0,5.0,4.0,9.0,3.0,1.0,0.4,0.4,10.0,435,8440.0,75,11,3,0,89
224715,4.0,5.0,4.0,9.0,3.0,1.0,0.4,0.4,10.0,436,8380.0,77,13,3,0,93
224715,4.0,5.0,4.0,9.0,3.0,1.0,0.4,0.4,10.0,437,8220.0,83,14,3,0,100
224715,4.0,5.0,4.0,9.0,3.0,1.0,0.4,0.4,10.0,438,8120.0,88,15,3,0,106
224715,4.0,5.0,4.0,9.0,3.0,1.0,0.4,0.4,10.0,439,7960.0,96,17,5,0,118
224715,4.0,5.0,4.0,9.0,3.0,1.0,0.4,0.4,10.0,440,7670.0,107,18,5,0,130
224715,4.0,5.0,4.0,9.0,3.0,1.0,0.4,0.4,10.0,441,7087.5,112,23,5,0,140
224715,4.0,5.0,4.0,9.0,3.0,1.0,0.4,0.4,10.0,442,6239.375,120,24,5,0,149
224715,4.0,5.0,4.0,9.0,3.0,1.0,0.4,0.4,10.0,443,5399.21875,128,23,5,0,156
224715,4.0,5.0,4.0,9.0,3.0,1.0,0.4,0.4,10.0,444,4969.0234375,133,22,5,0,160
224715,4.0,5.0,4.0,9.0,3.0,1.0,0.4,0.4,10.0,445,5171.279296875,125,21,5,0,151
224715,4.0,5.0,4.0,9.0,3.0,1.0,0.4,0.4,10.0,446,5604.09912109375,121,21,4,0,146
224715,4.0,5.0,4.0,9.0,3.0,1.0,0.4,0.4,10.0,447,6345.1239013671875,113,18,3,0,134
224715,4.0,5.0,4.0,9.0,3.0,1.0,0.4,0.4,10.0,448,7391.404876708984,112,15,3,0,130
224715,4.0,5.0,4.0,9.0,3.0,1.0,0.4,0.4,10.0,449,8119.2560958862305,108,15,3,0,126
224715,4.0,5.0,4.0,9.0,3.0,1.0,0.4,0.4,10.0,450,8480.0,101,15,1,0,117
224715,4.0,5.0,4.0,9.0,3.0,1.0,0.4,0.4,10.0,451,8240.0,98,13,0,0,111
224715,4.0,5.0,4.0,9.0,3.0,1.0,0.4,0.4,10.0,452,8240.0,93,13,0,0,106
224715,4.0,5.0,4.0,9.0,3.0,1.0,0.4,0.4,10.0,453,8120.0,93,10,0,0,103
224715,4.0,5.0,4.0,9.0,3.0,1.0,0.4,0.4,10.0,454,8320.0,86,10,0,0,96
224715,4.0,5.0,4.0,9.0,3.0,1.0,0.4,0.4,10.0,455,8340.0,83,11,1,0,95
224715,4.0,5.0,4.0,9.0,3.0,1.0,0.4,0.4,10.0,456,8300.0,81,12,1,0,94
224715,4.0,5.0,4.0,9.0,3.0,1.0,0.4,0.4,10.0,457,8320.0,82,15,1,0,98
224715,4.0,5.0,4.0,9.0,3.0,1.0,0.4,0.4,10.0,458,8120.0,89,16,1,0,106
224715,4.0,5.0,4.0,9.0,3.0,1.0,0.4,0.4,10.0,459,8040.0,93,15,1,0,109
224715,4.0,5.0,4.0,9.0,3.0,1.0,0.4,0.4,10.0,460,7900.0,104,17,1,0,122
224715,4.0,5.0,4.0,9.0,3.0,1.0,0.4,0.4,10.0,461,7535.0,113,17,1,0,131
224715,4.0,5.0,4.0,9.0,3.0,1.0,0.4,0.4,10.0,462,6878.75,125,19,1,0,145
224715,4.0,5.0,4.0,9.0,3.0,1.0,0.4,0.4,10.0,463,5818.4375,139,20,1,0,160
224715,4.0,5.0,4.0,9.0,3.0,1.0,0.4,0.4,10.0,464,5293.046875,140,20,2,0,162
224715,4.0,5.0,4.0,9.0,3.0,1.0,0.4,0.4,10.0,465,5456.30859375,135,20,2,0,157
224715,4.0,5.0,4.0,9.0,3.0,1.0,0.4,0.4,10.0,466,5660.3857421875,130,20,1,0,151
224715,4.0,5.0,4.0,9.0,3.0,1.0,0.4,0.4,10.0,467,5975.482177734375,127,17,1,0,145
224715,4.0,5.0,4.0,9.0,3.0,1.0,0.4,0.4,10.0,468,6589.352722167969,128,15,1,0,144
224715,4.0,5.0,4.0,9.0,3.0,1.0,0.4,0.4,10.0,469,7116.690902709961,121,15,1,0,137
224715,4.0,5.0,4.0,9.0,3.0,1.0,0.4,0.4,10.0,470,7355.863628387451,114,14,1,0,129
224715,4.0,5.0,4.0,9.0,3.0,1.0,0.4,0.4,10.0,471,7394.829535484314,106,12,1,0,119
224715,4.0,5.0,4.0,9.0,3.0,1.0,0.4,0.4,10.0,472,7463.5369193553925,104,12,1,0,117
224715,4.0,5.0,4.0,9.0,3.0,1.0,0.4,0.4,10.0,473,7409.421149194241,104,11,2,0,117
224715,4.0,5.0,4.0,9.0,3.0,1.0,0.4,0.4,10.0,474,7381.776436492801,95,10,2,0,107
224715,4.0,5.0,4.0,9.0,3.0,1.0,0.4,0.4,10.0,475,7347.220545616001,96,10,3,1,109
224715,4.0,5.0,4.0,9.0,3.0,1.0,0.4,0.4,10.0,476,7244.025682020001,94,9,3,1,106
224715,4.0,5.0,4.0,9.0,3.0,1.0,0.4,0.4,10.0,477,7115.032102525001,96,10,4,1,110
224715,4.0,5.0,4.0,9.0,3.0,1.0,0.4,0.4,10.0,478,6853.790128156252,101,8,6,2,115
224715,4.0,5.0,4.0,9.0,3.0,1.0,0.4,0.4,10.0,479,6387.237660195315,101,9,6,2,116
224715,4.0,5.0,4.0,9.0,3.0,1.0,0.4,0.4,10.0,480,5744.047075244143,110,12,6,2,129
224715,4.0,5.0,4.0,9.0,3.0,1.0,0.4,0.4,10.0,481,4880.058844055179,125,12,6,2,144
224715,4.0,5.0,4.0,9.0,3.0,1.0,0.4,0.4,10.0,482,4660.073555068974,122,13,7,2,144
224715,4.0,5.0,4.0,9.0,3.0,1.0,0.4,0.4,10.0,483,4805.091943836218,121,12,7,2,142
224715,4.0,5.0,4.0,9.0,3.0,1.0,0.4,0.4,10.0,484,5226.3649297952725,115,11,7,2,135
224715,4.0,5.0,4.0,9.0,3.0,1.0,0.4,0.4,10.0,485,5892.956162244091,110,9,6,2,127
224715,4.0,5.0,4.0,9.0,3.0,1.0,0.4,0.4,10.0,486,6786.195202805113,105,8,5,2,120
224715,4.0,5.0,4.0,9.0,3.0,1.0,0.4,0.4,10.0,487,7182.744003506392,96,9,5,2,112
224715,4.0,5.0,4.0,9.0,3.0,1.0,0.4,0.4,10.0,488,7478.43000438299,92,8,3,2,105
224715,4.0,5.0,4.0,9.0,3.0,1.0,0.4,0.4,10.0,489,7728.037505478736,88,8,2,0,100
224715,4.0,5.0,4.0,9.0,3.0,1.0,0.4,0.4,10.0,490,8020.0468818484205,85,7,2,1,97
224715,4.0,5.0,4.0,9.0,3.0,1.0,0.4,0.4,10.0,491,8400.0,80,5,1,1,88
224715,4.0,5.0,4.0,9.0,3.0,1.0,0.4,0.4,10.0,492,8480.0,79,4,1,1,86
224715,4.0,5.0,4.0,9.0,3.0,1.0,0.4,0.4,10.0,493,8480.0,79,3,2,2,86
224715,4.0,5.0,4.0,9.0,3.0,1.0,0.4,0.4,10.0,494,8400.0,78,3,2,2,85
224715,4.0,5.0,4.0,9.0,3.0,1.0,0.4,0.4,10.0,495,8420.0,81,4,1,2,87
224715,4.0,5.0,4.0,9.0,3.0,1.0,0.4,0.4,10.0,496,8340.0,88,5,1,2,97
224715,4.0,5.0,4.0,9.0,3.0,1.0,0.4,0.4,10.0,497,8080.0,91,7,1,2,102
224715,4.0,5.0,4.0,9.0,3.0,1.0,0.4,0.4,10.0,498,8020.0,99,7,2,2,111
224715,4.0,5.0,4.0,9.0,3.0,1.0,0.4,0.4,10.0,499,7780.0,113,9,3,3,129