Exp Num,agent:svo_convergence_factor,agent:params:metabolism,agent:params:consumption_factor,agent:params:procreate_cost_factor,agent:params:procreate_req_factor,agent:params:start_energy_factor,agent:params:caught_chance,agent:params:caught_cooldown_factor,agent:params:maximum_age,Epoch,Resource,A,B,C,D,E
219037,4.0,5.0,3.0,9.0,3.0,1.0,0.2,0.30000000000000004,30.0,0,3500.0,17,28,12,28,72
219037,4.0,5.0,3.0,9.0,3.0,1.0,0.2,0.30000000000000004,30.0,1,2950.0,17,28,12,28,72
219037,4.0,5.0,3.0,9.0,3.0,1.0,0.2,0.30000000000000004,30.0,2,2667.5,17,28,12,28,72
219037,4.0,5.0,3.0,9.0,3.0,1.0,0.2,0.30000000000000004,30.0,3,2539.375,17,27,12,28,71
219037,4.0,5.0,3.0,9.0,3.0,1.0,0.2,0.30000000000000004,30.0,4,2619.21875,17,27,12,28,71
219037,4.0,5.0,3.0,9.0,3.0,1.0,0.2,0.30000000000000004,30.0,5,2779.0234375,17,27,12,28,71
219037,4.0,5.0,3.0,9.0,3.0,1.0,0.2,0.30000000000000004,30.0,6,2963.779296875,14,26,9,28,63
219037,4.0,5.0,3.0,9.0,3.0,1.0,0.2,0.30000000000000004,30.0,7,3224.72412109375,14,25,9,28,62
219037,4.0,5.0,3.0,9.0,3.0,1.0,0.2,0.30000000000000004,30.0,8,3640.9051513671875,14,25,9,28,62
219037,4.0,5.0,3.0,9.0,3.0,1.0,0.2,0.30000000000000004,30.0,9,3726.1314392089844,12,21,9,28,55
219037,4.0,5.0,3.0,9.0,3.0,1.0,0.2,0.30000000000000004,30.0,10,3757.6642990112305,11,21,9,28,54
219037,4.0,5.0,3.0,9.0,3.0,1.0,0.2,0.30000000000000004,30.0,11,3782.080373764038,11,21,9,28,54
219037,4.0,5.0,3.0,9.0,3.0,1.0,0.2,0.30000000000000004,30.0,12,3887.6004672050476,9,20,8,28,50
219037,4.0,5.0,3.0,9.0,3.0,1.0,0.2,0.30000000000000004,30.0,13,3914.5005840063095,9,20,8,27,50
219037,4.0,5.0,3.0,9.0,3.0,1.0,0.2,0.30000000000000004,30.0,14,3933.125730007887,10,22,9,27,54
219037,4.0,5.0,3.0,9.0,3.0,1.0,0.2,0.30000000000000004,30.0,15,3926.4071625098586,11,20,8,26,52
219037,4.0,5.0,3.0,9.0,3.0,1.0,0.2,0.30000000000000004,30.0,16,3918.0089531373233,10,19,8,26,50
219037,4.0,5.0,3.0,9.0,3.0,1.0,0.2,0.30000000000000004,30.0,17,3847.511191421654,10,23,9,27,55
219037,4.0,5.0,3.0,9.0,3.0,1.0,0.2,0.30000000000000004,30.0,18,3684.3889892770676,12,23,10,29,59
219037,4.0,5.0,3.0,9.0,3.0,1.0,0.2,0.30000000000000004,30.0,19,3345.4862365963345,13,24,11,30,62
219037,4.0,5.0,3.0,9.0,3.0,1.0,0.2,0.30000000000000004,30.0,20,2831.857795745418,14,25,12,32,66
219037,4.0,5.0,3.0,9.0,3.0,1.0,0.2,0.30000000000000004,30.0,21,2549.8222446817726,15,27,13,33,73
219037,4.0,5.0,3.0,9.0,3.0,1.0,0.2,0.30000000000000004,30.0,22,2602.277805852216,15,27,14,34,74
219037,4.0,5.0,3.0,9.0,3.0,1.0,0.2,0.30000000000000004,30.0,23,2742.84725731527,16,28,15,34,77
219037,4.0,5.0,3.0,9.0,3.0,1.0,0.2,0.30000000000000004,30.0,24,3113.5590716440875,16,30,15,34,79
219037,4.0,5.0,3.0,9.0,3.0,1.0,0.2,0.30000000000000004,30.0,25,3441.9488395551093,16,29,16,34,79
219037,4.0,5.0,3.0,9.0,3.0,1.0,0.2,0.30000000000000004,30.0,26,3837.436049443887,16,30,16,34,80
219037,4.0,5.0,3.0,9.0,3.0,1.0,0.2,0.30000000000000004,30.0,27,4436.795061804859,17,30,17,34,82
219037,4.0,5.0,3.0,9.0,3.0,1.0,0.2,0.30000000000000004,30.0,28,4975.993827256074,17,30,17,34,82
219037,4.0,5.0,3.0,9.0,3.0,1.0,0.2,0.30000000000000004,30.0,29,5244.992284070093,17,32,17,34,85
219037,4.0,5.0,3.0,9.0,3.0,1.0,0.2,0.30000000000000004,30.0,30,5791.240355087616,13,29,14,23,67
219037,4.0,5.0,3.0,9.0,3.0,1.0,0.2,0.30000000000000004,30.0,31,6639.05044385952,12,27,14,13,60
219037,4.0,5.0,3.0,9.0,3.0,1.0,0.2,0.30000000000000004,30.0,32,7728.813054824401,12,27,15,11,60
219037,4.0,5.0,3.0,9.0,3.0,1.0,0.2,0.30000000000000004,30.0,33,8986.016318530501,12,26,15,9,60
219037,4.0,5.0,3.0,9.0,3.0,1.0,0.2,0.30000000000000004,30.0,34,9265.0,12,24,17,9,60
219037,4.0,5.0,3.0,9.0,3.0,1.0,0.2,0.30000000000000004,30.0,35,9205.0,12,26,19,10,64
219037,4.0,5.0,3.0,9.0,3.0,1.0,0.2,0.30000000000000004,30.0,36,9100.0,13,28,19,11,68
219037,4.0,5.0,3.0,9.0,3.0,1.0,0.2,0.30000000000000004,30.0,37,8950.0,15,29,20,12,73
219037,4.0,5.0,3.0,9.0,3.0,1.0,0.2,0.30000000000000004,30.0,38,8755.0,15,31,21,13,76
219037,4.0,5.0,3.0,9.0,3.0,1.0,0.2,0.30000000000000004,30.0,39,8665.0,16,33,22,14,81
219037,4.0,5.0,3.0,9.0,3.0,1.0,0.2,0.30000000000000004,30.0,40,8575.0,18,36,23,15,87
219037,4.0,5.0,3.0,9.0,3.0,1.0,0.2,0.30000000000000004,30.0,41,8470.0,18,37,30,18,95
219037,4.0,5.0,3.0,9.0,3.0,1.0,0.2,0.30000000000000004,30.0,42,8305.0,20,41,31,19,103
219037,4.0,5.0,3.0,9.0,3.0,1.0,0.2,0.30000000000000004,30.0,43,8200.0,20,41,34,20,106
219037,4.0,5.0,3.0,9.0,3.0,1.0,0.2,0.30000000000000004,30.0,44,8125.0,21,44,39,21,117
219037,4.0,5.0,3.0,9.0,3.0,1.0,0.2,0.30000000000000004,30.0,45,7960.0,23,46,41,24,124
219037,4.0,5.0,3.0,9.0,3.0,1.0,0.2,0.30000000000000004,30.0,46,7775.0,22,47,47,30,132
219037,4.0,5.0,3.0,9.0,3.0,1.0,0.2,0.30000000000000004,30.0,47,7303.75,25,51,48,32,141
219037,4.0,5.0,3.0,9.0,3.0,1.0,0.2,0.30000000000000004,30.0,48,6564.6875,26,54,55,33,152
219037,4.0,5.0,3.0,9.0,3.0,1.0,0.2,0.30000000000000004,30.0,49,5520.859375,30,56,55,35,160
219037,4.0,5.0,3.0,9.0,3.0,1.0,0.2,0.30000000000000004,30.0,50,5116.07421875,30,55,59,35,162
219037,4.0,5.0,3.0,9.0,3.0,1.0,0.2,0.30000000000000004,30.0,51,4970.0927734375,33,59,61,36,170
219037,4.0,5.0,3.0,9.0,3.0,1.0,0.2,0.30000000000000004,30.0,52,4817.615966796875,33,63,61,35,173
219037,4.0,5.0,3.0,9.0,3.0,1.0,0.2,0.30000000000000004,30.0,53,4867.019958496094,33,62,63,34,172
219037,4.0,5.0,3.0,9.0,3.0,1.0,0.2,0.30000000000000004,30.0,54,5108.774948120117,33,64,64,33,175
219037,4.0,5.0,3.0,9.0,3.0,1.0,0.2,0.30000000000000004,30.0,55,5575.9686851501465,33,65,62,33,174
219037,4.0,5.0,3.0,9.0,3.0,1.0,0.2,0.30000000000000004,30.0,56,6114.960856437683,32,64,62,33,172
219037,4.0,5.0,3.0,9.0,3.0,1.0,0.2,0.30000000000000004,30.0,57,6908.701070547104,32,66,61,33,173
219037,4.0,5.0,3.0,9.0,3.0,1.0,0.2,0.30000000000000004,30.0,58,7870.87633818388,33,67,62,34,176
219037,4.0,5.0,3.0,9.0,3.0,1.0,0.2,0.30000000000000004,30.0,59,8953.59542272985,32,68,62,34,176
219037,4.0,5.0,3.0,9.0,3.0,1.0,0.2,0.30000000000000004,30.0,60,8860.0,34,70,63,34,181
219037,4.0,5.0,3.0,9.0,3.0,1.0,0.2,0.30000000000000004,30.0,61,8635.0,33,70,66,34,183
219037,4.0,5.0,3.0,9.0,3.0,1.0,0.2,0.30000000000000004,30.0,62,8440.0,33,73,70,34,190
219037,4.0,5.0,3.0,9.0,3.0,1.0,0.2,0.30000000000000004,30.0,63,8425.0,34,74,70,36,192
219037,4.0,5.0,3.0,9.0,3.0,1.0,0.2,0.30000000000000004,30.0,64,8215.0,34,74,73,36,194
219037,4.0,5.0,3.0,9.0,3.0,1.0,0.2,0.30000000000000004,30.0,65,8080.0,37,80,72,36,203
219037,4.0,5.0,3.0,9.0,3.0,1.0,0.2,0.30000000000000004,30.0,66,7795.0,39,82,75,37,210
219037,4.0,5.0,3.0,9.0,3.0,1.0,0.2,0.30000000000000004,30.0,67,7538.75,38,85,76,39,214
219037,4.0,5.0,3.0,9.0,3.0,1.0,0.2,0.30000000000000004,30.0,68,7203.4375,39,87,76,39,217
219037,4.0,5.0,3.0,9.0,3.0,1.0,0.2,0.30000000000000004,30.0,69,7009.296875,41,87,79,39,221
219037,4.0,5.0,3.0,9.0,3.0,1.0,0.2,0.30000000000000004,30.0,70,7081.62109375,40,85,82,39,220
219037,4.0,5.0,3.0,9.0,3.0,1.0,0.2,0.30000000000000004,30.0,71,7442.0263671875,40,85,81,39,219
219037,4.0,5.0,3.0,9.0,3.0,1.0,0.2,0.30000000000000004,30.0,72,7802.532958984375,41,86,80,36,221
219037,4.0,5.0,3.0,9.0,3.0,1.0,0.2,0.30000000000000004,30.0,73,8238.166198730469,38,85,77,36,215
219037,4.0,5.0,3.0,9.0,3.0,1.0,0.2,0.30000000000000004,30.0,74,8515.0,38,83,75,34,210
219037,4.0,5.0,3.0,9.0,3.0,1.0,0.2,0.30000000000000004,30.0,75,8545.0,36,84,74,32,209
219037,4.0,5.0,3.0,9.0,3.0,1.0,0.2,0.30000000000000004,30.0,76,8635.0,37,83,75,32,208
219037,4.0,5.0,3.0,9.0,3.0,1.0,0.2,0.30000000000000004,30.0,77,8350.0,38,81,71,30,204
219037,4.0,5.0,3.0,9.0,3.0,1.0,0.2,0.30000000000000004,30.0,78,8305.0,35,82,70,26,200
219037,4.0,5.0,3.0,9.0,3.0,1.0,0.2,0.30000000000000004,30.0,79,8320.0,35,82,66,24,197
219037,4.0,5.0,3.0,9.0,3.0,1.0,0.2,0.30000000000000004,30.0,80,8185.0,36,83,63,20,195
219037,4.0,5.0,3.0,9.0,3.0,1.0,0.2,0.30000000000000004,30.0,81,8005.0,35,90,62,16,200
219037,4.0,5.0,3.0,9.0,3.0,1.0,0.2,0.30000000000000004,30.0,82,7675.0,34,92,64,18,206
219037,4.0,5.0,3.0,9.0,3.0,1.0,0.2,0.30000000000000004,30.0,83,6968.75,33,96,66,19,212
219037,4.0,5.0,3.0,9.0,3.0,1.0,0.2,0.30000000000000004,30.0,84,6430.9375,32,98,67,20,215
219037,4.0,5.0,3.0,9.0,3.0,1.0,0.2,0.30000000000000004,30.0,85,6163.671875,37,98,69,21,222
219037,4.0,5.0,3.0,9.0,3.0,1.0,0.2,0.30000000000000004,30.0,86,6189.58984375,37,103,71,21,229
219037,4.0,5.0,3.0,9.0,3.0,1.0,0.2,0.30000000000000004,30.0,87,6386.9873046875,37,105,71,21,231
219037,4.0,5.0,3.0,9.0,3.0,1.0,0.2,0.30000000000000004,30.0,88,6723.734130859375,39,103,71,21,231
219037,4.0,5.0,3.0,9.0,3.0,1.0,0.2,0.30000000000000004,30.0,89,7234.667663574219,41,101,72,20,232
219037,4.0,5.0,3.0,9.0,3.0,1.0,0.2,0.30000000000000004,30.0,90,8053.334579467773,42,101,72,20,233
219037,4.0,5.0,3.0,9.0,3.0,1.0,0.2,0.30000000000000004,30.0,91,8965.0,41,102,70,21,231
219037,4.0,5.0,3.0,9.0,3.0,1.0,0.2,0.30000000000000004,30.0,92,8875.0,41,103,70,21,231
219037,4.0,5.0,3.0,9.0,3.0,1.0,0.2,0.30000000000000004,30.0,93,9085.0,43,98,65,20,223
219037,4.0,5.0,3.0,9.0,3.0,1.0,0.2,0.30000000000000004,30.0,94,9130.0,45,99,64,20,225
219037,4.0,5.0,3.0,9.0,3.0,1.0,0.2,0.30000000000000004,30.0,95,9040.0,44,97,63,19,221
219037,4.0,5.0,3.0,9.0,3.0,1.0,0.2,0.30000000000000004,30.0,96,8995.0,45,97,60,17,218
219037,4.0,5.0,3.0,9.0,3.0,1.0,0.2,0.30000000000000004,30.0,97,9130.0,43,96,58,17,213
219037,4.0,5.0,3.0,9.0,3.0,1.0,0.2,0.30000000000000004,30.0,98,8905.0,45,92,58,14,211
219037,4.0,5.0,3.0,9.0,3.0,1.0,0.2,0.30000000000000004,30.0,99,8785.0,45,91,57,12,208
219037,4.0,5.0,3.0,9.0,3.0,1.0,0.2,0.30000000000000004,30.0,100,8665.0,44,88,56,11,202
219037,4.0,5.0,3.0,9.0,3.0,1.0,0.2,0.30000000000000004,30.0,101,8485.0,43,92,53,11,202
219037,4.0,5.0,3.0,9.0,3.0,1.0,0.2,0.30000000000000004,30.0,102,8275.0,44,93,54,10,204
219037,4.0,5.0,3.0,9.0,3.0,1.0,0.2,0.30000000000000004,30.0,103,8125.0,47,92,52,9,204
219037,4.0,5.0,3.0,9.0,3.0,1.0,0.2,0.30000000000000004,30.0,104,7975.0,46,91,49,9,199
219037,4.0,5.0,3.0,9.0,3.0,1.0,0.2,0.30000000000000004,30.0,105,7823.75,47,91,49,11,199
219037,4.0,5.0,3.0,9.0,3.0,1.0,0.2,0.30000000000000004,30.0,106,7664.6875,48,100,48,10,207
219037,4.0,5.0,3.0,9.0,3.0,1.0,0.2,0.30000000000000004,30.0,107,7225.859375,50,105,47,11,213
219037,4.0,5.0,3.0,9.0,3.0,1.0,0.2,0.30000000000000004,30.0,108,6587.32421875,51,105,48,10,214
219037,4.0,5.0,3.0,9.0,3.0,1.0,0.2,0.30000000000000004,30.0,109,5879.1552734375,52,102,46,11,208
219037,4.0,5.0,3.0,9.0,3.0,1.0,0.2,0.30000000000000004,30.0,110,5758.944091796875,51,108,46,11,211
219037,4.0,5.0,3.0,9.0,3.0,1.0,0.2,0.30000000000000004,30.0,111,5773.680114746094,50,105,44,12,204
219037,4.0,5.0,3.0,9.0,3.0,1.0,0.2,0.30000000000000004,30.0,112,5972.100143432617,55,102,41,12,203
219037,4.0,5.0,3.0,9.0,3.0,1.0,0.2,0.30000000000000004,30.0,113,6235.1251792907715,57,100,37,12,198
219037,4.0,5.0,3.0,9.0,3.0,1.0,0.2,0.30000000000000004,30.0,114,6608.906474113464,56,99,38,11,196
219037,4.0,5.0,3.0,9.0,3.0,1.0,0.2,0.30000000000000004,30.0,115,6926.13309264183,56,101,36,11,195
219037,4.0,5.0,3.0,9.0,3.0,1.0,0.2,0.30000000000000004,30.0,116,7592.666365802288,56,98,32,9,187
219037,4.0,5.0,3.0,9.0,3.0,1.0,0.2,0.30000000000000004,30.0,117,8215.83295725286,58,95,32,8,186
219037,4.0,5.0,3.0,9.0,3.0,1.0,0.2,0.30000000000000004,30.0,118,8440.0,62,95,31,9,189
219037,4.0,5.0,3.0,9.0,3.0,1.0,0.2,0.30000000000000004,30.0,119,8380.0,62,97,32,10,192
219037,4.0,5.0,3.0,9.0,3.0,1.0,0.2,0.30000000000000004,30.0,120,8290.0,58,97,36,11,192
219037,4.0,5.0,3.0,9.0,3.0,1.0,0.2,0.30000000000000004,30.0,121,7915.0,60,100,37,11,198
219037,4.0,5.0,3.0,9.0,3.0,1.0,0.2,0.30000000000000004,30.0,122,7613.75,66,105,40,11,212
219037,4.0,5.0,3.0,9.0,3.0,1.0,0.2,0.30000000000000004,30.0,123,6952.1875,69,108,42,13,220
219037,4.0,5.0,3.0,9.0,3.0,1.0,0.2,0.30000000000000004,30.0,124,6365.234375,70,111,42,12,224
219037,4.0,5.0,3.0,9.0,3.0,1.0,0.2,0.30000000000000004,30.0,125,6141.54296875,68,111,45,12,225
219037,4.0,5.0,3.0,9.0,3.0,1.0,0.2,0.30000000000000004,30.0,126,6116.9287109375,71,112,45,13,229
219037,4.0,5.0,3.0,9.0,3.0,1.0,0.2,0.30000000000000004,30.0,127,6296.160888671875,75,114,44,13,234
219037,4.0,5.0,3.0,9.0,3.0,1.0,0.2,0.30000000000000004,30.0,128,6550.201110839844,77,113,45,13,236
219037,4.0,5.0,3.0,9.0,3.0,1.0,0.2,0.30000000000000004,30.0,129,7047.751388549805,75,108,45,13,230
219037,4.0,5.0,3.0,9.0,3.0,1.0,0.2,0.30000000000000004,30.0,130,7744.689235687256,73,106,43,13,224
219037,4.0,5.0,3.0,9.0,3.0,1.0,0.2,0.30000000000000004,30.0,131,8855.86154460907,74,107,43,13,226
219037,4.0,5.0,3.0,9.0,3.0,1.0,0.2,0.30000000000000004,30.0,132,9220.0,76,105,42,13,225
219037,4.0,5.0,3.0,9.0,3.0,1.0,0.2,0.30000000000000004,30.0,133,9085.0,77,103,41,13,223
219037,4.0,5.0,3.0,9.0,3.0,1.0,0.2,0.30000000000000004,30.0,134,9025.0,77,101,41,13,221
219037,4.0,5.0,3.0,9.0,3.0,1.0,0.2,0.30000000000000004,30.0,135,9055.0,76,99,41,13,218
219037,4.0,5.0,3.0,9.0,3.0,1.0,0.2,0.30000000000000004,30.0,136,8920.0,75,100,39,12,216
219037,4.0,5.0,3.0,9.0,3.0,1.0,0.2,0.30000000000000004,30.0,137,8860.0,77,96,39,11,214
219037,4.0,5.0,3.0,9.0,3.0,1.0,0.2,0.30000000000000004,30.0,138,8785.0,74,92,39,10,206
219037,4.0,5.0,3.0,9.0,3.0,1.0,0.2,0.30000000000000004,30.0,139,8740.0,71,86,41,10,199
219037,4.0,5.0,3.0,9.0,3.0,1.0,0.2,0.30000000000000004,30.0,140,8230.0,75,87,37,8,200
219037,4.0,5.0,3.0,9.0,3.0,1.0,0.2,0.30000000000000004,30.0,141,7975.0,78,89,34,8,202
219037,4.0,5.0,3.0,9.0,3.0,1.0,0.2,0.30000000000000004,30.0,142,7838.75,78,90,35,7,204
219037,4.0,5.0,3.0,9.0,3.0,1.0,0.2,0.30000000000000004,30.0,143,7488.4375,78,90,37,6,206
219037,4.0,5.0,3.0,9.0,3.0,1.0,0.2,0.30000000000000004,30.0,144,6990.546875,76,93,39,6,209
219037,4.0,5.0,3.0,9.0,3.0,1.0,0.2,0.30000000000000004,30.0,145,6263.18359375,77,93,39,7,210
219037,4.0,5.0,3.0,9.0,3.0,1.0,0.2,0.30000000000000004,30.0,146,5743.9794921875,83,97,39,7,220
219037,4.0,5.0,3.0,9.0,3.0,1.0,0.2,0.30000000000000004,30.0,147,5664.974365234375,82,94,36,7,213
219037,4.0,5.0,3.0,9.0,3.0,1.0,0.2,0.30000000000000004,30.0,148,5656.217956542969,81,98,35,6,215
219037,4.0,5.0,3.0,9.0,3.0,1.0,0.2,0.30000000000000004,30.0,149,5795.272445678711,80,97,35,6,213
219037,4.0,5.0,3.0,9.0,3.0,1.0,0.2,0.30000000000000004,30.0,150,5969.090557098389,81,93,34,6,209
219037,4.0,5.0,3.0,9.0,3.0,1.0,0.2,0.30000000000000004,30.0,151,6336.363196372986,83,91,33,5,208
219037,4.0,5.0,3.0,9.0,3.0,1.0,0.2,0.30000000000000004,30.0,152,6870.453995466232,85,88,29,4,203
219037,4.0,5.0,3.0,9.0,3.0,1.0,0.2,0.30000000000000004,30.0,153,7673.06749433279,82,85,27,4,195
219037,4.0,5.0,3.0,9.0,3.0,1.0,0.2,0.30000000000000004,30.0,154,8331.334367915988,78,85,25,4,189
219037,4.0,5.0,3.0,9.0,3.0,1.0,0.2,0.30000000000000004,30.0,155,8695.0,77,86,21,3,185
219037,4.0,5.0,3.0,9.0,3.0,1.0,0.2,0.30000000000000004,30.0,156,8650.0,81,83,20,3,185
219037,4.0,5.0,3.0,9.0,3.0,1.0,0.2,0.30000000000000004,30.0,157,8410.0,85,87,19,2,192
219037,4.0,5.0,3.0,9.0,3.0,1.0,0.2,0.30000000000000004,30.0,158,8170.0,83,88,20,2,192
219037,4.0,5.0,3.0,9.0,3.0,1.0,0.2,0.30000000000000004,30.0,159,7915.0,83,90,21,3,195
219037,4.0,5.0,3.0,9.0,3.0,1.0,0.2,0.30000000000000004,30.0,160,7523.75,82,94,24,4,201
219037,4.0,5.0,3.0,9.0,3.0,1.0,0.2,0.30000000000000004,30.0,161,6824.6875,85,103,23,4,212
219037,4.0,5.0,3.0,9.0,3.0,1.0,0.2,0.30000000000000004,30.0,162,5920.859375,88,106,23,4,218
219037,4.0,5.0,3.0,9.0,3.0,1.0,0.2,0.30000000000000004,30.0,163,5256.07421875,91,110,22,4,224
219037,4.0,5.0,3.0,9.0,3.0,1.0,0.2,0.30000000000000004,30.0,164,4830.0927734375,93,110,23,4,227
219037,4.0,5.0,3.0,9.0,3.0,1.0,0.2,0.30000000000000004,30.0,165,4417.615966796875,94,111,23,5,228
219037,4.0,5.0,3.0,9.0,3.0,1.0,0.2,0.30000000000000004,30.0,166,3962.0199584960938,96,112,24,5,232
219037,4.0,5.0,3.0,9.0,3.0,1.0,0.2,0.30000000000000004,30.0,167,3662.524948120117,100,111,24,5,235
219037,4.0,5.0,3.0,9.0,3.0,1.0,0.2,0.30000000000000004,30.0,168,3468.1561851501465,101,106,25,5,232
219037,4.0,5.0,3.0,9.0,3.0,1.0,0.2,0.30000000000000004,30.0,169,3315.195231437683,101,107,25,5,233
219037,4.0,5.0,3.0,9.0,3.0,1.0,0.2,0.30000000000000004,30.0,170,3408.994039297104,103,108,21,5,232
219037,4.0,5.0,3.0,9.0,3.0,1.0,0.2,0.30000000000000004,30.0,171,3526.24254912138,104,108,20,5,232
219037,4.0,5.0,3.0,9.0,3.0,1.0,0.2,0.30000000000000004,30.0,172,3837.803186401725,102,105,20,5,227
219037,4.0,5.0,3.0,9.0,3.0,1.0,0.2,0.30000000000000004,30.0,173,4257.253983002156,101,101,20,5,222
219037,4.0,5.0,3.0,9.0,3.0,1.0,0.2,0.30000000000000004,30.0,174,4646.567478752695,98,98,19,6,215
219037,4.0,5.0,3.0,9.0,3.0,1.0,0.2,0.30000000000000004,30.0,175,5133.209348440869,94,93,18,6,205
219037,4.0,5.0,3.0,9.0,3.0,1.0,0.2,0.30000000000000004,30.0,176,5786.511685551086,93,89,16,5,198
219037,4.0,5.0,3.0,9.0,3.0,1.0,0.2,0.30000000000000004,30.0,177,6393.1396069388575,91,86,14,5,191
219037,4.0,5.0,3.0,9.0,3.0,1.0,0.2,0.30000000000000004,30.0,178,7091.424508673572,89,82,14,5,185
219037,4.0,5.0,3.0,9.0,3.0,1.0,0.2,0.30000000000000004,30.0,179,7934.280635841966,90,78,13,5,181
219037,4.0,5.0,3.0,9.0,3.0,1.0,0.2,0.30000000000000004,30.0,180,8567.850794802456,86,78,13,5,177
219037,4.0,5.0,3.0,9.0,3.0,1.0,0.2,0.30000000000000004,30.0,181,8545.0,85,74,13,5,172
219037,4.0,5.0,3.0,9.0,3.0,1.0,0.2,0.30000000000000004,30.0,182,8410.0,85,72,15,5,172
219037,4.0,5.0,3.0,9.0,3.0,1.0,0.2,0.30000000000000004,30.0,183,8290.0,81,72,15,4,168
219037,4.0,5.0,3.0,9.0,3.0,1.0,0.2,0.30000000000000004,30.0,184,8200.0,82,71,14,4,167
219037,4.0,5.0,3.0,9.0,3.0,1.0,0.2,0.30000000000000004,30.0,185,8035.0,86,67,16,4,169
219037,4.0,5.0,3.0,9.0,3.0,1.0,0.2,0.30000000000000004,30.0,186,7900.0,92,63,16,4,171
219037,4.0,5.0,3.0,9.0,3.0,1.0,0.2,0.30000000000000004,30.0,187,7595.0,92,61,17,4,170
219037,4.0,5.0,3.0,9.0,3.0,1.0,0.2,0.30000000000000004,30.0,188,7123.75,95,61,18,4,174
219037,4.0,5.0,3.0,9.0,3.0,1.0,0.2,0.30000000000000004,30.0,189,6474.6875,97,60,18,5,175
219037,4.0,5.0,3.0,9.0,3.0,1.0,0.2,0.30000000000000004,30.0,190,5558.359375,100,60,17,5,177
219037,4.0,5.0,3.0,9.0,3.0,1.0,0.2,0.30000000000000004,30.0,191,4727.94921875,109,61,17,5,187
219037,4.0,5.0,3.0,9.0,3.0,1.0,0.2,0.30000000000000004,30.0,192,4244.9365234375,109,62,16,4,187
219037,4.0,5.0,3.0,9.0,3.0,1.0,0.2,0.30000000000000004,30.0,193,3836.170654296875,109,53,16,4,178
219037,4.0,5.0,3.0,9.0,3.0,1.0,0.2,0.30000000000000004,30.0,194,3595.2133178710938,112,50,16,4,178
219037,4.0,5.0,3.0,9.0,3.0,1.0,0.2,0.30000000000000004,30.0,195,3489.016647338867,112,50,16,4,178
219037,4.0,5.0,3.0,9.0,3.0,1.0,0.2,0.30000000000000004,30.0,196,3506.270809173584,112,45,16,3,173
219037,4.0,5.0,3.0,9.0,3.0,1.0,0.2,0.30000000000000004,30.0,197,3662.83851146698,112,45,15,3,172
219037,4.0,5.0,3.0,9.0,3.0,1.0,0.2,0.30000000000000004,30.0,198,4068.548139333725,110,45,15,3,170
219037,4.0,5.0,3.0,9.0,3.0,1.0,0.2,0.30000000000000004,30.0,199,4575.685174167156,107,41,15,3,163
219037,4.0,5.0,3.0,9.0,3.0,1.0,0.2,0.30000000000000004,30.0,200,5284.606467708945,109,39,14,3,162
219037,4.0,5.0,3.0,9.0,3.0,1.0,0.2,0.30000000000000004,30.0,201,6215.758084636182,104,38,14,3,156
219037,4.0,5.0,3.0,9.0,3.0,1.0,0.2,0.30000000000000004,30.0,202,7169.697605795227,102,37,14,3,153
219037,4.0,5.0,3.0,9.0,3.0,1.0,0.2,0.30000000000000004,30.0,203,8227.122007244034,100,37,13,3,151
219037,4.0,5.0,3.0,9.0,3.0,1.0,0.2,0.30000000000000004,30.0,204,8935.0,104,39,13,3,157
219037,4.0,5.0,3.0,9.0,3.0,1.0,0.2,0.30000000000000004,30.0,205,8620.0,103,39,14,3,157
219037,4.0,5.0,3.0,9.0,3.0,1.0,0.2,0.30000000000000004,30.0,206,8515.0,101,41,14,3,157
219037,4.0,5.0,3.0,9.0,3.0,1.0,0.2,0.30000000000000004,30.0,207,8470.0,105,38,14,3,158
219037,4.0,5.0,3.0,9.0,3.0,1.0,0.2,0.30000000000000004,30.0,208,8065.0,109,38,16,3,164
219037,4.0,5.0,3.0,9.0,3.0,1.0,0.2,0.30000000000000004,30.0,209,7780.0,115,39,16,3,171
219037,4.0,5.0,3.0,9.0,3.0,1.0,0.2,0.30000000000000004,30.0,210,7310.0,117,42,17,3,177
219037,4.0,5.0,3.0,9.0,3.0,1.0,0.2,0.30000000000000004,30.0,211,6542.5,120,45,17,4,183
219037,4.0,5.0,3.0,9.0,3.0,1.0,0.2,0.30000000000000004,30.0,212,5493.125,131,47,18,4,198
219037,4.0,5.0,3.0,9.0,3.0,1.0,0.2,0.30000000000000004,30.0,213,4781.40625,138,50,17,4,207
219037,4.0,5.0,3.0,9.0,3.0,1.0,0.2,0.30000000000000004,30.0,214,4071.7578125,143,48,17,4,210
219037,4.0,5.0,3.0,9.0,3.0,1.0,0.2,0.30000000000000004,30.0,215,3589.697265625,143,49,17,4,211
219037,4.0,5.0,3.0,9.0,3.0,1.0,0.2,0.30000000000000004,30.0,216,3182.12158203125,146,50,17,5,215
219037,4.0,5.0,3.0,9.0,3.0,1.0,0.2,0.30000000000000004,30.0,217,2852.6519775390625,142,51,16,5,211
219037,4.0,5.0,3.0,9.0,3.0,1.0,0.2,0.30000000000000004,30.0,218,2530.814971923828,139,53,17,4,212
219037,4.0,5.0,3.0,9.0,3.0,1.0,0.2,0.30000000000000004,30.0,219,2263.518714904785,136,50,16,4,205
219037,4.0,5.0,3.0,9.0,3.0,1.0,0.2,0.30000000000000004,30.0,220,2004.3983936309814,131,51,14,4,199
219037,4.0,5.0,3.0,9.0,3.0,1.0,0.2,0.30000000000000004,30.0,221,1875.4979920387268,126,47,13,4,189
219037,4.0,5.0,3.0,9.0,3.0,1.0,0.2,0.30000000000000004,30.0,222,1909.3724900484085,125,43,12,3,183
219037,4.0,5.0,3.0,9.0,3.0,1.0,0.2,0.30000000000000004,30.0,223,1816.7156125605106,118,40,12,3,173
219037,4.0,5.0,3.0,9.0,3.0,1.0,0.2,0.30000000000000004,30.0,224,1805.8945157006383,113,39,12,3,167
219037,4.0,5.0,3.0,9.0,3.0,1.0,0.2,0.30000000000000004,30.0,225,1627.3681446257979,109,38,11,3,161
219037,4.0,5.0,3.0,9.0,3.0,1.0,0.2,0.30000000000000004,30.0,226,1329.2101807822473,109,36,10,3,158
219037,4.0,5.0,3.0,9.0,3.0,1.0,0.2,0.30000000000000004,30.0,227,896.5127259778092,103,37,11,3,154
219037,4.0,5.0,3.0,9.0,3.0,1.0,0.2,0.30000000000000004,30.0,228,520.6409074722615,98,37,11,3,149
219037,4.0,5.0,3.0,9.0,3.0,1.0,0.2,0.30000000000000004,30.0,229,0,98,37,11,3,149
219037,4.0,5.0,3.0,9.0,3.0,1.0,0.2,0.30000000000000004,30.0,230,0,94,36,11,3,144
219037,4.0,5.0,3.0,9.0,3.0,1.0,0.2,0.30000000000000004,30.0,231,0,93,35,11,3,142
219037,4.0,5.0,3.0,9.0,3.0,1.0,0.2,0.30000000000000004,30.0,232,0,88,34,10,3,134
219037,4.0,5.0,3.0,9.0,3.0,1.0,0.2,0.30000000000000004,30.0,233,0,86,33,10,3,131
219037,4.0,5.0,3.0,9.0,3.0,1.0,0.2,0.30000000000000004,30.0,234,0,85,32,9,3,128
219037,4.0,5.0,3.0,9.0,3.0,1.0,0.2,0.30000000000000004,30.0,235,0,81,30,9,3,122
219037,4.0,5.0,3.0,9.0,3.0,1.0,0.2,0.30000000000000004,30.0,236,0,78,29,9,3,118
219037,4.0,5.0,3.0,9.0,3.0,1.0,0.2,0.30000000000000004,30.0,237,0,75,26,8,3,110
219037,4.0,5.0,3.0,9.0,3.0,1.0,0.2,0.30000000000000004,30.0,238,0,70,25,8,2,104
219037,4.0,5.0,3.0,9.0,3.0,1.0,0.2,0.30000000000000004,30.0,239,0,63,23,8,1,94
219037,4.0,5.0,3.0,9.0,3.0,1.0,0.2,0.30000000000000004,30.0,240,0,56,20,7,1,83
219037,4.0,5.0,3.0,9.0,3.0,1.0,0.2,0.30000000000000004,30.0,241,0,50,15,5,1,70
219037,4.0,5.0,3.0,9.0,3.0,1.0,0.2,0.30000000000000004,30.0,242,0,45,14,4,1,63
219037,4.0,5.0,3.0,9.0,3.0,1.0,0.2,0.30000000000000004,30.0,243,0,39,12,3,0,54
219037,4.0,5.0,3.0,9.0,3.0,1.0,0.2,0.30000000000000004,30.0,244,0,31,11,3,0,45
219037,4.0,5.0,3.0,9.0,3.0,1.0,0.2,0.30000000000000004,30.0,245,0,25,10,3,0,38
219037,4.0,5.0,3.0,9.0,3.0,1.0,0.2,0.30000000000000004,30.0,246,0,20,8,3,0,31
219037,4.0,5.0,3.0,9.0,3.0,1.0,0.2,0.30000000000000004,30.0,247,0,15,7,2,0,24
219037,4.0,5.0,3.0,9.0,3.0,1.0,0.2,0.30000000000000004,30.0,248,0,12,5,2,0,19
219037,4.0,5.0,3.0,9.0,3.0,1.0,0.2,0.30000000000000004,30.0,249,0,8,5,2,0,15
219037,4.0,5.0,3.0,9.0,3.0,1.0,0.2,0.30000000000000004,30.0,250,0,7,4,2,0,13
219037,4.0,5.0,3.0,9.0,3.0,1.0,0.2,0.30000000000000004,30.0,251,10.0,6,4,1,0,11
219037,4.0,5.0,3.0,9.0,3.0,1.0,0.2,0.30000000000000004,30.0,252,0,5,3,1,0,9
219037,4.0,5.0,3.0,9.0,3.0,1.0,0.2,0.30000000000000004,30.0,253,0,5,2,1,0,8
219037,4.0,5.0,3.0,9.0,3.0,1.0,0.2,0.30000000000000004,30.0,254,0,4,0,1,0,5
219037,4.0,5.0,3.0,9.0,3.0,1.0,0.2,0.30000000000000004,30.0,255,0,2,0,0,0,2
219037,4.0,5.0,3.0,9.0,3.0,1.0,0.2,0.30000000000000004,30.0,256,0,2,0,0,0,2
219037,4.0,5.0,3.0,9.0,3.0,1.0,0.2,0.30000000000000004,30.0,257,0,1,0,0,0,1