Exp Num,agent:svo_convergence_factor,agent:params:metabolism,agent:params:consumption_factor,agent:params:procreate_cost_factor,agent:params:procreate_req_factor,agent:params:start_energy_factor,agent:params:caught_chance,agent:params:caught_cooldown_factor,agent:params:maximum_age,Epoch,Resource,A,B,C,D,E
212554,4.0,5.0,2.0,7.0,3.0,3.0,0.30000000000000004,0.1,50.0,0,4000.0,16,23,15,33,67
212554,4.0,5.0,2.0,7.0,3.0,3.0,0.30000000000000004,0.1,50.0,1,4000.0,16,23,15,33,67
212554,4.0,5.0,2.0,7.0,3.0,3.0,0.30000000000000004,0.1,50.0,2,4000.0,16,23,15,33,67
212554,4.0,5.0,2.0,7.0,3.0,3.0,0.30000000000000004,0.1,50.0,3,4000.0,16,23,15,33,67
212554,4.0,5.0,2.0,7.0,3.0,3.0,0.30000000000000004,0.1,50.0,4,4000.0,16,23,15,33,67
212554,4.0,5.0,2.0,7.0,3.0,3.0,0.30000000000000004,0.1,50.0,5,4000.0,16,23,15,33,67
212554,4.0,5.0,2.0,7.0,3.0,3.0,0.30000000000000004,0.1,50.0,6,4000.0,16,23,15,33,67
212554,4.0,5.0,2.0,7.0,3.0,3.0,0.30000000000000004,0.1,50.0,7,4000.0,16,23,15,33,67
212554,4.0,5.0,2.0,7.0,3.0,3.0,0.30000000000000004,0.1,50.0,8,4000.0,16,23,15,33,67
212554,4.0,5.0,2.0,7.0,3.0,3.0,0.30000000000000004,0.1,50.0,9,4000.0,16,23,15,33,67
212554,4.0,5.0,2.0,7.0,3.0,3.0,0.30000000000000004,0.1,50.0,10,4000.0,16,23,15,33,67
212554,4.0,5.0,2.0,7.0,3.0,3.0,0.30000000000000004,0.1,50.0,11,4000.0,16,23,15,33,67
212554,4.0,5.0,2.0,7.0,3.0,3.0,0.30000000000000004,0.1,50.0,12,4000.0,16,23,15,33,67
212554,4.0,5.0,2.0,7.0,3.0,3.0,0.30000000000000004,0.1,50.0,13,4000.0,16,23,15,33,67
212554,4.0,5.0,2.0,7.0,3.0,3.0,0.30000000000000004,0.1,50.0,14,4000.0,16,23,15,33,67
212554,4.0,5.0,2.0,7.0,3.0,3.0,0.30000000000000004,0.1,50.0,15,4000.0,16,23,15,33,67
212554,4.0,5.0,2.0,7.0,3.0,3.0,0.30000000000000004,0.1,50.0,16,4000.0,16,23,15,33,67
212554,4.0,5.0,2.0,7.0,3.0,3.0,0.30000000000000004,0.1,50.0,17,4000.0,27,34,23,48,102
212554,4.0,5.0,2.0,7.0,3.0,3.0,0.30000000000000004,0.1,50.0,18,3500.0,27,34,23,48,102
212554,4.0,5.0,2.0,7.0,3.0,3.0,0.30000000000000004,0.1,50.0,19,2965.0,27,34,23,48,102
212554,4.0,5.0,2.0,7.0,3.0,3.0,0.30000000000000004,0.1,50.0,20,2736.25,27,34,23,48,102
212554,4.0,5.0,2.0,7.0,3.0,3.0,0.30000000000000004,0.1,50.0,21,2730.3125,27,34,23,48,102
212554,4.0,5.0,2.0,7.0,3.0,3.0,0.30000000000000004,0.1,50.0,22,2882.890625,27,34,23,48,102
212554,4.0,5.0,2.0,7.0,3.0,3.0,0.30000000000000004,0.1,50.0,23,3123.61328125,27,34,23,48,102
212554,4.0,5.0,2.0,7.0,3.0,3.0,0.30000000000000004,0.1,50.0,24,3494.5166015625,32,39,23,49,114
212554,4.0,5.0,2.0,7.0,3.0,3.0,0.30000000000000004,0.1,50.0,25,3818.145751953125,32,39,23,49,114
212554,4.0,5.0,2.0,7.0,3.0,3.0,0.30000000000000004,0.1,50.0,26,4202.682189941406,33,40,23,49,116
212554,4.0,5.0,2.0,7.0,3.0,3.0,0.30000000000000004,0.1,50.0,27,4493.352737426758,33,40,23,49,116
212554,4.0,5.0,2.0,7.0,3.0,3.0,0.30000000000000004,0.1,50.0,28,4626.690921783447,33,40,23,49,116
212554,4.0,5.0,2.0,7.0,3.0,3.0,0.30000000000000004,0.1,50.0,29,4553.363652229309,33,40,23,49,116
212554,4.0,5.0,2.0,7.0,3.0,3.0,0.30000000000000004,0.1,50.0,30,4391.704565286636,34,40,23,49,117
212554,4.0,5.0,2.0,7.0,3.0,3.0,0.30000000000000004,0.1,50.0,31,4139.630706608295,39,48,25,51,132
212554,4.0,5.0,2.0,7.0,3.0,3.0,0.30000000000000004,0.1,50.0,32,3644.5383832603693,39,49,26,51,135
212554,4.0,5.0,2.0,7.0,3.0,3.0,0.30000000000000004,0.1,50.0,33,3495.6729790754616,40,49,26,51,136
212554,4.0,5.0,2.0,7.0,3.0,3.0,0.30000000000000004,0.1,50.0,34,3539.591223844327,40,49,26,51,137
212554,4.0,5.0,2.0,7.0,3.0,3.0,0.30000000000000004,0.1,50.0,35,3714.489029805409,39,49,26,51,135
212554,4.0,5.0,2.0,7.0,3.0,3.0,0.30000000000000004,0.1,50.0,36,3903.111287256761,39,50,27,51,138
212554,4.0,5.0,2.0,7.0,3.0,3.0,0.30000000000000004,0.1,50.0,37,4148.889109070951,38,49,27,51,136
212554,4.0,5.0,2.0,7.0,3.0,3.0,0.30000000000000004,0.1,50.0,38,4486.111386338689,40,51,32,52,145
212554,4.0,5.0,2.0,7.0,3.0,3.0,0.30000000000000004,0.1,50.0,39,4747.639232923361,41,50,32,50,145
212554,4.0,5.0,2.0,7.0,3.0,3.0,0.30000000000000004,0.1,50.0,40,5024.549041154201,42,52,33,50,150
212554,4.0,5.0,2.0,7.0,3.0,3.0,0.30000000000000004,0.1,50.0,41,5260.686301442752,42,51,33,49,149
212554,4.0,5.0,2.0,7.0,3.0,3.0,0.30000000000000004,0.1,50.0,42,5245.8578768034395,40,51,33,49,147
212554,4.0,5.0,2.0,7.0,3.0,3.0,0.30000000000000004,0.1,50.0,43,5097.322346004299,41,52,34,49,152
212554,4.0,5.0,2.0,7.0,3.0,3.0,0.30000000000000004,0.1,50.0,44,4821.652932505374,41,53,36,49,155
212554,4.0,5.0,2.0,7.0,3.0,3.0,0.30000000000000004,0.1,50.0,45,4427.066165631718,44,59,39,50,167
212554,4.0,5.0,2.0,7.0,3.0,3.0,0.30000000000000004,0.1,50.0,46,4173.832707039647,44,60,40,50,169
212554,4.0,5.0,2.0,7.0,3.0,3.0,0.30000000000000004,0.1,50.0,47,4047.290883799559,45,59,40,50,171
212554,4.0,5.0,2.0,7.0,3.0,3.0,0.30000000000000004,0.1,50.0,48,4069.113604749449,45,59,41,51,172
212554,4.0,5.0,2.0,7.0,3.0,3.0,0.30000000000000004,0.1,50.0,49,4236.392005936812,44,59,41,51,172
212554,4.0,5.0,2.0,7.0,3.0,3.0,0.30000000000000004,0.1,50.0,50,4765.4900074210145,37,47,30,31,137
212554,4.0,5.0,2.0,7.0,3.0,3.0,0.30000000000000004,0.1,50.0,51,4956.862509276269,31,43,27,23,121
212554,4.0,5.0,2.0,7.0,3.0,3.0,0.30000000000000004,0.1,50.0,52,5226.078136595335,32,45,27,22,120
212554,4.0,5.0,2.0,7.0,3.0,3.0,0.30000000000000004,0.1,50.0,53,5382.59767074417,34,47,27,22,124
212554,4.0,5.0,2.0,7.0,3.0,3.0,0.30000000000000004,0.1,50.0,54,5458.247088430212,34,46,28,24,124
212554,4.0,5.0,2.0,7.0,3.0,3.0,0.30000000000000004,0.1,50.0,55,5412.808860537765,34,47,30,25,128
212554,4.0,5.0,2.0,7.0,3.0,3.0,0.30000000000000004,0.1,50.0,56,5266.011075672206,34,48,31,25,131
212554,4.0,5.0,2.0,7.0,3.0,3.0,0.30000000000000004,0.1,50.0,57,5022.513844590258,35,52,33,26,138
212554,4.0,5.0,2.0,7.0,3.0,3.0,0.30000000000000004,0.1,50.0,58,4638.1423057378215,36,52,34,27,141
212554,4.0,5.0,2.0,7.0,3.0,3.0,0.30000000000000004,0.1,50.0,59,4117.677882172276,38,57,35,28,149
212554,4.0,5.0,2.0,7.0,3.0,3.0,0.30000000000000004,0.1,50.0,60,3507.0973527153456,42,62,36,28,160
212554,4.0,5.0,2.0,7.0,3.0,3.0,0.30000000000000004,0.1,50.0,61,3213.8716908941824,44,64,36,29,164
212554,4.0,5.0,2.0,7.0,3.0,3.0,0.30000000000000004,0.1,50.0,62,3247.339613617728,44,64,37,29,166
212554,4.0,5.0,2.0,7.0,3.0,3.0,0.30000000000000004,0.1,50.0,63,3399.17451702216,45,64,37,29,167
212554,4.0,5.0,2.0,7.0,3.0,3.0,0.30000000000000004,0.1,50.0,64,3768.9681462777007,45,65,37,29,168
212554,4.0,5.0,2.0,7.0,3.0,3.0,0.30000000000000004,0.1,50.0,65,4221.210182847126,45,65,37,29,169
212554,4.0,5.0,2.0,7.0,3.0,3.0,0.30000000000000004,0.1,50.0,66,4796.512728558908,46,66,37,29,171
212554,4.0,5.0,2.0,7.0,3.0,3.0,0.30000000000000004,0.1,50.0,67,5565.640910698635,47,66,37,29,172
212554,4.0,5.0,2.0,7.0,3.0,3.0,0.30000000000000004,0.1,50.0,68,5917.051138373294,42,61,35,24,157
212554,4.0,5.0,2.0,7.0,3.0,3.0,0.30000000000000004,0.1,50.0,69,6196.313922966618,42,59,32,19,150
212554,4.0,5.0,2.0,7.0,3.0,3.0,0.30000000000000004,0.1,50.0,70,6415.3924037082725,43,60,32,17,152
212554,4.0,5.0,2.0,7.0,3.0,3.0,0.30000000000000004,0.1,50.0,71,6589.240504635341,44,61,32,17,155
212554,4.0,5.0,2.0,7.0,3.0,3.0,0.30000000000000004,0.1,50.0,72,6666.550630794176,44,61,34,17,158
212554,4.0,5.0,2.0,7.0,3.0,3.0,0.30000000000000004,0.1,50.0,73,6623.18828849272,45,62,35,17,161
212554,4.0,5.0,2.0,7.0,3.0,3.0,0.30000000000000004,0.1,50.0,74,6498.9853606158995,46,62,37,19,166
212554,4.0,5.0,2.0,7.0,3.0,3.0,0.30000000000000004,0.1,50.0,75,6313.731700769875,46,60,40,19,167
212554,4.0,5.0,2.0,7.0,3.0,3.0,0.30000000000000004,0.1,50.0,76,6092.164625962343,45,62,41,19,168
212554,4.0,5.0,2.0,7.0,3.0,3.0,0.30000000000000004,0.1,50.0,77,5775.205782452929,44,65,45,20,174
212554,4.0,5.0,2.0,7.0,3.0,3.0,0.30000000000000004,0.1,50.0,78,5289.007228066162,47,68,47,21,182
212554,4.0,5.0,2.0,7.0,3.0,3.0,0.30000000000000004,0.1,50.0,79,4581.259035082702,51,72,49,21,195
212554,4.0,5.0,2.0,7.0,3.0,3.0,0.30000000000000004,0.1,50.0,80,3926.5737938533775,54,74,53,22,205
212554,4.0,5.0,2.0,7.0,3.0,3.0,0.30000000000000004,0.1,50.0,81,3808.217242316722,54,74,55,24,208
212554,4.0,5.0,2.0,7.0,3.0,3.0,0.30000000000000004,0.1,50.0,82,4000.2715528959025,55,68,55,24,203
212554,4.0,5.0,2.0,7.0,3.0,3.0,0.30000000000000004,0.1,50.0,83,4400.339441119878,52,68,52,23,197
212554,4.0,5.0,2.0,7.0,3.0,3.0,0.30000000000000004,0.1,50.0,84,5000.4243013998475,50,68,52,23,195
212554,4.0,5.0,2.0,7.0,3.0,3.0,0.30000000000000004,0.1,50.0,85,5730.53037674981,50,68,52,23,193
212554,4.0,5.0,2.0,7.0,3.0,3.0,0.30000000000000004,0.1,50.0,86,6323.162970937263,53,70,52,23,198
212554,4.0,5.0,2.0,7.0,3.0,3.0,0.30000000000000004,0.1,50.0,87,6593.953713671579,55,69,53,23,200
212554,4.0,5.0,2.0,7.0,3.0,3.0,0.30000000000000004,0.1,50.0,88,6582.442142089474,55,70,52,24,201
212554,4.0,5.0,2.0,7.0,3.0,3.0,0.30000000000000004,0.1,50.0,89,6368.052677611842,56,70,51,25,201
212554,4.0,5.0,2.0,7.0,3.0,3.0,0.30000000000000004,0.1,50.0,90,5950.065847014803,55,71,51,24,202
212554,4.0,5.0,2.0,7.0,3.0,3.0,0.30000000000000004,0.1,50.0,91,5377.582308768504,53,71,50,25,200
212554,4.0,5.0,2.0,7.0,3.0,3.0,0.30000000000000004,0.1,50.0,92,4651.97788596063,54,70,49,25,199
212554,4.0,5.0,2.0,7.0,3.0,3.0,0.30000000000000004,0.1,50.0,93,4164.972357450788,57,73,51,25,208
212554,4.0,5.0,2.0,7.0,3.0,3.0,0.30000000000000004,0.1,50.0,94,4056.215446813485,60,74,52,25,212
212554,4.0,5.0,2.0,7.0,3.0,3.0,0.30000000000000004,0.1,50.0,95,4230.269308516856,60,73,51,25,210
212554,4.0,5.0,2.0,7.0,3.0,3.0,0.30000000000000004,0.1,50.0,96,4607.83663564607,60,71,48,23,205
212554,4.0,5.0,2.0,7.0,3.0,3.0,0.30000000000000004,0.1,50.0,97,5219.795794557587,59,67,46,23,198
212554,4.0,5.0,2.0,7.0,3.0,3.0,0.30000000000000004,0.1,50.0,98,6044.744743196984,59,67,47,23,199
212554,4.0,5.0,2.0,7.0,3.0,3.0,0.30000000000000004,0.1,50.0,99,6455.93092899623,60,66,46,23,197
212554,4.0,5.0,2.0,7.0,3.0,3.0,0.30000000000000004,0.1,50.0,100,6679.913661245288,61,66,46,22,197
212554,4.0,5.0,2.0,7.0,3.0,3.0,0.30000000000000004,0.1,50.0,101,6769.892076556609,60,67,46,22,196
212554,4.0,5.0,2.0,7.0,3.0,3.0,0.30000000000000004,0.1,50.0,102,6692.365095695761,62,67,46,23,198
212554,4.0,5.0,2.0,7.0,3.0,3.0,0.30000000000000004,0.1,50.0,103,6405.4563696197,63,66,47,22,199
212554,4.0,5.0,2.0,7.0,3.0,3.0,0.30000000000000004,0.1,50.0,104,5906.820462024625,60,64,49,22,196
212554,4.0,5.0,2.0,7.0,3.0,3.0,0.30000000000000004,0.1,50.0,105,5283.525577530781,58,67,52,23,200
212554,4.0,5.0,2.0,7.0,3.0,3.0,0.30000000000000004,0.1,50.0,106,4464.406971913477,61,69,51,22,203
212554,4.0,5.0,2.0,7.0,3.0,3.0,0.30000000000000004,0.1,50.0,107,3930.5087148918465,64,69,50,21,205
212554,4.0,5.0,2.0,7.0,3.0,3.0,0.30000000000000004,0.1,50.0,108,3873.135893614808,65,69,48,20,204
212554,4.0,5.0,2.0,7.0,3.0,3.0,0.30000000000000004,0.1,50.0,109,4031.4198670185106,66,68,48,20,204
212554,4.0,5.0,2.0,7.0,3.0,3.0,0.30000000000000004,0.1,50.0,110,4369.274833773138,65,67,46,19,200
212554,4.0,5.0,2.0,7.0,3.0,3.0,0.30000000000000004,0.1,50.0,111,4831.593542216423,64,65,45,19,195
212554,4.0,5.0,2.0,7.0,3.0,3.0,0.30000000000000004,0.1,50.0,112,5509.4919277705285,60,62,46,19,189
212554,4.0,5.0,2.0,7.0,3.0,3.0,0.30000000000000004,0.1,50.0,113,5976.86490971316,60,60,45,19,185
212554,4.0,5.0,2.0,7.0,3.0,3.0,0.30000000000000004,0.1,50.0,114,6171.08113714145,59,58,46,20,182
212554,4.0,5.0,2.0,7.0,3.0,3.0,0.30000000000000004,0.1,50.0,115,6193.8514214268125,59,59,47,20,184
212554,4.0,5.0,2.0,7.0,3.0,3.0,0.30000000000000004,0.1,50.0,116,5952.314276783516,60,62,48,20,189
212554,4.0,5.0,2.0,7.0,3.0,3.0,0.30000000000000004,0.1,50.0,117,5510.392845979395,61,63,49,21,191
212554,4.0,5.0,2.0,7.0,3.0,3.0,0.30000000000000004,0.1,50.0,118,4887.991057474244,61,63,50,21,194
212554,4.0,5.0,2.0,7.0,3.0,3.0,0.30000000000000004,0.1,50.0,119,4149.988821842806,63,65,52,22,201
212554,4.0,5.0,2.0,7.0,3.0,3.0,0.30000000000000004,0.1,50.0,120,3997.4860273035074,64,65,53,22,203
212554,4.0,5.0,2.0,7.0,3.0,3.0,0.30000000000000004,0.1,50.0,121,4056.8575341293845,65,63,54,22,203
212554,4.0,5.0,2.0,7.0,3.0,3.0,0.30000000000000004,0.1,50.0,122,4351.07191766173,64,64,53,22,202
212554,4.0,5.0,2.0,7.0,3.0,3.0,0.30000000000000004,0.1,50.0,123,4708.839897077163,64,65,55,21,204
212554,4.0,5.0,2.0,7.0,3.0,3.0,0.30000000000000004,0.1,50.0,124,5246.049871346454,64,65,52,22,201
212554,4.0,5.0,2.0,7.0,3.0,3.0,0.30000000000000004,0.1,50.0,125,5997.562339183068,61,65,51,20,196
212554,4.0,5.0,2.0,7.0,3.0,3.0,0.30000000000000004,0.1,50.0,126,6346.952923978834,62,66,49,20,195
212554,4.0,5.0,2.0,7.0,3.0,3.0,0.30000000000000004,0.1,50.0,127,6613.691154973543,63,65,48,19,193
212554,4.0,5.0,2.0,7.0,3.0,3.0,0.30000000000000004,0.1,50.0,128,6667.1139437169295,64,64,45,19,190
212554,4.0,5.0,2.0,7.0,3.0,3.0,0.30000000000000004,0.1,50.0,129,6593.892429646163,65,60,44,19,186
212554,4.0,5.0,2.0,7.0,3.0,3.0,0.30000000000000004,0.1,50.0,130,6432.3655370577035,61,56,46,18,179
212554,4.0,5.0,2.0,7.0,3.0,3.0,0.30000000000000004,0.1,50.0,131,6190.456921322129,58,53,43,18,171
212554,4.0,5.0,2.0,7.0,3.0,3.0,0.30000000000000004,0.1,50.0,132,5928.071151652662,56,53,40,17,166
212554,4.0,5.0,2.0,7.0,3.0,3.0,0.30000000000000004,0.1,50.0,133,5630.088939565827,55,53,41,16,167
212554,4.0,5.0,2.0,7.0,3.0,3.0,0.30000000000000004,0.1,50.0,134,5247.611174457284,56,52,46,17,172
212554,4.0,5.0,2.0,7.0,3.0,3.0,0.30000000000000004,0.1,50.0,135,4689.513968071605,60,53,47,17,179
212554,4.0,5.0,2.0,7.0,3.0,3.0,0.30000000000000004,0.1,50.0,136,3911.892460089506,62,55,50,18,187
212554,4.0,5.0,2.0,7.0,3.0,3.0,0.30000000000000004,0.1,50.0,137,3559.865575111882,63,57,52,18,192
212554,4.0,5.0,2.0,7.0,3.0,3.0,0.30000000000000004,0.1,50.0,138,3619.8319688898528,66,55,52,18,193
212554,4.0,5.0,2.0,7.0,3.0,3.0,0.30000000000000004,0.1,50.0,139,3924.7899611123157,64,54,52,18,190
212554,4.0,5.0,2.0,7.0,3.0,3.0,0.30000000000000004,0.1,50.0,140,4235.987451390394,64,54,52,17,189
212554,4.0,5.0,2.0,7.0,3.0,3.0,0.30000000000000004,0.1,50.0,141,4764.984314237992,64,53,51,17,187
212554,4.0,5.0,2.0,7.0,3.0,3.0,0.30000000000000004,0.1,50.0,142,5496.23039279749,65,53,51,15,186
212554,4.0,5.0,2.0,7.0,3.0,3.0,0.30000000000000004,0.1,50.0,143,5890.287990996862,65,54,49,15,183
212554,4.0,5.0,2.0,7.0,3.0,3.0,0.30000000000000004,0.1,50.0,144,6102.859988746078,65,53,50,13,183
212554,4.0,5.0,2.0,7.0,3.0,3.0,0.30000000000000004,0.1,50.0,145,6168.574985932597,63,51,50,13,181
212554,4.0,5.0,2.0,7.0,3.0,3.0,0.30000000000000004,0.1,50.0,146,6060.718732415746,64,53,50,14,182
212554,4.0,5.0,2.0,7.0,3.0,3.0,0.30000000000000004,0.1,50.0,147,5795.898415519682,61,53,50,14,180
212554,4.0,5.0,2.0,7.0,3.0,3.0,0.30000000000000004,0.1,50.0,148,5354.8730193996025,62,54,49,15,181
212554,4.0,5.0,2.0,7.0,3.0,3.0,0.30000000000000004,0.1,50.0,149,4753.591274249503,62,58,50,16,188
212554,4.0,5.0,2.0,7.0,3.0,3.0,0.30000000000000004,0.1,50.0,150,3971.9890928118784,59,58,53,17,189
212554,4.0,5.0,2.0,7.0,3.0,3.0,0.30000000000000004,0.1,50.0,151,3664.9863660148476,60,59,54,17,192
212554,4.0,5.0,2.0,7.0,3.0,3.0,0.30000000000000004,0.1,50.0,152,3571.2329575185595,62,60,53,17,194
212554,4.0,5.0,2.0,7.0,3.0,3.0,0.30000000000000004,0.1,50.0,153,3734.041196898199,64,59,53,17,195
212554,4.0,5.0,2.0,7.0,3.0,3.0,0.30000000000000004,0.1,50.0,154,4147.551496122749,65,59,52,17,196
212554,4.0,5.0,2.0,7.0,3.0,3.0,0.30000000000000004,0.1,50.0,155,4594.439370153436,64,58,50,17,192
212554,4.0,5.0,2.0,7.0,3.0,3.0,0.30000000000000004,0.1,50.0,156,5263.049212691795,64,55,49,17,188
212554,4.0,5.0,2.0,7.0,3.0,3.0,0.30000000000000004,0.1,50.0,157,5748.811515864744,64,54,47,16,186
212554,4.0,5.0,2.0,7.0,3.0,3.0,0.30000000000000004,0.1,50.0,158,5946.0143948309305,62,54,46,16,183
212554,4.0,5.0,2.0,7.0,3.0,3.0,0.30000000000000004,0.1,50.0,159,5962.517993538663,61,50,45,15,177
212554,4.0,5.0,2.0,7.0,3.0,3.0,0.30000000000000004,0.1,50.0,160,5863.147491923329,61,49,46,15,176
212554,4.0,5.0,2.0,7.0,3.0,3.0,0.30000000000000004,0.1,50.0,161,5628.934364904161,61,49,48,15,180
212554,4.0,5.0,2.0,7.0,3.0,3.0,0.30000000000000004,0.1,50.0,162,5246.167956130202,62,49,49,15,182
212554,4.0,5.0,2.0,7.0,3.0,3.0,0.30000000000000004,0.1,50.0,163,4667.709945162752,62,51,51,16,186
212554,4.0,5.0,2.0,7.0,3.0,3.0,0.30000000000000004,0.1,50.0,164,3964.6374314534396,64,52,52,15,191
212554,4.0,5.0,2.0,7.0,3.0,3.0,0.30000000000000004,0.1,50.0,165,3635.7967893167997,66,53,54,15,196
212554,4.0,5.0,2.0,7.0,3.0,3.0,0.30000000000000004,0.1,50.0,166,3664.7459866459994,65,52,53,14,193
212554,4.0,5.0,2.0,7.0,3.0,3.0,0.30000000000000004,0.1,50.0,167,3830.932483307499,68,51,53,14,195
212554,4.0,5.0,2.0,7.0,3.0,3.0,0.30000000000000004,0.1,50.0,168,4208.665604134374,67,49,52,14,191
212554,4.0,5.0,2.0,7.0,3.0,3.0,0.30000000000000004,0.1,50.0,169,4770.8320051679675,67,46,51,15,187
212554,4.0,5.0,2.0,7.0,3.0,3.0,0.30000000000000004,0.1,50.0,170,5473.54000645996,66,44,51,15,184
212554,4.0,5.0,2.0,7.0,3.0,3.0,0.30000000000000004,0.1,50.0,171,5871.92500807495,63,43,50,14,177
212554,4.0,5.0,2.0,7.0,3.0,3.0,0.30000000000000004,0.1,50.0,172,6109.906260093687,63,44,50,13,179
212554,4.0,5.0,2.0,7.0,3.0,3.0,0.30000000000000004,0.1,50.0,173,6217.382825117109,63,43,49,13,177
212554,4.0,5.0,2.0,7.0,3.0,3.0,0.30000000000000004,0.1,50.0,174,6161.728531396386,64,46,50,13,182
212554,4.0,5.0,2.0,7.0,3.0,3.0,0.30000000000000004,0.1,50.0,175,5892.160664245483,64,45,50,15,183
212554,4.0,5.0,2.0,7.0,3.0,3.0,0.30000000000000004,0.1,50.0,176,5425.200830306853,64,45,52,15,185
212554,4.0,5.0,2.0,7.0,3.0,3.0,0.30000000000000004,0.1,50.0,177,4821.501037883567,63,44,52,17,184
212554,4.0,5.0,2.0,7.0,3.0,3.0,0.30000000000000004,0.1,50.0,178,4046.876297354458,64,46,50,18,185
212554,4.0,5.0,2.0,7.0,3.0,3.0,0.30000000000000004,0.1,50.0,179,3578.5953716930726,65,50,53,19,193
212554,4.0,5.0,2.0,7.0,3.0,3.0,0.30000000000000004,0.1,50.0,180,3613.244214616341,67,50,54,19,197
212554,4.0,5.0,2.0,7.0,3.0,3.0,0.30000000000000004,0.1,50.0,181,3836.5552682704265,65,48,54,19,193
212554,4.0,5.0,2.0,7.0,3.0,3.0,0.30000000000000004,0.1,50.0,182,4225.694085338033,66,47,53,18,190
212554,4.0,5.0,2.0,7.0,3.0,3.0,0.30000000000000004,0.1,50.0,183,4762.117606672541,66,47,52,17,189
212554,4.0,5.0,2.0,7.0,3.0,3.0,0.30000000000000004,0.1,50.0,184,5532.647008340677,65,47,50,17,186
212554,4.0,5.0,2.0,7.0,3.0,3.0,0.30000000000000004,0.1,50.0,185,5955.808760425845,64,48,48,17,183
212554,4.0,5.0,2.0,7.0,3.0,3.0,0.30000000000000004,0.1,50.0,186,6264.760950532307,60,46,45,17,172
212554,4.0,5.0,2.0,7.0,3.0,3.0,0.30000000000000004,0.1,50.0,187,6480.951188165383,59,45,47,17,170
212554,4.0,5.0,2.0,7.0,3.0,3.0,0.30000000000000004,0.1,50.0,188,6601.188985206729,57,46,48,16,170
212554,4.0,5.0,2.0,7.0,3.0,3.0,0.30000000000000004,0.1,50.0,189,6611.48623150841,57,44,47,16,167
212554,4.0,5.0,2.0,7.0,3.0,3.0,0.30000000000000004,0.1,50.0,190,6494.357789385513,55,45,45,16,164
212554,4.0,5.0,2.0,7.0,3.0,3.0,0.30000000000000004,0.1,50.0,191,6337.94723673189,57,45,45,16,165
212554,4.0,5.0,2.0,7.0,3.0,3.0,0.30000000000000004,0.1,50.0,192,6132.4340459148625,56,46,48,17,169
212554,4.0,5.0,2.0,7.0,3.0,3.0,0.30000000000000004,0.1,50.0,193,5805.542557393578,60,47,48,18,177
212554,4.0,5.0,2.0,7.0,3.0,3.0,0.30000000000000004,0.1,50.0,194,5326.928196741973,65,47,52,19,187
212554,4.0,5.0,2.0,7.0,3.0,3.0,0.30000000000000004,0.1,50.0,195,4608.660245927466,70,50,53,20,198
212554,4.0,5.0,2.0,7.0,3.0,3.0,0.30000000000000004,0.1,50.0,196,3970.8253074093327,74,50,53,21,202
212554,4.0,5.0,2.0,7.0,3.0,3.0,0.30000000000000004,0.1,50.0,197,3833.531634261666,75,49,53,21,202
212554,4.0,5.0,2.0,7.0,3.0,3.0,0.30000000000000004,0.1,50.0,198,3941.914542827082,76,49,53,20,203
212554,4.0,5.0,2.0,7.0,3.0,3.0,0.30000000000000004,0.1,50.0,199,4137.393178533853,77,47,53,19,201
212554,4.0,5.0,2.0,7.0,3.0,3.0,0.30000000000000004,0.1,50.0,200,4561.741473167316,77,47,52,18,198
212554,4.0,5.0,2.0,7.0,3.0,3.0,0.30000000000000004,0.1,50.0,201,5152.176841459145,78,43,51,18,193
212554,4.0,5.0,2.0,7.0,3.0,3.0,0.30000000000000004,0.1,50.0,202,5840.221051823932,77,44,49,17,190
212554,4.0,5.0,2.0,7.0,3.0,3.0,0.30000000000000004,0.1,50.0,203,6160.276314779914,76,43,48,17,188
212554,4.0,5.0,2.0,7.0,3.0,3.0,0.30000000000000004,0.1,50.0,204,6230.345393474892,76,43,49,17,189
212554,4.0,5.0,2.0,7.0,3.0,3.0,0.30000000000000004,0.1,50.0,205,6127.931741843615,77,42,50,17,190
212554,4.0,5.0,2.0,7.0,3.0,3.0,0.30000000000000004,0.1,50.0,206,5909.914677304519,76,41,51,17,188
212554,4.0,5.0,2.0,7.0,3.0,3.0,0.30000000000000004,0.1,50.0,207,5487.393346630648,75,41,53,18,189
212554,4.0,5.0,2.0,7.0,3.0,3.0,0.30000000000000004,0.1,50.0,208,4849.24168328831,77,43,53,18,193
212554,4.0,5.0,2.0,7.0,3.0,3.0,0.30000000000000004,0.1,50.0,209,4121.5521041103875,78,45,54,20,197
212554,4.0,5.0,2.0,7.0,3.0,3.0,0.30000000000000004,0.1,50.0,210,3831.940130137984,79,47,54,21,200
212554,4.0,5.0,2.0,7.0,3.0,3.0,0.30000000000000004,0.1,50.0,211,3819.92516267248,77,48,54,22,199
212554,4.0,5.0,2.0,7.0,3.0,3.0,0.30000000000000004,0.1,50.0,212,4064.9064533406,76,48,54,22,197
212554,4.0,5.0,2.0,7.0,3.0,3.0,0.30000000000000004,0.1,50.0,213,4501.133066675749,76,47,52,21,194
212554,4.0,5.0,2.0,7.0,3.0,3.0,0.30000000000000004,0.1,50.0,214,5076.416333344687,77,45,50,20,190
212554,4.0,5.0,2.0,7.0,3.0,3.0,0.30000000000000004,0.1,50.0,215,5775.520416680858,79,44,50,20,190
212554,4.0,5.0,2.0,7.0,3.0,3.0,0.30000000000000004,0.1,50.0,216,6149.4005208510725,78,44,50,21,189
212554,4.0,5.0,2.0,7.0,3.0,3.0,0.30000000000000004,0.1,50.0,217,6286.75065106384,78,43,47,21,185
212554,4.0,5.0,2.0,7.0,3.0,3.0,0.30000000000000004,0.1,50.0,218,6258.438313829801,76,42,47,21,183
212554,4.0,5.0,2.0,7.0,3.0,3.0,0.30000000000000004,0.1,50.0,219,6083.047892287251,74,43,47,20,182
212554,4.0,5.0,2.0,7.0,3.0,3.0,0.30000000000000004,0.1,50.0,220,5763.809865359063,73,45,50,20,186
212554,4.0,5.0,2.0,7.0,3.0,3.0,0.30000000000000004,0.1,50.0,221,5214.762331698829,76,46,51,19,192
212554,4.0,5.0,2.0,7.0,3.0,3.0,0.30000000000000004,0.1,50.0,222,4468.452914623536,78,48,52,21,199
212554,4.0,5.0,2.0,7.0,3.0,3.0,0.30000000000000004,0.1,50.0,223,3915.5661432794204,80,49,52,23,201
212554,4.0,5.0,2.0,7.0,3.0,3.0,0.30000000000000004,0.1,50.0,224,3834.457679099276,81,51,51,23,203
212554,4.0,5.0,2.0,7.0,3.0,3.0,0.30000000000000004,0.1,50.0,225,4013.072098874095,82,49,50,24,201
212554,4.0,5.0,2.0,7.0,3.0,3.0,0.30000000000000004,0.1,50.0,226,4346.3401235926185,82,49,51,23,202
212554,4.0,5.0,2.0,7.0,3.0,3.0,0.30000000000000004,0.1,50.0,227,4822.925154490773,81,50,51,22,199
212554,4.0,5.0,2.0,7.0,3.0,3.0,0.30000000000000004,0.1,50.0,228,5478.656443113467,83,49,49,21,197
212554,4.0,5.0,2.0,7.0,3.0,3.0,0.30000000000000004,0.1,50.0,229,6218.320553891834,83,51,48,20,198
212554,4.0,5.0,2.0,7.0,3.0,3.0,0.30000000000000004,0.1,50.0,230,6602.900692364792,83,50,46,19,195
212554,4.0,5.0,2.0,7.0,3.0,3.0,0.30000000000000004,0.1,50.0,231,6853.62586545599,81,49,45,19,192
212554,4.0,5.0,2.0,7.0,3.0,3.0,0.30000000000000004,0.1,50.0,232,6927.032331819988,81,48,44,19,191
212554,4.0,5.0,2.0,7.0,3.0,3.0,0.30000000000000004,0.1,50.0,233,6818.790414774985,81,50,43,19,192
212554,4.0,5.0,2.0,7.0,3.0,3.0,0.30000000000000004,0.1,50.0,234,6563.488018468732,81,50,43,19,191
212554,4.0,5.0,2.0,7.0,3.0,3.0,0.30000000000000004,0.1,50.0,235,6134.360023085916,82,51,44,19,194
212554,4.0,5.0,2.0,7.0,3.0,3.0,0.30000000000000004,0.1,50.0,236,5537.9500288573945,85,52,46,21,200
212554,4.0,5.0,2.0,7.0,3.0,3.0,0.30000000000000004,0.1,50.0,237,4732.437536071743,86,52,48,21,204
212554,4.0,5.0,2.0,7.0,3.0,3.0,0.30000000000000004,0.1,50.0,238,4145.546920089679,89,53,48,21,209
212554,4.0,5.0,2.0,7.0,3.0,3.0,0.30000000000000004,0.1,50.0,239,3911.933650112098,89,54,46,21,208
212554,4.0,5.0,2.0,7.0,3.0,3.0,0.30000000000000004,0.1,50.0,240,3949.917062640123,91,54,42,22,206
212554,4.0,5.0,2.0,7.0,3.0,3.0,0.30000000000000004,0.1,50.0,241,4167.396328300154,92,57,42,22,211
212554,4.0,5.0,2.0,7.0,3.0,3.0,0.30000000000000004,0.1,50.0,242,4589.2454103751925,92,59,42,22,213
212554,4.0,5.0,2.0,7.0,3.0,3.0,0.30000000000000004,0.1,50.0,243,5296.55676296899,91,60,39,22,209
212554,4.0,5.0,2.0,7.0,3.0,3.0,0.30000000000000004,0.1,50.0,244,6070.695953711238,88,60,40,21,207
212554,4.0,5.0,2.0,7.0,3.0,3.0,0.30000000000000004,0.1,50.0,245,6478.369942139047,84,59,39,21,199
212554,4.0,5.0,2.0,7.0,3.0,3.0,0.30000000000000004,0.1,50.0,246,6747.9624276738095,78,58,35,18,188
212554,4.0,5.0,2.0,7.0,3.0,3.0,0.30000000000000004,0.1,50.0,247,6964.953034592261,73,56,35,17,179
212554,4.0,5.0,2.0,7.0,3.0,3.0,0.30000000000000004,0.1,50.0,248,7146.191293240327,71,55,34,17,173
212554,4.0,5.0,2.0,7.0,3.0,3.0,0.30000000000000004,0.1,50.0,249,7212.739116550409,73,55,35,17,175
212554,4.0,5.0,2.0,7.0,3.0,3.0,0.30000000000000004,0.1,50.0,250,7155.923895688011,73,57,36,17,178
212554,4.0,5.0,2.0,7.0,3.0,3.0,0.30000000000000004,0.1,50.0,251,7044.904869610014,71,59,36,18,178
212554,4.0,5.0,2.0,7.0,3.0,3.0,0.30000000000000004,0.1,50.0,252,6856.131087012518,73,59,36,19,181
212554,4.0,5.0,2.0,7.0,3.0,3.0,0.30000000000000004,0.1,50.0,253,6600.163858765647,73,58,38,19,182
212554,4.0,5.0,2.0,7.0,3.0,3.0,0.30000000000000004,0.1,50.0,254,6240.204823457059,76,60,39,21,188
212554,4.0,5.0,2.0,7.0,3.0,3.0,0.30000000000000004,0.1,50.0,255,5730.256029321325,82,60,43,21,199
212554,4.0,5.0,2.0,7.0,3.0,3.0,0.30000000000000004,0.1,50.0,256,5022.820036651656,85,61,46,21,205
212554,4.0,5.0,2.0,7.0,3.0,3.0,0.30000000000000004,0.1,50.0,257,4258.525045814569,88,65,51,22,217
212554,4.0,5.0,2.0,7.0,3.0,3.0,0.30000000000000004,0.1,50.0,258,3933.156307268211,89,68,54,22,225
212554,4.0,5.0,2.0,7.0,3.0,3.0,0.30000000000000004,0.1,50.0,259,3956.445384085264,91,67,51,21,223
212554,4.0,5.0,2.0,7.0,3.0,3.0,0.30000000000000004,0.1,50.0,260,4245.55673010658,90,69,49,20,221
212554,4.0,5.0,2.0,7.0,3.0,3.0,0.30000000000000004,0.1,50.0,261,4706.945912633226,89,68,48,18,218
212554,4.0,5.0,2.0,7.0,3.0,3.0,0.30000000000000004,0.1,50.0,262,5383.682390791532,89,66,47,17,215
212554,4.0,5.0,2.0,7.0,3.0,3.0,0.30000000000000004,0.1,50.0,263,6279.602988489415,89,65,47,17,214
212554,4.0,5.0,2.0,7.0,3.0,3.0,0.30000000000000004,0.1,50.0,264,6729.503735611769,88,65,47,16,213
212554,4.0,5.0,2.0,7.0,3.0,3.0,0.30000000000000004,0.1,50.0,265,6981.879669514712,88,65,47,16,213
212554,4.0,5.0,2.0,7.0,3.0,3.0,0.30000000000000004,0.1,50.0,266,7027.34958689339,85,65,48,16,211
212554,4.0,5.0,2.0,7.0,3.0,3.0,0.30000000000000004,0.1,50.0,267,6794.186983616737,86,66,47,16,212
212554,4.0,5.0,2.0,7.0,3.0,3.0,0.30000000000000004,0.1,50.0,268,6372.733729520922,89,69,47,15,218
212554,4.0,5.0,2.0,7.0,3.0,3.0,0.30000000000000004,0.1,50.0,269,5735.917161901152,89,70,48,15,220
212554,4.0,5.0,2.0,7.0,3.0,3.0,0.30000000000000004,0.1,50.0,270,4839.896452376441,91,70,50,15,225
212554,4.0,5.0,2.0,7.0,3.0,3.0,0.30000000000000004,0.1,50.0,271,4259.870565470551,94,70,49,16,228
212554,4.0,5.0,2.0,7.0,3.0,3.0,0.30000000000000004,0.1,50.0,272,4114.838206838189,93,69,47,16,224
212554,4.0,5.0,2.0,7.0,3.0,3.0,0.30000000000000004,0.1,50.0,273,4283.5477585477365,93,69,45,15,220
212554,4.0,5.0,2.0,7.0,3.0,3.0,0.30000000000000004,0.1,50.0,274,4624.43469818467,93,68,44,14,217
212554,4.0,5.0,2.0,7.0,3.0,3.0,0.30000000000000004,0.1,50.0,275,5040.543372730837,90,66,44,13,211
212554,4.0,5.0,2.0,7.0,3.0,3.0,0.30000000000000004,0.1,50.0,276,5800.679215913547,89,67,44,12,211
212554,4.0,5.0,2.0,7.0,3.0,3.0,0.30000000000000004,0.1,50.0,277,6410.8490198919335,89,66,44,11,210
212554,4.0,5.0,2.0,7.0,3.0,3.0,0.30000000000000004,0.1,50.0,278,6673.561274864916,91,67,44,11,213
212554,4.0,5.0,2.0,7.0,3.0,3.0,0.30000000000000004,0.1,50.0,279,6751.951593581145,90,67,44,11,213
212554,4.0,5.0,2.0,7.0,3.0,3.0,0.30000000000000004,0.1,50.0,280,6579.939491976431,91,67,43,11,213
212554,4.0,5.0,2.0,7.0,3.0,3.0,0.30000000000000004,0.1,50.0,281,6214.924364970539,91,68,43,12,214
212554,4.0,5.0,2.0,7.0,3.0,3.0,0.30000000000000004,0.1,50.0,282,5668.655456213173,92,65,43,12,211
212554,4.0,5.0,2.0,7.0,3.0,3.0,0.30000000000000004,0.1,50.0,283,4955.819320266466,93,66,46,11,215
212554,4.0,5.0,2.0,7.0,3.0,3.0,0.30000000000000004,0.1,50.0,284,4244.774150333083,92,69,46,11,218
212554,4.0,5.0,2.0,7.0,3.0,3.0,0.30000000000000004,0.1,50.0,285,3955.9676879163535,92,72,47,11,222
212554,4.0,5.0,2.0,7.0,3.0,3.0,0.30000000000000004,0.1,50.0,286,4024.9596098954416,93,71,47,11,222
212554,4.0,5.0,2.0,7.0,3.0,3.0,0.30000000000000004,0.1,50.0,287,4321.199512369302,94,71,47,11,223
212554,4.0,5.0,2.0,7.0,3.0,3.0,0.30000000000000004,0.1,50.0,288,4871.499390461628,93,71,44,10,218
212554,4.0,5.0,2.0,7.0,3.0,3.0,0.30000000000000004,0.1,50.0,289,5599.3742380770345,93,71,44,9,218
212554,4.0,5.0,2.0,7.0,3.0,3.0,0.30000000000000004,0.1,50.0,290,6359.217797596293,90,69,45,9,214
212554,4.0,5.0,2.0,7.0,3.0,3.0,0.30000000000000004,0.1,50.0,291,6759.022246995366,89,68,45,9,211
212554,4.0,5.0,2.0,7.0,3.0,3.0,0.30000000000000004,0.1,50.0,292,6928.7778087442075,89,66,44,9,207
212554,4.0,5.0,2.0,7.0,3.0,3.0,0.30000000000000004,0.1,50.0,293,6970.972260930259,86,65,45,8,205
212554,4.0,5.0,2.0,7.0,3.0,3.0,0.30000000000000004,0.1,50.0,294,6803.715326162823,88,68,44,8,210
212554,4.0,5.0,2.0,7.0,3.0,3.0,0.30000000000000004,0.1,50.0,295,6414.644157703529,90,68,45,8,213
212554,4.0,5.0,2.0,7.0,3.0,3.0,0.30000000000000004,0.1,50.0,296,5838.305197129412,92,68,46,9,216
212554,4.0,5.0,2.0,7.0,3.0,3.0,0.30000000000000004,0.1,50.0,297,5067.881496411765,95,68,48,9,221
212554,4.0,5.0,2.0,7.0,3.0,3.0,0.30000000000000004,0.1,50.0,298,4264.851870514705,96,69,48,9,223
212554,4.0,5.0,2.0,7.0,3.0,3.0,0.30000000000000004,0.1,50.0,299,4011.064838143382,99,72,49,9,230
212554,4.0,5.0,2.0,7.0,3.0,3.0,0.30000000000000004,0.1,50.0,300,3943.8310476792276,100,71,48,9,229
212554,4.0,5.0,2.0,7.0,3.0,3.0,0.30000000000000004,0.1,50.0,301,4189.788809599035,97,74,47,9,228
212554,4.0,5.0,2.0,7.0,3.0,3.0,0.30000000000000004,0.1,50.0,302,4607.236011998793,97,72,47,8,226
212554,4.0,5.0,2.0,7.0,3.0,3.0,0.30000000000000004,0.1,50.0,303,5209.045014998492,97,71,45,8,223
212554,4.0,5.0,2.0,7.0,3.0,3.0,0.30000000000000004,0.1,50.0,304,5911.306268748114,97,70,44,7,220
212554,4.0,5.0,2.0,7.0,3.0,3.0,0.30000000000000004,0.1,50.0,305,6479.132835935143,94,71,42,6,216
212554,4.0,5.0,2.0,7.0,3.0,3.0,0.30000000000000004,0.1,50.0,306,6818.9160449189285,92,71,41,5,212
212554,4.0,5.0,2.0,7.0,3.0,3.0,0.30000000000000004,0.1,50.0,307,7033.64505614866,88,71,36,5,203
212554,4.0,5.0,2.0,7.0,3.0,3.0,0.30000000000000004,0.1,50.0,308,7192.056320185824,84,69,35,4,196
212554,4.0,5.0,2.0,7.0,3.0,3.0,0.30000000000000004,0.1,50.0,309,7310.07040023228,86,65,29,4,188
212554,4.0,5.0,2.0,7.0,3.0,3.0,0.30000000000000004,0.1,50.0,310,7387.5880002903505,85,67,28,3,188
212554,4.0,5.0,2.0,7.0,3.0,3.0,0.30000000000000004,0.1,50.0,311,7414.485000362938,82,66,29,3,184
212554,4.0,5.0,2.0,7.0,3.0,3.0,0.30000000000000004,0.1,50.0,312,7448.106250453673,83,65,29,4,184
212554,4.0,5.0,2.0,7.0,3.0,3.0,0.30000000000000004,0.1,50.0,313,7430.132813067092,86,68,29,5,190
212554,4.0,5.0,2.0,7.0,3.0,3.0,0.30000000000000004,0.1,50.0,314,7347.666016333864,87,75,29,5,198
212554,4.0,5.0,2.0,7.0,3.0,3.0,0.30000000000000004,0.1,50.0,315,7184.582520417331,89,78,31,5,206
212554,4.0,5.0,2.0,7.0,3.0,3.0,0.30000000000000004,0.1,50.0,316,6890.728150521663,97,81,32,6,218
212554,4.0,5.0,2.0,7.0,3.0,3.0,0.30000000000000004,0.1,50.0,317,6383.41018815208,102,83,31,8,224
212554,4.0,5.0,2.0,7.0,3.0,3.0,0.30000000000000004,0.1,50.0,318,5689.2627351901,103,86,35,9,232
212554,4.0,5.0,2.0,7.0,3.0,3.0,0.30000000000000004,0.1,50.0,319,4741.578418987625,106,87,36,11,239
212554,4.0,5.0,2.0,7.0,3.0,3.0,0.30000000000000004,0.1,50.0,320,4276.973023734531,110,87,35,12,242
212554,4.0,5.0,2.0,7.0,3.0,3.0,0.30000000000000004,0.1,50.0,321,4166.216279668164,110,85,35,12,240
212554,4.0,5.0,2.0,7.0,3.0,3.0,0.30000000000000004,0.1,50.0,322,4357.770349585206,110,83,34,12,236
212554,4.0,5.0,2.0,7.0,3.0,3.0,0.30000000000000004,0.1,50.0,323,4757.212936981507,113,83,34,11,238
212554,4.0,5.0,2.0,7.0,3.0,3.0,0.30000000000000004,0.1,50.0,324,5366.516171226884,109,82,34,11,233
212554,4.0,5.0,2.0,7.0,3.0,3.0,0.30000000000000004,0.1,50.0,325,6288.145214033604,109,82,34,11,232
212554,4.0,5.0,2.0,7.0,3.0,3.0,0.30000000000000004,0.1,50.0,326,7040.181517542005,108,83,34,11,232
212554,4.0,5.0,2.0,7.0,3.0,3.0,0.30000000000000004,0.1,50.0,327,7420.2268969275065,107,82,34,11,230
212554,4.0,5.0,2.0,7.0,3.0,3.0,0.30000000000000004,0.1,50.0,328,7635.283621159382,106,84,34,11,231
212554,4.0,5.0,2.0,7.0,3.0,3.0,0.30000000000000004,0.1,50.0,329,7614.104526449228,106,86,35,11,234
212554,4.0,5.0,2.0,7.0,3.0,3.0,0.30000000000000004,0.1,50.0,330,7377.630658061535,107,84,37,11,236
212554,4.0,5.0,2.0,7.0,3.0,3.0,0.30000000000000004,0.1,50.0,331,6912.038322576918,108,83,38,12,237
212554,4.0,5.0,2.0,7.0,3.0,3.0,0.30000000000000004,0.1,50.0,332,6250.047903221148,109,84,38,11,239
212554,4.0,5.0,2.0,7.0,3.0,3.0,0.30000000000000004,0.1,50.0,333,5402.559879026435,110,86,39,12,243
212554,4.0,5.0,2.0,7.0,3.0,3.0,0.30000000000000004,0.1,50.0,334,4693.199848783043,111,85,39,12,244
212554,4.0,5.0,2.0,7.0,3.0,3.0,0.30000000000000004,0.1,50.0,335,4336.499810978804,117,86,39,12,250
212554,4.0,5.0,2.0,7.0,3.0,3.0,0.30000000000000004,0.1,50.0,336,4290.624763723505,121,85,40,12,254
212554,4.0,5.0,2.0,7.0,3.0,3.0,0.30000000000000004,0.1,50.0,337,4543.280954654381,119,87,38,13,252
212554,4.0,5.0,2.0,7.0,3.0,3.0,0.30000000000000004,0.1,50.0,338,4979.101193317976,119,87,36,13,250
212554,4.0,5.0,2.0,7.0,3.0,3.0,0.30000000000000004,0.1,50.0,339,5523.87649164747,116,86,35,13,245
212554,4.0,5.0,2.0,7.0,3.0,3.0,0.30000000000000004,0.1,50.0,340,6304.845614559337,117,84,35,13,244
212554,4.0,5.0,2.0,7.0,3.0,3.0,0.30000000000000004,0.1,50.0,341,7141.057018199172,115,82,34,13,239
212554,4.0,5.0,2.0,7.0,3.0,3.0,0.30000000000000004,0.1,50.0,342,7536.3212727489645,115,84,32,13,239
212554,4.0,5.0,2.0,7.0,3.0,3.0,0.30000000000000004,0.1,50.0,343,7730.401590936206,115,84,33,14,240
212554,4.0,5.0,2.0,7.0,3.0,3.0,0.30000000000000004,0.1,50.0,344,7753.001988670258,114,85,34,15,240
212554,4.0,5.0,2.0,7.0,3.0,3.0,0.30000000000000004,0.1,50.0,345,7611.252485837822,117,83,33,16,240
212554,4.0,5.0,2.0,7.0,3.0,3.0,0.30000000000000004,0.1,50.0,346,7254.065607297278,119,80,32,17,238
212554,4.0,5.0,2.0,7.0,3.0,3.0,0.30000000000000004,0.1,50.0,347,6637.582009121597,120,81,32,17,239
212554,4.0,5.0,2.0,7.0,3.0,3.0,0.30000000000000004,0.1,50.0,348,5836.977511401998,121,83,32,17,242
212554,4.0,5.0,2.0,7.0,3.0,3.0,0.30000000000000004,0.1,50.0,349,4966.221889252497,124,85,32,17,247
212554,4.0,5.0,2.0,7.0,3.0,3.0,0.30000000000000004,0.1,50.0,350,4527.7773615656215,127,81,30,16,244
212554,4.0,5.0,2.0,7.0,3.0,3.0,0.30000000000000004,0.1,50.0,351,4429.721701957027,122,80,31,16,239
212554,4.0,5.0,2.0,7.0,3.0,3.0,0.30000000000000004,0.1,50.0,352,4577.152127446284,127,78,30,16,241
212554,4.0,5.0,2.0,7.0,3.0,3.0,0.30000000000000004,0.1,50.0,353,4951.440159307855,127,76,30,15,239
212554,4.0,5.0,2.0,7.0,3.0,3.0,0.30000000000000004,0.1,50.0,354,5479.300199134818,127,76,30,15,239
212554,4.0,5.0,2.0,7.0,3.0,3.0,0.30000000000000004,0.1,50.0,355,6199.125248918523,129,77,30,15,242
212554,4.0,5.0,2.0,7.0,3.0,3.0,0.30000000000000004,0.1,50.0,356,6928.906561148153,130,77,30,15,243
212554,4.0,5.0,2.0,7.0,3.0,3.0,0.30000000000000004,0.1,50.0,357,7431.13320143519,131,77,30,15,244
212554,4.0,5.0,2.0,7.0,3.0,3.0,0.30000000000000004,0.1,50.0,358,7618.916501793989,132,75,30,15,243
212554,4.0,5.0,2.0,7.0,3.0,3.0,0.30000000000000004,0.1,50.0,359,7583.645627242486,134,75,30,16,245
212554,4.0,5.0,2.0,7.0,3.0,3.0,0.30000000000000004,0.1,50.0,360,7309.557034053107,134,75,29,16,244
212554,4.0,5.0,2.0,7.0,3.0,3.0,0.30000000000000004,0.1,50.0,361,6856.946292566383,131,74,30,16,241
212554,4.0,5.0,2.0,7.0,3.0,3.0,0.30000000000000004,0.1,50.0,362,6211.182865707979,136,75,29,16,246
212554,4.0,5.0,2.0,7.0,3.0,3.0,0.30000000000000004,0.1,50.0,363,5293.978582134973,140,75,31,17,252
212554,4.0,5.0,2.0,7.0,3.0,3.0,0.30000000000000004,0.1,50.0,364,4727.473227668716,141,76,33,16,256
212554,4.0,5.0,2.0,7.0,3.0,3.0,0.30000000000000004,0.1,50.0,365,4489.341534585896,141,73,33,15,253
212554,4.0,5.0,2.0,7.0,3.0,3.0,0.30000000000000004,0.1,50.0,366,4641.67691823237,135,67,32,15,240
212554,4.0,5.0,2.0,7.0,3.0,3.0,0.30000000000000004,0.1,50.0,367,5042.096147790462,135,63,31,15,235
212554,4.0,5.0,2.0,7.0,3.0,3.0,0.30000000000000004,0.1,50.0,368,5622.620184738078,132,62,30,12,230
212554,4.0,5.0,2.0,7.0,3.0,3.0,0.30000000000000004,0.1,50.0,369,6438.275230922598,127,56,29,12,218
212554,4.0,5.0,2.0,7.0,3.0,3.0,0.30000000000000004,0.1,50.0,370,6997.8440386532475,126,56,29,10,215
212554,4.0,5.0,2.0,7.0,3.0,3.0,0.30000000000000004,0.1,50.0,371,7517.305048316559,123,54,26,9,207
212554,4.0,5.0,2.0,7.0,3.0,3.0,0.30000000000000004,0.1,50.0,372,7886.631310395698,118,56,24,9,202
212554,4.0,5.0,2.0,7.0,3.0,3.0,0.30000000000000004,0.1,50.0,373,8088.289137994623,117,57,23,10,202
212554,4.0,5.0,2.0,7.0,3.0,3.0,0.30000000000000004,0.1,50.0,374,8050.0,117,58,23,10,203
212554,4.0,5.0,2.0,7.0,3.0,3.0,0.30000000000000004,0.1,50.0,375,7910.0,119,60,23,10,207
212554,4.0,5.0,2.0,7.0,3.0,3.0,0.30000000000000004,0.1,50.0,376,7747.5,122,59,23,10,209
212554,4.0,5.0,2.0,7.0,3.0,3.0,0.30000000000000004,0.1,50.0,377,7504.375,124,61,23,10,213
212554,4.0,5.0,2.0,7.0,3.0,3.0,0.30000000000000004,0.1,50.0,378,7170.46875,127,67,23,10,222
212554,4.0,5.0,2.0,7.0,3.0,3.0,0.30000000000000004,0.1,50.0,379,6653.0859375,132,70,23,11,230
212554,4.0,5.0,2.0,7.0,3.0,3.0,0.30000000000000004,0.1,50.0,380,5926.357421875,135,73,24,12,239
212554,4.0,5.0,2.0,7.0,3.0,3.0,0.30000000000000004,0.1,50.0,381,4957.94677734375,141,75,24,12,247
212554,4.0,5.0,2.0,7.0,3.0,3.0,0.30000000000000004,0.1,50.0,382,4367.4334716796875,144,81,22,13,253
212554,4.0,5.0,2.0,7.0,3.0,3.0,0.30000000000000004,0.1,50.0,383,4109.291839599609,150,82,21,13,258
212554,4.0,5.0,2.0,7.0,3.0,3.0,0.30000000000000004,0.1,50.0,384,4116.614799499512,149,79,20,12,253
212554,4.0,5.0,2.0,7.0,3.0,3.0,0.30000000000000004,0.1,50.0,385,4355.76849937439,148,79,18,12,250
212554,4.0,5.0,2.0,7.0,3.0,3.0,0.30000000000000004,0.1,50.0,386,4934.710624217987,143,75,18,12,240
212554,4.0,5.0,2.0,7.0,3.0,3.0,0.30000000000000004,0.1,50.0,387,5798.388280272484,141,76,16,12,237
212554,4.0,5.0,2.0,7.0,3.0,3.0,0.30000000000000004,0.1,50.0,388,6767.985350340605,140,75,16,11,235
212554,4.0,5.0,2.0,7.0,3.0,3.0,0.30000000000000004,0.1,50.0,389,7429.981687925756,139,72,16,11,231
212554,4.0,5.0,2.0,7.0,3.0,3.0,0.30000000000000004,0.1,50.0,390,7867.477109907195,138,70,16,11,228
212554,4.0,5.0,2.0,7.0,3.0,3.0,0.30000000000000004,0.1,50.0,391,8094.346387383994,137,70,16,12,227
212554,4.0,5.0,2.0,7.0,3.0,3.0,0.30000000000000004,0.1,50.0,392,8010.0,139,72,16,12,231
212554,4.0,5.0,2.0,7.0,3.0,3.0,0.30000000000000004,0.1,50.0,393,7830.0,140,71,16,12,231
212554,4.0,5.0,2.0,7.0,3.0,3.0,0.30000000000000004,0.1,50.0,394,7397.5,142,71,16,12,233
212554,4.0,5.0,2.0,7.0,3.0,3.0,0.30000000000000004,0.1,50.0,395,6826.875,145,70,18,12,238
212554,4.0,5.0,2.0,7.0,3.0,3.0,0.30000000000000004,0.1,50.0,396,6043.59375,148,70,19,12,242
212554,4.0,5.0,2.0,7.0,3.0,3.0,0.30000000000000004,0.1,50.0,397,5094.4921875,150,73,17,10,245
212554,4.0,5.0,2.0,7.0,3.0,3.0,0.30000000000000004,0.1,50.0,398,4428.115234375,156,74,17,9,252
212554,4.0,5.0,2.0,7.0,3.0,3.0,0.30000000000000004,0.1,50.0,399,4175.14404296875,154,77,18,9,254
212554,4.0,5.0,2.0,7.0,3.0,3.0,0.30000000000000004,0.1,50.0,400,4148.9300537109375,155,74,16,9,250
212554,4.0,5.0,2.0,7.0,3.0,3.0,0.30000000000000004,0.1,50.0,401,4386.162567138672,153,74,16,9,248
212554,4.0,5.0,2.0,7.0,3.0,3.0,0.30000000000000004,0.1,50.0,402,5012.70320892334,151,73,16,9,245
212554,4.0,5.0,2.0,7.0,3.0,3.0,0.30000000000000004,0.1,50.0,403,5795.879011154175,148,74,16,9,243
212554,4.0,5.0,2.0,7.0,3.0,3.0,0.30000000000000004,0.1,50.0,404,6784.8487639427185,146,73,16,9,240
212554,4.0,5.0,2.0,7.0,3.0,3.0,0.30000000000000004,0.1,50.0,405,7361.060954928398,145,74,15,9,239
212554,4.0,5.0,2.0,7.0,3.0,3.0,0.30000000000000004,0.1,50.0,406,7711.326193660498,142,73,15,9,235
212554,4.0,5.0,2.0,7.0,3.0,3.0,0.30000000000000004,0.1,50.0,407,7869.157742075622,143,72,16,9,236
212554,4.0,5.0,2.0,7.0,3.0,3.0,0.30000000000000004,0.1,50.0,408,7776.447177594528,145,72,17,9,239
212554,4.0,5.0,2.0,7.0,3.0,3.0,0.30000000000000004,0.1,50.0,409,7510.5589719931595,143,71,17,9,236
212554,4.0,5.0,2.0,7.0,3.0,3.0,0.30000000000000004,0.1,50.0,410,6998.198714991449,143,74,18,9,241
212554,4.0,5.0,2.0,7.0,3.0,3.0,0.30000000000000004,0.1,50.0,411,6317.748393739312,139,75,19,8,241
212554,4.0,5.0,2.0,7.0,3.0,3.0,0.30000000000000004,0.1,50.0,412,5467.18549217414,142,78,20,8,248
212554,4.0,5.0,2.0,7.0,3.0,3.0,0.30000000000000004,0.1,50.0,413,4593.981865217675,142,79,21,8,250
212554,4.0,5.0,2.0,7.0,3.0,3.0,0.30000000000000004,0.1,50.0,414,4212.477331522094,145,79,21,8,253
212554,4.0,5.0,2.0,7.0,3.0,3.0,0.30000000000000004,0.1,50.0,415,4275.5966644026175,145,75,19,8,247
212554,4.0,5.0,2.0,7.0,3.0,3.0,0.30000000000000004,0.1,50.0,416,4574.495830503272,146,73,19,7,246
212554,4.0,5.0,2.0,7.0,3.0,3.0,0.30000000000000004,0.1,50.0,417,5008.11978812909,145,72,18,7,242
212554,4.0,5.0,2.0,7.0,3.0,3.0,0.30000000000000004,0.1,50.0,418,5740.1497351613625,143,74,18,7,242
212554,4.0,5.0,2.0,7.0,3.0,3.0,0.30000000000000004,0.1,50.0,419,6725.187168951703,143,74,18,7,242
212554,4.0,5.0,2.0,7.0,3.0,3.0,0.30000000000000004,0.1,50.0,420,7366.483961189628,141,73,17,7,238
212554,4.0,5.0,2.0,7.0,3.0,3.0,0.30000000000000004,0.1,50.0,421,7718.104951487036,142,73,17,8,239
212554,4.0,5.0,2.0,7.0,3.0,3.0,0.30000000000000004,0.1,50.0,422,7847.631189358795,142,74,17,8,240
212554,4.0,5.0,2.0,7.0,3.0,3.0,0.30000000000000004,0.1,50.0,423,7789.538986698495,140,75,17,9,239
212554,4.0,5.0,2.0,7.0,3.0,3.0,0.30000000000000004,0.1,50.0,424,7506.923733373118,140,75,17,7,238
212554,4.0,5.0,2.0,7.0,3.0,3.0,0.30000000000000004,0.1,50.0,425,6993.654666716397,141,74,17,7,238
212554,4.0,5.0,2.0,7.0,3.0,3.0,0.30000000000000004,0.1,50.0,426,6332.068333395495,143,73,17,7,239
212554,4.0,5.0,2.0,7.0,3.0,3.0,0.30000000000000004,0.1,50.0,427,5505.085416744369,146,73,17,7,243
212554,4.0,5.0,2.0,7.0,3.0,3.0,0.30000000000000004,0.1,50.0,428,4651.356770930461,145,74,18,7,246
212554,4.0,5.0,2.0,7.0,3.0,3.0,0.30000000000000004,0.1,50.0,429,4294.195963663076,148,71,17,7,245
212554,4.0,5.0,2.0,7.0,3.0,3.0,0.30000000000000004,0.1,50.0,430,4167.744954578846,146,71,17,6,243
212554,4.0,5.0,2.0,7.0,3.0,3.0,0.30000000000000004,0.1,50.0,431,4259.681193223558,146,64,17,6,235
212554,4.0,5.0,2.0,7.0,3.0,3.0,0.30000000000000004,0.1,50.0,432,4614.601491529447,140,63,17,6,228
212554,4.0,5.0,2.0,7.0,3.0,3.0,0.30000000000000004,0.1,50.0,433,5298.251864411809,138,55,16,5,216
212554,4.0,5.0,2.0,7.0,3.0,3.0,0.30000000000000004,0.1,50.0,434,6082.8148305147615,130,52,16,4,205
212554,4.0,5.0,2.0,7.0,3.0,3.0,0.30000000000000004,0.1,50.0,435,6643.518538143452,131,53,16,4,207
212554,4.0,5.0,2.0,7.0,3.0,3.0,0.30000000000000004,0.1,50.0,436,7114.398172679315,130,53,16,4,206
212554,4.0,5.0,2.0,7.0,3.0,3.0,0.30000000000000004,0.1,50.0,437,7442.997715849144,131,54,16,4,208
212554,4.0,5.0,2.0,7.0,3.0,3.0,0.30000000000000004,0.1,50.0,438,7513.74714481143,131,56,18,4,212
212554,4.0,5.0,2.0,7.0,3.0,3.0,0.30000000000000004,0.1,50.0,439,7352.183931014288,132,56,19,4,214
212554,4.0,5.0,2.0,7.0,3.0,3.0,0.30000000000000004,0.1,50.0,440,7040.22991376786,133,58,19,4,217
212554,4.0,5.0,2.0,7.0,3.0,3.0,0.30000000000000004,0.1,50.0,441,6610.287392209826,135,60,20,4,223
212554,4.0,5.0,2.0,7.0,3.0,3.0,0.30000000000000004,0.1,50.0,442,6012.859240262282,144,61,20,4,233
212554,4.0,5.0,2.0,7.0,3.0,3.0,0.30000000000000004,0.1,50.0,443,5166.074050327852,147,62,20,4,237
212554,4.0,5.0,2.0,7.0,3.0,3.0,0.30000000000000004,0.1,50.0,444,4397.592562909815,147,65,21,4,241
212554,4.0,5.0,2.0,7.0,3.0,3.0,0.30000000000000004,0.1,50.0,445,3926.990703637268,152,65,23,4,248
212554,4.0,5.0,2.0,7.0,3.0,3.0,0.30000000000000004,0.1,50.0,446,3848.738379546585,153,67,23,3,250
212554,4.0,5.0,2.0,7.0,3.0,3.0,0.30000000000000004,0.1,50.0,447,4090.9229744332315,152,66,20,3,245
212554,4.0,5.0,2.0,7.0,3.0,3.0,0.30000000000000004,0.1,50.0,448,4543.65371804154,150,66,20,3,243
212554,4.0,5.0,2.0,7.0,3.0,3.0,0.30000000000000004,0.1,50.0,449,5219.567147551925,144,66,19,3,236
212554,4.0,5.0,2.0,7.0,3.0,3.0,0.30000000000000004,0.1,50.0,450,6154.458934439906,139,61,18,3,225
212554,4.0,5.0,2.0,7.0,3.0,3.0,0.30000000000000004,0.1,50.0,451,6853.073668049883,134,59,18,3,218
212554,4.0,5.0,2.0,7.0,3.0,3.0,0.30000000000000004,0.1,50.0,452,7316.342085062353,133,56,18,3,214
212554,4.0,5.0,2.0,7.0,3.0,3.0,0.30000000000000004,0.1,50.0,453,7645.427606327941,133,57,18,3,215
212554,4.0,5.0,2.0,7.0,3.0,3.0,0.30000000000000004,0.1,50.0,454,7736.784507909926,132,58,18,3,215
212554,4.0,5.0,2.0,7.0,3.0,3.0,0.30000000000000004,0.1,50.0,455,7710.980634887408,133,60,18,3,218
212554,4.0,5.0,2.0,7.0,3.0,3.0,0.30000000000000004,0.1,50.0,456,7438.725793609261,136,61,18,3,222
212554,4.0,5.0,2.0,7.0,3.0,3.0,0.30000000000000004,0.1,50.0,457,7068.407242011577,136,63,18,3,224
212554,4.0,5.0,2.0,7.0,3.0,3.0,0.30000000000000004,0.1,50.0,458,6585.5090525144715,135,67,20,3,229
212554,4.0,5.0,2.0,7.0,3.0,3.0,0.30000000000000004,0.1,50.0,459,5931.886315643089,139,70,20,3,236
212554,4.0,5.0,2.0,7.0,3.0,3.0,0.30000000000000004,0.1,50.0,460,5064.857894553861,144,74,20,4,246
212554,4.0,5.0,2.0,7.0,3.0,3.0,0.30000000000000004,0.1,50.0,461,4341.072368192326,148,77,19,4,252
212554,4.0,5.0,2.0,7.0,3.0,3.0,0.30000000000000004,0.1,50.0,462,4146.340460240408,150,75,18,4,249
212554,4.0,5.0,2.0,7.0,3.0,3.0,0.30000000000000004,0.1,50.0,463,4182.92557530051,148,74,18,4,245
212554,4.0,5.0,2.0,7.0,3.0,3.0,0.30000000000000004,0.1,50.0,464,4378.656969125637,151,73,16,4,245
212554,4.0,5.0,2.0,7.0,3.0,3.0,0.30000000000000004,0.1,50.0,465,4923.321211407047,145,71,16,4,237
212554,4.0,5.0,2.0,7.0,3.0,3.0,0.30000000000000004,0.1,50.0,466,5724.151514258809,143,71,16,4,235
212554,4.0,5.0,2.0,7.0,3.0,3.0,0.30000000000000004,0.1,50.0,467,6735.189392823511,140,69,15,4,229
212554,4.0,5.0,2.0,7.0,3.0,3.0,0.30000000000000004,0.1,50.0,468,7398.986741029388,138,69,16,4,228
212554,4.0,5.0,2.0,7.0,3.0,3.0,0.30000000000000004,0.1,50.0,469,7878.733426286735,139,68,17,5,229
212554,4.0,5.0,2.0,7.0,3.0,3.0,0.30000000000000004,0.1,50.0,470,8158.4167828584195,140,68,17,5,230
212554,4.0,5.0,2.0,7.0,3.0,3.0,0.30000000000000004,0.1,50.0,471,8060.0,141,67,18,5,231
212554,4.0,5.0,2.0,7.0,3.0,3.0,0.30000000000000004,0.1,50.0,472,7840.0,141,69,18,4,233
212554,4.0,5.0,2.0,7.0,3.0,3.0,0.30000000000000004,0.1,50.0,473,7470.0,140,68,18,4,231
212554,4.0,5.0,2.0,7.0,3.0,3.0,0.30000000000000004,0.1,50.0,474,6997.5,141,71,18,4,235
212554,4.0,5.0,2.0,7.0,3.0,3.0,0.30000000000000004,0.1,50.0,475,6406.875,146,67,19,4,237
212554,4.0,5.0,2.0,7.0,3.0,3.0,0.30000000000000004,0.1,50.0,476,5628.59375,151,68,20,5,244
212554,4.0,5.0,2.0,7.0,3.0,3.0,0.30000000000000004,0.1,50.0,477,4795.7421875,156,70,20,5,251
212554,4.0,5.0,2.0,7.0,3.0,3.0,0.30000000000000004,0.1,50.0,478,4294.677734375,161,70,20,5,256
212554,4.0,5.0,2.0,7.0,3.0,3.0,0.30000000000000004,0.1,50.0,479,4198.34716796875,156,71,20,5,251
212554,4.0,5.0,2.0,7.0,3.0,3.0,0.30000000000000004,0.1,50.0,480,4347.9339599609375,157,70,18,5,249
212554,4.0,5.0,2.0,7.0,3.0,3.0,0.30000000000000004,0.1,50.0,481,4774.917449951172,155,72,18,5,248
212554,4.0,5.0,2.0,7.0,3.0,3.0,0.30000000000000004,0.1,50.0,482,5258.646812438965,152,70,18,5,243
212554,4.0,5.0,2.0,7.0,3.0,3.0,0.30000000000000004,0.1,50.0,483,6023.308515548706,149,69,18,5,239
212554,4.0,5.0,2.0,7.0,3.0,3.0,0.30000000000000004,0.1,50.0,484,6849.135644435883,150,69,18,5,240
212554,4.0,5.0,2.0,7.0,3.0,3.0,0.30000000000000004,0.1,50.0,485,7261.419555544853,150,69,18,5,240
212554,4.0,5.0,2.0,7.0,3.0,3.0,0.30000000000000004,0.1,50.0,486,7526.7744444310665,149,67,18,5,237
212554,4.0,5.0,2.0,7.0,3.0,3.0,0.30000000000000004,0.1,50.0,487,7598.468055538833,150,66,18,5,237
212554,4.0,5.0,2.0,7.0,3.0,3.0,0.30000000000000004,0.1,50.0,488,7518.085069423541,151,66,19,5,239
212554,4.0,5.0,2.0,7.0,3.0,3.0,0.30000000000000004,0.1,50.0,489,7197.606336779427,150,67,19,5,239
212554,4.0,5.0,2.0,7.0,3.0,3.0,0.30000000000000004,0.1,50.0,490,6637.0079209742835,149,68,19,5,239
212554,4.0,5.0,2.0,7.0,3.0,3.0,0.30000000000000004,0.1,50.0,491,5936.259901217854,155,68,19,5,245
212554,4.0,5.0,2.0,7.0,3.0,3.0,0.30000000000000004,0.1,50.0,492,5010.324876522318,159,66,19,6,247
212554,4.0,5.0,2.0,7.0,3.0,3.0,0.30000000000000004,0.1,50.0,493,4332.906095652897,158,65,18,5,243
212554,4.0,5.0,2.0,7.0,3.0,3.0,0.30000000000000004,0.1,50.0,494,4026.1326195661222,157,64,17,5,240
212554,4.0,5.0,2.0,7.0,3.0,3.0,0.30000000000000004,0.1,50.0,495,4062.6657744576532,154,64,16,5,236
212554,4.0,5.0,2.0,7.0,3.0,3.0,0.30000000000000004,0.1,50.0,496,4368.332218072066,155,64,14,5,235
212554,4.0,5.0,2.0,7.0,3.0,3.0,0.30000000000000004,0.1,50.0,497,4920.415272590082,151,61,14,5,228
212554,4.0,5.0,2.0,7.0,3.0,3.0,0.30000000000000004,0.1,50.0,498,5710.519090737603,146,61,14,5,223
212554,4.0,5.0,2.0,7.0,3.0,3.0,0.30000000000000004,0.1,50.0,499,6568.148863422003,146,60,14,5,222