Exp Num,agent:svo_convergence_factor,agent:params:metabolism,agent:params:consumption_factor,agent:params:procreate_cost_factor,agent:params:procreate_req_factor,agent:params:start_energy_factor,agent:params:caught_chance,agent:params:caught_cooldown_factor,agent:params:maximum_age,Epoch,Resource,A,B,C,D,E
241823,4.0,10.0,3.0,9.0,3.0,3.0,0.30000000000000004,0.5,40.0,0,3920.0,19,31,9,24,76
241823,4.0,10.0,3.0,9.0,3.0,3.0,0.30000000000000004,0.5,40.0,1,4090.0,19,31,9,24,76
241823,4.0,10.0,3.0,9.0,3.0,3.0,0.30000000000000004,0.5,40.0,2,3792.5,12,27,9,21,64
241823,4.0,10.0,3.0,9.0,3.0,3.0,0.30000000000000004,0.5,40.0,3,3900.625,10,25,9,21,60
241823,4.0,10.0,3.0,9.0,3.0,3.0,0.30000000000000004,0.5,40.0,4,4485.78125,10,25,9,21,60
241823,4.0,10.0,3.0,9.0,3.0,3.0,0.30000000000000004,0.5,40.0,5,4797.2265625,8,18,8,20,50
241823,4.0,10.0,3.0,9.0,3.0,3.0,0.30000000000000004,0.5,40.0,6,5546.533203125,8,14,6,19,44
241823,4.0,10.0,3.0,9.0,3.0,3.0,0.30000000000000004,0.5,40.0,7,5643.16650390625,8,14,6,19,44
241823,4.0,10.0,3.0,9.0,3.0,3.0,0.30000000000000004,0.5,40.0,8,5913.9581298828125,7,13,5,18,40
241823,4.0,10.0,3.0,9.0,3.0,3.0,0.30000000000000004,0.5,40.0,9,6132.447662353516,7,12,4,17,38
241823,4.0,10.0,3.0,9.0,3.0,3.0,0.30000000000000004,0.5,40.0,10,6435.5595779418945,6,12,3,17,36
241823,4.0,10.0,3.0,9.0,3.0,3.0,0.30000000000000004,0.5,40.0,11,6874.449472427368,6,9,3,16,33
241823,4.0,10.0,3.0,9.0,3.0,3.0,0.30000000000000004,0.5,40.0,12,7303.06184053421,6,9,3,16,33
241823,4.0,10.0,3.0,9.0,3.0,3.0,0.30000000000000004,0.5,40.0,13,7868.827300667763,6,9,3,16,33
241823,4.0,10.0,3.0,9.0,3.0,3.0,0.30000000000000004,0.5,40.0,14,8576.034125834703,5,9,3,16,32
241823,4.0,10.0,3.0,9.0,3.0,3.0,0.30000000000000004,0.5,40.0,15,8650.0,5,10,3,16,33
241823,4.0,10.0,3.0,9.0,3.0,3.0,0.30000000000000004,0.5,40.0,16,8620.0,5,10,3,17,33
241823,4.0,10.0,3.0,9.0,3.0,3.0,0.30000000000000004,0.5,40.0,17,8650.0,4,12,3,17,34
241823,4.0,10.0,3.0,9.0,3.0,3.0,0.30000000000000004,0.5,40.0,18,8500.0,4,13,3,17,37
241823,4.0,10.0,3.0,9.0,3.0,3.0,0.30000000000000004,0.5,40.0,19,8410.0,5,13,6,21,43
241823,4.0,10.0,3.0,9.0,3.0,3.0,0.30000000000000004,0.5,40.0,20,8140.0,4,15,7,23,46
241823,4.0,10.0,3.0,9.0,3.0,3.0,0.30000000000000004,0.5,40.0,21,7930.0,4,16,7,24,48
241823,4.0,10.0,3.0,9.0,3.0,3.0,0.30000000000000004,0.5,40.0,22,7752.5,5,18,7,24,52
241823,4.0,10.0,3.0,9.0,3.0,3.0,0.30000000000000004,0.5,40.0,23,7410.625,6,18,9,26,61
241823,4.0,10.0,3.0,9.0,3.0,3.0,0.30000000000000004,0.5,40.0,24,6653.28125,7,20,9,29,69
241823,4.0,10.0,3.0,9.0,3.0,3.0,0.30000000000000004,0.5,40.0,25,5676.6015625,7,21,11,33,72
241823,4.0,10.0,3.0,9.0,3.0,3.0,0.30000000000000004,0.5,40.0,26,5535.751953125,8,22,11,33,75
241823,4.0,10.0,3.0,9.0,3.0,3.0,0.30000000000000004,0.5,40.0,27,6049.68994140625,8,22,11,33,75
241823,4.0,10.0,3.0,9.0,3.0,3.0,0.30000000000000004,0.5,40.0,28,6722.1124267578125,8,24,11,33,77
241823,4.0,10.0,3.0,9.0,3.0,3.0,0.30000000000000004,0.5,40.0,29,7862.640533447266,10,24,11,33,80
241823,4.0,10.0,3.0,9.0,3.0,3.0,0.30000000000000004,0.5,40.0,30,9168.300666809082,11,24,11,33,81
241823,4.0,10.0,3.0,9.0,3.0,3.0,0.30000000000000004,0.5,40.0,31,9400.0,13,24,11,33,83
241823,4.0,10.0,3.0,9.0,3.0,3.0,0.30000000000000004,0.5,40.0,32,9370.0,13,24,11,34,83
241823,4.0,10.0,3.0,9.0,3.0,3.0,0.30000000000000004,0.5,40.0,33,9340.0,13,25,11,34,85
241823,4.0,10.0,3.0,9.0,3.0,3.0,0.30000000000000004,0.5,40.0,34,9130.0,13,25,12,36,86
241823,4.0,10.0,3.0,9.0,3.0,3.0,0.30000000000000004,0.5,40.0,35,9160.0,13,26,12,36,87
241823,4.0,10.0,3.0,9.0,3.0,3.0,0.30000000000000004,0.5,40.0,36,9190.0,14,27,12,36,89
241823,4.0,10.0,3.0,9.0,3.0,3.0,0.30000000000000004,0.5,40.0,37,9130.0,14,27,14,36,91
241823,4.0,10.0,3.0,9.0,3.0,3.0,0.30000000000000004,0.5,40.0,38,9070.0,15,28,16,36,95
241823,4.0,10.0,3.0,9.0,3.0,3.0,0.30000000000000004,0.5,40.0,39,8950.0,16,28,16,38,96
241823,4.0,10.0,3.0,9.0,3.0,3.0,0.30000000000000004,0.5,40.0,40,9040.0,16,25,15,32,89
241823,4.0,10.0,3.0,9.0,3.0,3.0,0.30000000000000004,0.5,40.0,41,8920.0,16,25,14,29,80
241823,4.0,10.0,3.0,9.0,3.0,3.0,0.30000000000000004,0.5,40.0,42,8830.0,17,23,15,27,77
241823,4.0,10.0,3.0,9.0,3.0,3.0,0.30000000000000004,0.5,40.0,43,8470.0,17,24,15,26,78
241823,4.0,10.0,3.0,9.0,3.0,3.0,0.30000000000000004,0.5,40.0,44,8380.0,19,22,15,25,78
241823,4.0,10.0,3.0,9.0,3.0,3.0,0.30000000000000004,0.5,40.0,45,8230.0,21,22,15,25,80
241823,4.0,10.0,3.0,9.0,3.0,3.0,0.30000000000000004,0.5,40.0,46,8170.0,21,25,15,23,82
241823,4.0,10.0,3.0,9.0,3.0,3.0,0.30000000000000004,0.5,40.0,47,8080.0,20,25,15,21,84
241823,4.0,10.0,3.0,9.0,3.0,3.0,0.30000000000000004,0.5,40.0,48,7780.0,21,24,16,22,85
241823,4.0,10.0,3.0,9.0,3.0,3.0,0.30000000000000004,0.5,40.0,49,7355.0,22,23,17,23,87
241823,4.0,10.0,3.0,9.0,3.0,3.0,0.30000000000000004,0.5,40.0,50,6493.75,26,23,18,23,91
241823,4.0,10.0,3.0,9.0,3.0,3.0,0.30000000000000004,0.5,40.0,51,6137.1875,27,24,19,21,94
241823,4.0,10.0,3.0,9.0,3.0,3.0,0.30000000000000004,0.5,40.0,52,6081.484375,25,26,20,24,94
241823,4.0,10.0,3.0,9.0,3.0,3.0,0.30000000000000004,0.5,40.0,53,6491.85546875,26,27,21,24,97
241823,4.0,10.0,3.0,9.0,3.0,3.0,0.30000000000000004,0.5,40.0,54,6944.8193359375,27,26,21,24,97
241823,4.0,10.0,3.0,9.0,3.0,3.0,0.30000000000000004,0.5,40.0,55,7601.024169921875,28,27,20,25,98
241823,4.0,10.0,3.0,9.0,3.0,3.0,0.30000000000000004,0.5,40.0,56,8601.280212402344,30,27,19,25,99
241823,4.0,10.0,3.0,9.0,3.0,3.0,0.30000000000000004,0.5,40.0,57,9190.0,30,27,19,26,99
241823,4.0,10.0,3.0,9.0,3.0,3.0,0.30000000000000004,0.5,40.0,58,9190.0,31,26,20,26,100
241823,4.0,10.0,3.0,9.0,3.0,3.0,0.30000000000000004,0.5,40.0,59,9070.0,32,26,20,26,102
241823,4.0,10.0,3.0,9.0,3.0,3.0,0.30000000000000004,0.5,40.0,60,9280.0,33,26,22,25,103
241823,4.0,10.0,3.0,9.0,3.0,3.0,0.30000000000000004,0.5,40.0,61,9130.0,33,23,21,24,99
241823,4.0,10.0,3.0,9.0,3.0,3.0,0.30000000000000004,0.5,40.0,62,9100.0,34,23,22,24,101
241823,4.0,10.0,3.0,9.0,3.0,3.0,0.30000000000000004,0.5,40.0,63,9100.0,35,23,22,24,102
241823,4.0,10.0,3.0,9.0,3.0,3.0,0.30000000000000004,0.5,40.0,64,9130.0,37,23,22,24,98
241823,4.0,10.0,3.0,9.0,3.0,3.0,0.30000000000000004,0.5,40.0,65,9100.0,39,23,21,24,98
241823,4.0,10.0,3.0,9.0,3.0,3.0,0.30000000000000004,0.5,40.0,66,9070.0,40,24,22,22,99
241823,4.0,10.0,3.0,9.0,3.0,3.0,0.30000000000000004,0.5,40.0,67,8800.0,41,25,22,22,97
241823,4.0,10.0,3.0,9.0,3.0,3.0,0.30000000000000004,0.5,40.0,68,8860.0,41,25,22,23,97
241823,4.0,10.0,3.0,9.0,3.0,3.0,0.30000000000000004,0.5,40.0,69,8800.0,42,25,22,25,98
241823,4.0,10.0,3.0,9.0,3.0,3.0,0.30000000000000004,0.5,40.0,70,8740.0,41,23,21,27,93
241823,4.0,10.0,3.0,9.0,3.0,3.0,0.30000000000000004,0.5,40.0,71,8740.0,39,18,23,25,88
241823,4.0,10.0,3.0,9.0,3.0,3.0,0.30000000000000004,0.5,40.0,72,8380.0,41,19,22,26,90
241823,4.0,10.0,3.0,9.0,3.0,3.0,0.30000000000000004,0.5,40.0,73,8350.0,40,21,22,24,91
241823,4.0,10.0,3.0,9.0,3.0,3.0,0.30000000000000004,0.5,40.0,74,8170.0,39,20,23,25,90
241823,4.0,10.0,3.0,9.0,3.0,3.0,0.30000000000000004,0.5,40.0,75,7870.0,40,22,24,26,93
241823,4.0,10.0,3.0,9.0,3.0,3.0,0.30000000000000004,0.5,40.0,76,7587.5,42,21,23,23,93
241823,4.0,10.0,3.0,9.0,3.0,3.0,0.30000000000000004,0.5,40.0,77,6994.375,43,20,25,24,94
241823,4.0,10.0,3.0,9.0,3.0,3.0,0.30000000000000004,0.5,40.0,78,6462.96875,43,22,28,24,98
241823,4.0,10.0,3.0,9.0,3.0,3.0,0.30000000000000004,0.5,40.0,79,6608.7109375,42,22,28,24,98
241823,4.0,10.0,3.0,9.0,3.0,3.0,0.30000000000000004,0.5,40.0,80,6820.888671875,42,25,27,24,100
241823,4.0,10.0,3.0,9.0,3.0,3.0,0.30000000000000004,0.5,40.0,81,7116.11083984375,44,26,25,23,101
241823,4.0,10.0,3.0,9.0,3.0,3.0,0.30000000000000004,0.5,40.0,82,7485.1385498046875,45,26,24,23,101
241823,4.0,10.0,3.0,9.0,3.0,3.0,0.30000000000000004,0.5,40.0,83,7946.423187255859,44,26,23,23,98
241823,4.0,10.0,3.0,9.0,3.0,3.0,0.30000000000000004,0.5,40.0,84,8583.028984069824,46,26,23,21,100
241823,4.0,10.0,3.0,9.0,3.0,3.0,0.30000000000000004,0.5,40.0,85,8650.0,47,30,23,23,105
241823,4.0,10.0,3.0,9.0,3.0,3.0,0.30000000000000004,0.5,40.0,86,8410.0,48,30,23,23,106
241823,4.0,10.0,3.0,9.0,3.0,3.0,0.30000000000000004,0.5,40.0,87,8350.0,49,31,25,22,110
241823,4.0,10.0,3.0,9.0,3.0,3.0,0.30000000000000004,0.5,40.0,88,8320.0,48,32,24,22,108
241823,4.0,10.0,3.0,9.0,3.0,3.0,0.30000000000000004,0.5,40.0,89,8230.0,52,36,24,22,115
241823,4.0,10.0,3.0,9.0,3.0,3.0,0.30000000000000004,0.5,40.0,90,8050.0,56,37,24,22,121
241823,4.0,10.0,3.0,9.0,3.0,3.0,0.30000000000000004,0.5,40.0,91,8260.0,58,41,24,22,127
241823,4.0,10.0,3.0,9.0,3.0,3.0,0.30000000000000004,0.5,40.0,92,8320.0,58,42,24,22,128
241823,4.0,10.0,3.0,9.0,3.0,3.0,0.30000000000000004,0.5,40.0,93,8470.0,59,43,24,22,131
241823,4.0,10.0,3.0,9.0,3.0,3.0,0.30000000000000004,0.5,40.0,94,8920.0,59,47,24,21,135
241823,4.0,10.0,3.0,9.0,3.0,3.0,0.30000000000000004,0.5,40.0,95,8980.0,59,48,24,20,136
241823,4.0,10.0,3.0,9.0,3.0,3.0,0.30000000000000004,0.5,40.0,96,9070.0,61,47,22,19,135
241823,4.0,10.0,3.0,9.0,3.0,3.0,0.30000000000000004,0.5,40.0,97,9130.0,60,44,22,18,131
241823,4.0,10.0,3.0,9.0,3.0,3.0,0.30000000000000004,0.5,40.0,98,9100.0,61,44,20,18,130
241823,4.0,10.0,3.0,9.0,3.0,3.0,0.30000000000000004,0.5,40.0,99,9130.0,61,44,19,16,130
241823,4.0,10.0,3.0,9.0,3.0,3.0,0.30000000000000004,0.5,40.0,100,9040.0,61,44,19,14,130
241823,4.0,10.0,3.0,9.0,3.0,3.0,0.30000000000000004,0.5,40.0,101,8860.0,62,44,18,14,130
241823,4.0,10.0,3.0,9.0,3.0,3.0,0.30000000000000004,0.5,40.0,102,8860.0,62,44,17,12,129
241823,4.0,10.0,3.0,9.0,3.0,3.0,0.30000000000000004,0.5,40.0,103,8800.0,59,45,14,12,123
241823,4.0,10.0,3.0,9.0,3.0,3.0,0.30000000000000004,0.5,40.0,104,8710.0,60,47,13,11,126
241823,4.0,10.0,3.0,9.0,3.0,3.0,0.30000000000000004,0.5,40.0,105,8710.0,58,47,14,11,125
241823,4.0,10.0,3.0,9.0,3.0,3.0,0.30000000000000004,0.5,40.0,106,8620.0,60,47,13,10,126
241823,4.0,10.0,3.0,9.0,3.0,3.0,0.30000000000000004,0.5,40.0,107,8470.0,61,47,12,8,126
241823,4.0,10.0,3.0,9.0,3.0,3.0,0.30000000000000004,0.5,40.0,108,8470.0,65,45,12,8,128
241823,4.0,10.0,3.0,9.0,3.0,3.0,0.30000000000000004,0.5,40.0,109,8350.0,67,44,12,6,130
241823,4.0,10.0,3.0,9.0,3.0,3.0,0.30000000000000004,0.5,40.0,110,8230.0,68,44,12,6,131
241823,4.0,10.0,3.0,9.0,3.0,3.0,0.30000000000000004,0.5,40.0,111,7990.0,69,44,9,4,129
241823,4.0,10.0,3.0,9.0,3.0,3.0,0.30000000000000004,0.5,40.0,112,7917.5,72,43,9,4,131
241823,4.0,10.0,3.0,9.0,3.0,3.0,0.30000000000000004,0.5,40.0,113,7706.875,71,45,9,3,134
241823,4.0,10.0,3.0,9.0,3.0,3.0,0.30000000000000004,0.5,40.0,114,7623.59375,75,44,8,3,136
241823,4.0,10.0,3.0,9.0,3.0,3.0,0.30000000000000004,0.5,40.0,115,7429.4921875,74,41,8,3,132
241823,4.0,10.0,3.0,9.0,3.0,3.0,0.30000000000000004,0.5,40.0,116,7456.865234375,74,40,6,5,129
241823,4.0,10.0,3.0,9.0,3.0,3.0,0.30000000000000004,0.5,40.0,117,7731.08154296875,77,41,5,5,132
241823,4.0,10.0,3.0,9.0,3.0,3.0,0.30000000000000004,0.5,40.0,118,7983.8519287109375,79,40,5,5,133
241823,4.0,10.0,3.0,9.0,3.0,3.0,0.30000000000000004,0.5,40.0,119,8299.814910888672,80,40,5,5,135
241823,4.0,10.0,3.0,9.0,3.0,3.0,0.30000000000000004,0.5,40.0,120,8170.0,81,40,5,6,137
241823,4.0,10.0,3.0,9.0,3.0,3.0,0.30000000000000004,0.5,40.0,121,8320.0,83,39,5,5,137
241823,4.0,10.0,3.0,9.0,3.0,3.0,0.30000000000000004,0.5,40.0,122,8410.0,85,41,5,4,142
241823,4.0,10.0,3.0,9.0,3.0,3.0,0.30000000000000004,0.5,40.0,123,8260.0,91,37,6,4,145
241823,4.0,10.0,3.0,9.0,3.0,3.0,0.30000000000000004,0.5,40.0,124,8470.0,91,37,6,4,146
241823,4.0,10.0,3.0,9.0,3.0,3.0,0.30000000000000004,0.5,40.0,125,8530.0,91,35,6,4,144
241823,4.0,10.0,3.0,9.0,3.0,3.0,0.30000000000000004,0.5,40.0,126,8650.0,91,35,6,4,144
241823,4.0,10.0,3.0,9.0,3.0,3.0,0.30000000000000004,0.5,40.0,127,8710.0,95,35,7,4,149
241823,4.0,10.0,3.0,9.0,3.0,3.0,0.30000000000000004,0.5,40.0,128,8740.0,97,34,8,3,152
241823,4.0,10.0,3.0,9.0,3.0,3.0,0.30000000000000004,0.5,40.0,129,8860.0,98,35,7,3,153
241823,4.0,10.0,3.0,9.0,3.0,3.0,0.30000000000000004,0.5,40.0,130,9070.0,97,33,7,3,150
241823,4.0,10.0,3.0,9.0,3.0,3.0,0.30000000000000004,0.5,40.0,131,9070.0,97,32,8,3,150
241823,4.0,10.0,3.0,9.0,3.0,3.0,0.30000000000000004,0.5,40.0,132,9070.0,97,32,8,3,149
241823,4.0,10.0,3.0,9.0,3.0,3.0,0.30000000000000004,0.5,40.0,133,9100.0,98,31,8,3,150
241823,4.0,10.0,3.0,9.0,3.0,3.0,0.30000000000000004,0.5,40.0,134,9070.0,99,30,7,3,148
241823,4.0,10.0,3.0,9.0,3.0,3.0,0.30000000000000004,0.5,40.0,135,9040.0,96,30,7,3,145
241823,4.0,10.0,3.0,9.0,3.0,3.0,0.30000000000000004,0.5,40.0,136,8860.0,95,28,7,4,142
241823,4.0,10.0,3.0,9.0,3.0,3.0,0.30000000000000004,0.5,40.0,137,8860.0,92,28,7,5,139
241823,4.0,10.0,3.0,9.0,3.0,3.0,0.30000000000000004,0.5,40.0,138,8620.0,95,29,7,6,143
241823,4.0,10.0,3.0,9.0,3.0,3.0,0.30000000000000004,0.5,40.0,139,8530.0,91,30,7,6,140
241823,4.0,10.0,3.0,9.0,3.0,3.0,0.30000000000000004,0.5,40.0,140,8650.0,90,29,7,6,139
241823,4.0,10.0,3.0,9.0,3.0,3.0,0.30000000000000004,0.5,40.0,141,8530.0,87,28,6,6,133
241823,4.0,10.0,3.0,9.0,3.0,3.0,0.30000000000000004,0.5,40.0,142,8710.0,84,27,6,7,130
241823,4.0,10.0,3.0,9.0,3.0,3.0,0.30000000000000004,0.5,40.0,143,8230.0,86,27,6,7,132
241823,4.0,10.0,3.0,9.0,3.0,3.0,0.30000000000000004,0.5,40.0,144,8260.0,85,29,6,7,133
241823,4.0,10.0,3.0,9.0,3.0,3.0,0.30000000000000004,0.5,40.0,145,8140.0,82,26,6,8,126
241823,4.0,10.0,3.0,9.0,3.0,3.0,0.30000000000000004,0.5,40.0,146,7900.0,84,25,5,8,128
241823,4.0,10.0,3.0,9.0,3.0,3.0,0.30000000000000004,0.5,40.0,147,7865.0,85,24,5,9,128
241823,4.0,10.0,3.0,9.0,3.0,3.0,0.30000000000000004,0.5,40.0,148,7671.25,86,24,5,8,129
241823,4.0,10.0,3.0,9.0,3.0,3.0,0.30000000000000004,0.5,40.0,149,7459.0625,78,23,5,8,122
241823,4.0,10.0,3.0,9.0,3.0,3.0,0.30000000000000004,0.5,40.0,150,7253.828125,77,24,5,8,122
241823,4.0,10.0,3.0,9.0,3.0,3.0,0.30000000000000004,0.5,40.0,151,6997.28515625,78,24,5,8,125
241823,4.0,10.0,3.0,9.0,3.0,3.0,0.30000000000000004,0.5,40.0,152,7396.6064453125,83,23,4,8,127
241823,4.0,10.0,3.0,9.0,3.0,3.0,0.30000000000000004,0.5,40.0,153,7835.758056640625,84,22,3,8,125
241823,4.0,10.0,3.0,9.0,3.0,3.0,0.30000000000000004,0.5,40.0,154,7934.697570800781,85,22,3,8,125
241823,4.0,10.0,3.0,9.0,3.0,3.0,0.30000000000000004,0.5,40.0,155,8418.371963500977,86,21,3,8,125
241823,4.0,10.0,3.0,9.0,3.0,3.0,0.30000000000000004,0.5,40.0,156,8470.0,86,22,3,8,125
241823,4.0,10.0,3.0,9.0,3.0,3.0,0.30000000000000004,0.5,40.0,157,8530.0,89,22,3,8,128
241823,4.0,10.0,3.0,9.0,3.0,3.0,0.30000000000000004,0.5,40.0,158,8530.0,91,20,3,8,129
241823,4.0,10.0,3.0,9.0,3.0,3.0,0.30000000000000004,0.5,40.0,159,8410.0,92,20,4,6,131
241823,4.0,10.0,3.0,9.0,3.0,3.0,0.30000000000000004,0.5,40.0,160,8260.0,95,22,4,6,136
241823,4.0,10.0,3.0,9.0,3.0,3.0,0.30000000000000004,0.5,40.0,161,8260.0,99,23,5,6,141
241823,4.0,10.0,3.0,9.0,3.0,3.0,0.30000000000000004,0.5,40.0,162,8380.0,103,22,5,6,144
241823,4.0,10.0,3.0,9.0,3.0,3.0,0.30000000000000004,0.5,40.0,163,8530.0,106,21,5,6,146
241823,4.0,10.0,3.0,9.0,3.0,3.0,0.30000000000000004,0.5,40.0,164,8620.0,108,21,4,6,146
241823,4.0,10.0,3.0,9.0,3.0,3.0,0.30000000000000004,0.5,40.0,165,8920.0,108,20,4,6,143
241823,4.0,10.0,3.0,9.0,3.0,3.0,0.30000000000000004,0.5,40.0,166,8830.0,111,18,4,6,144
241823,4.0,10.0,3.0,9.0,3.0,3.0,0.30000000000000004,0.5,40.0,167,8830.0,113,18,4,5,146
241823,4.0,10.0,3.0,9.0,3.0,3.0,0.30000000000000004,0.5,40.0,168,8920.0,112,18,3,5,144
241823,4.0,10.0,3.0,9.0,3.0,3.0,0.30000000000000004,0.5,40.0,169,8830.0,112,19,4,5,145
241823,4.0,10.0,3.0,9.0,3.0,3.0,0.30000000000000004,0.5,40.0,170,8770.0,109,20,4,5,143
241823,4.0,10.0,3.0,9.0,3.0,3.0,0.30000000000000004,0.5,40.0,171,8770.0,108,20,4,5,142
241823,4.0,10.0,3.0,9.0,3.0,3.0,0.30000000000000004,0.5,40.0,172,8650.0,111,18,4,5,143
241823,4.0,10.0,3.0,9.0,3.0,3.0,0.30000000000000004,0.5,40.0,173,8560.0,112,17,4,5,143
241823,4.0,10.0,3.0,9.0,3.0,3.0,0.30000000000000004,0.5,40.0,174,8530.0,110,19,4,5,143
241823,4.0,10.0,3.0,9.0,3.0,3.0,0.30000000000000004,0.5,40.0,175,8560.0,112,17,3,5,142
241823,4.0,10.0,3.0,9.0,3.0,3.0,0.30000000000000004,0.5,40.0,176,8530.0,113,18,3,4,143
241823,4.0,10.0,3.0,9.0,3.0,3.0,0.30000000000000004,0.5,40.0,177,8590.0,113,16,3,4,141
241823,4.0,10.0,3.0,9.0,3.0,3.0,0.30000000000000004,0.5,40.0,178,8680.0,113,16,4,4,142
241823,4.0,10.0,3.0,9.0,3.0,3.0,0.30000000000000004,0.5,40.0,179,8470.0,111,14,4,4,138
241823,4.0,10.0,3.0,9.0,3.0,3.0,0.30000000000000004,0.5,40.0,180,8380.0,109,14,4,3,136
241823,4.0,10.0,3.0,9.0,3.0,3.0,0.30000000000000004,0.5,40.0,181,8410.0,108,13,4,3,133
241823,4.0,10.0,3.0,9.0,3.0,3.0,0.30000000000000004,0.5,40.0,182,8290.0,111,12,4,3,135
241823,4.0,10.0,3.0,9.0,3.0,3.0,0.30000000000000004,0.5,40.0,183,8350.0,107,14,4,2,133
241823,4.0,10.0,3.0,9.0,3.0,3.0,0.30000000000000004,0.5,40.0,184,7960.0,114,13,4,1,139
241823,4.0,10.0,3.0,9.0,3.0,3.0,0.30000000000000004,0.5,40.0,185,7790.0,117,13,4,1,142
241823,4.0,10.0,3.0,9.0,3.0,3.0,0.30000000000000004,0.5,40.0,186,7817.5,117,13,4,1,142
241823,4.0,10.0,3.0,9.0,3.0,3.0,0.30000000000000004,0.5,40.0,187,8181.875,113,13,4,0,136
241823,4.0,10.0,3.0,9.0,3.0,3.0,0.30000000000000004,0.5,40.0,188,8290.0,117,13,4,0,140
241823,4.0,10.0,3.0,9.0,3.0,3.0,0.30000000000000004,0.5,40.0,189,8560.0,117,14,4,0,141
241823,4.0,10.0,3.0,9.0,3.0,3.0,0.30000000000000004,0.5,40.0,190,8440.0,120,13,4,0,141
241823,4.0,10.0,3.0,9.0,3.0,3.0,0.30000000000000004,0.5,40.0,191,8350.0,120,13,3,0,140
241823,4.0,10.0,3.0,9.0,3.0,3.0,0.30000000000000004,0.5,40.0,192,8380.0,114,12,3,0,132
241823,4.0,10.0,3.0,9.0,3.0,3.0,0.30000000000000004,0.5,40.0,193,8350.0,121,13,3,0,139
241823,4.0,10.0,3.0,9.0,3.0,3.0,0.30000000000000004,0.5,40.0,194,8110.0,126,13,3,0,143
241823,4.0,10.0,3.0,9.0,3.0,3.0,0.30000000000000004,0.5,40.0,195,7990.0,129,13,3,0,146
241823,4.0,10.0,3.0,9.0,3.0,3.0,0.30000000000000004,0.5,40.0,196,8127.5,128,12,3,0,144
241823,4.0,10.0,3.0,9.0,3.0,3.0,0.30000000000000004,0.5,40.0,197,8200.0,134,12,3,0,150
241823,4.0,10.0,3.0,9.0,3.0,3.0,0.30000000000000004,0.5,40.0,198,8380.0,137,14,3,0,155
241823,4.0,10.0,3.0,9.0,3.0,3.0,0.30000000000000004,0.5,40.0,199,8470.0,137,14,3,0,155
241823,4.0,10.0,3.0,9.0,3.0,3.0,0.30000000000000004,0.5,40.0,200,8560.0,138,14,3,0,155
241823,4.0,10.0,3.0,9.0,3.0,3.0,0.30000000000000004,0.5,40.0,201,8980.0,138,14,3,0,155
241823,4.0,10.0,3.0,9.0,3.0,3.0,0.30000000000000004,0.5,40.0,202,9070.0,134,14,3,0,151
241823,4.0,10.0,3.0,9.0,3.0,3.0,0.30000000000000004,0.5,40.0,203,9160.0,133,14,3,0,150
241823,4.0,10.0,3.0,9.0,3.0,3.0,0.30000000000000004,0.5,40.0,204,9130.0,134,13,3,0,150
241823,4.0,10.0,3.0,9.0,3.0,3.0,0.30000000000000004,0.5,40.0,205,9160.0,132,14,3,0,149
241823,4.0,10.0,3.0,9.0,3.0,3.0,0.30000000000000004,0.5,40.0,206,9160.0,130,14,3,0,147
241823,4.0,10.0,3.0,9.0,3.0,3.0,0.30000000000000004,0.5,40.0,207,9100.0,125,13,3,0,141
241823,4.0,10.0,3.0,9.0,3.0,3.0,0.30000000000000004,0.5,40.0,208,9130.0,124,11,3,0,138
241823,4.0,10.0,3.0,9.0,3.0,3.0,0.30000000000000004,0.5,40.0,209,8920.0,122,12,3,0,137
241823,4.0,10.0,3.0,9.0,3.0,3.0,0.30000000000000004,0.5,40.0,210,8860.0,120,10,2,0,132
241823,4.0,10.0,3.0,9.0,3.0,3.0,0.30000000000000004,0.5,40.0,211,8740.0,118,10,2,0,130
241823,4.0,10.0,3.0,9.0,3.0,3.0,0.30000000000000004,0.5,40.0,212,8770.0,121,9,2,0,132
241823,4.0,10.0,3.0,9.0,3.0,3.0,0.30000000000000004,0.5,40.0,213,8650.0,122,9,2,0,133
241823,4.0,10.0,3.0,9.0,3.0,3.0,0.30000000000000004,0.5,40.0,214,8680.0,122,10,2,0,134
241823,4.0,10.0,3.0,9.0,3.0,3.0,0.30000000000000004,0.5,40.0,215,8560.0,118,10,2,0,130
241823,4.0,10.0,3.0,9.0,3.0,3.0,0.30000000000000004,0.5,40.0,216,8380.0,117,9,2,0,128
241823,4.0,10.0,3.0,9.0,3.0,3.0,0.30000000000000004,0.5,40.0,217,8260.0,121,9,2,0,132
241823,4.0,10.0,3.0,9.0,3.0,3.0,0.30000000000000004,0.5,40.0,218,8050.0,121,10,2,0,133
241823,4.0,10.0,3.0,9.0,3.0,3.0,0.30000000000000004,0.5,40.0,219,8050.0,125,10,2,0,137
241823,4.0,10.0,3.0,9.0,3.0,3.0,0.30000000000000004,0.5,40.0,220,7870.0,123,10,2,0,135
241823,4.0,10.0,3.0,9.0,3.0,3.0,0.30000000000000004,0.5,40.0,221,7737.5,125,10,1,0,136
241823,4.0,10.0,3.0,9.0,3.0,3.0,0.30000000000000004,0.5,40.0,222,7421.875,128,10,1,0,139
241823,4.0,10.0,3.0,9.0,3.0,3.0,0.30000000000000004,0.5,40.0,223,7567.34375,128,10,1,0,139
241823,4.0,10.0,3.0,9.0,3.0,3.0,0.30000000000000004,0.5,40.0,224,7689.1796875,126,11,1,0,138
241823,4.0,10.0,3.0,9.0,3.0,3.0,0.30000000000000004,0.5,40.0,225,8051.474609375,127,11,1,0,139
241823,4.0,10.0,3.0,9.0,3.0,3.0,0.30000000000000004,0.5,40.0,226,8710.0,127,12,0,0,139
241823,4.0,10.0,3.0,9.0,3.0,3.0,0.30000000000000004,0.5,40.0,227,8620.0,126,12,0,0,138
241823,4.0,10.0,3.0,9.0,3.0,3.0,0.30000000000000004,0.5,40.0,228,8680.0,127,12,0,0,139
241823,4.0,10.0,3.0,9.0,3.0,3.0,0.30000000000000004,0.5,40.0,229,8590.0,126,12,0,0,138
241823,4.0,10.0,3.0,9.0,3.0,3.0,0.30000000000000004,0.5,40.0,230,8590.0,128,11,0,0,139
241823,4.0,10.0,3.0,9.0,3.0,3.0,0.30000000000000004,0.5,40.0,231,8470.0,128,9,0,0,137
241823,4.0,10.0,3.0,9.0,3.0,3.0,0.30000000000000004,0.5,40.0,232,8440.0,132,8,0,0,140
241823,4.0,10.0,3.0,9.0,3.0,3.0,0.30000000000000004,0.5,40.0,233,8410.0,132,8,0,1,140
241823,4.0,10.0,3.0,9.0,3.0,3.0,0.30000000000000004,0.5,40.0,234,8200.0,133,8,0,1,141
241823,4.0,10.0,3.0,9.0,3.0,3.0,0.30000000000000004,0.5,40.0,235,8200.0,136,8,0,1,144
241823,4.0,10.0,3.0,9.0,3.0,3.0,0.30000000000000004,0.5,40.0,236,8200.0,141,8,0,1,149
241823,4.0,10.0,3.0,9.0,3.0,3.0,0.30000000000000004,0.5,40.0,237,8440.0,143,8,0,1,151
241823,4.0,10.0,3.0,9.0,3.0,3.0,0.30000000000000004,0.5,40.0,238,8620.0,145,8,0,1,153
241823,4.0,10.0,3.0,9.0,3.0,3.0,0.30000000000000004,0.5,40.0,239,8770.0,147,8,0,1,155
241823,4.0,10.0,3.0,9.0,3.0,3.0,0.30000000000000004,0.5,40.0,240,8890.0,142,8,0,1,150
241823,4.0,10.0,3.0,9.0,3.0,3.0,0.30000000000000004,0.5,40.0,241,8920.0,141,7,0,1,148
241823,4.0,10.0,3.0,9.0,3.0,3.0,0.30000000000000004,0.5,40.0,242,8860.0,141,7,0,1,148
241823,4.0,10.0,3.0,9.0,3.0,3.0,0.30000000000000004,0.5,40.0,243,8860.0,139,7,0,1,146
241823,4.0,10.0,3.0,9.0,3.0,3.0,0.30000000000000004,0.5,40.0,244,8740.0,134,7,0,1,141
241823,4.0,10.0,3.0,9.0,3.0,3.0,0.30000000000000004,0.5,40.0,245,8800.0,132,7,0,1,139
241823,4.0,10.0,3.0,9.0,3.0,3.0,0.30000000000000004,0.5,40.0,246,8710.0,133,6,0,1,139
241823,4.0,10.0,3.0,9.0,3.0,3.0,0.30000000000000004,0.5,40.0,247,8530.0,134,5,0,1,139
241823,4.0,10.0,3.0,9.0,3.0,3.0,0.30000000000000004,0.5,40.0,248,8440.0,135,5,0,1,140
241823,4.0,10.0,3.0,9.0,3.0,3.0,0.30000000000000004,0.5,40.0,249,8320.0,135,5,0,1,140
241823,4.0,10.0,3.0,9.0,3.0,3.0,0.30000000000000004,0.5,40.0,250,8470.0,136,5,0,1,141
241823,4.0,10.0,3.0,9.0,3.0,3.0,0.30000000000000004,0.5,40.0,251,8350.0,140,4,0,1,144
241823,4.0,10.0,3.0,9.0,3.0,3.0,0.30000000000000004,0.5,40.0,252,8320.0,144,4,0,1,148
241823,4.0,10.0,3.0,9.0,3.0,3.0,0.30000000000000004,0.5,40.0,253,8410.0,145,4,0,1,149
241823,4.0,10.0,3.0,9.0,3.0,3.0,0.30000000000000004,0.5,40.0,254,8380.0,143,3,0,1,146
241823,4.0,10.0,3.0,9.0,3.0,3.0,0.30000000000000004,0.5,40.0,255,8650.0,140,2,0,1,142
241823,4.0,10.0,3.0,9.0,3.0,3.0,0.30000000000000004,0.5,40.0,256,8770.0,140,2,0,1,142
241823,4.0,10.0,3.0,9.0,3.0,3.0,0.30000000000000004,0.5,40.0,257,8560.0,140,2,0,1,142
241823,4.0,10.0,3.0,9.0,3.0,3.0,0.30000000000000004,0.5,40.0,258,8410.0,142,2,0,1,144
241823,4.0,10.0,3.0,9.0,3.0,3.0,0.30000000000000004,0.5,40.0,259,8380.0,139,2,0,1,141
241823,4.0,10.0,3.0,9.0,3.0,3.0,0.30000000000000004,0.5,40.0,260,8140.0,137,2,0,1,139
241823,4.0,10.0,3.0,9.0,3.0,3.0,0.30000000000000004,0.5,40.0,261,8170.0,144,2,0,1,146
241823,4.0,10.0,3.0,9.0,3.0,3.0,0.30000000000000004,0.5,40.0,262,8170.0,144,2,0,1,146
241823,4.0,10.0,3.0,9.0,3.0,3.0,0.30000000000000004,0.5,40.0,263,8440.0,142,3,0,1,145
241823,4.0,10.0,3.0,9.0,3.0,3.0,0.30000000000000004,0.5,40.0,264,8470.0,139,2,0,1,141
241823,4.0,10.0,3.0,9.0,3.0,3.0,0.30000000000000004,0.5,40.0,265,8470.0,137,2,0,1,139
241823,4.0,10.0,3.0,9.0,3.0,3.0,0.30000000000000004,0.5,40.0,266,8410.0,141,2,0,1,143
241823,4.0,10.0,3.0,9.0,3.0,3.0,0.30000000000000004,0.5,40.0,267,8290.0,141,2,0,0,143
241823,4.0,10.0,3.0,9.0,3.0,3.0,0.30000000000000004,0.5,40.0,268,8410.0,145,1,0,0,146
241823,4.0,10.0,3.0,9.0,3.0,3.0,0.30000000000000004,0.5,40.0,269,8470.0,144,2,0,0,146
241823,4.0,10.0,3.0,9.0,3.0,3.0,0.30000000000000004,0.5,40.0,270,8470.0,147,2,0,0,149
241823,4.0,10.0,3.0,9.0,3.0,3.0,0.30000000000000004,0.5,40.0,271,8350.0,145,2,0,0,147
241823,4.0,10.0,3.0,9.0,3.0,3.0,0.30000000000000004,0.5,40.0,272,8290.0,142,2,0,0,144
241823,4.0,10.0,3.0,9.0,3.0,3.0,0.30000000000000004,0.5,40.0,273,8260.0,146,2,0,0,148
241823,4.0,10.0,3.0,9.0,3.0,3.0,0.30000000000000004,0.5,40.0,274,8410.0,146,3,0,0,149
241823,4.0,10.0,3.0,9.0,3.0,3.0,0.30000000000000004,0.5,40.0,275,8290.0,149,3,0,0,152
241823,4.0,10.0,3.0,9.0,3.0,3.0,0.30000000000000004,0.5,40.0,276,8500.0,147,3,0,0,150
241823,4.0,10.0,3.0,9.0,3.0,3.0,0.30000000000000004,0.5,40.0,277,8620.0,147,3,0,0,150
241823,4.0,10.0,3.0,9.0,3.0,3.0,0.30000000000000004,0.5,40.0,278,8710.0,146,3,0,0,149
241823,4.0,10.0,3.0,9.0,3.0,3.0,0.30000000000000004,0.5,40.0,279,8710.0,146,3,0,0,149
241823,4.0,10.0,3.0,9.0,3.0,3.0,0.30000000000000004,0.5,40.0,280,8770.0,142,3,0,0,145
241823,4.0,10.0,3.0,9.0,3.0,3.0,0.30000000000000004,0.5,40.0,281,8740.0,142,3,0,0,145
241823,4.0,10.0,3.0,9.0,3.0,3.0,0.30000000000000004,0.5,40.0,282,8830.0,139,3,0,0,142
241823,4.0,10.0,3.0,9.0,3.0,3.0,0.30000000000000004,0.5,40.0,283,8590.0,140,4,0,0,144
241823,4.0,10.0,3.0,9.0,3.0,3.0,0.30000000000000004,0.5,40.0,284,8380.0,140,4,0,0,144
241823,4.0,10.0,3.0,9.0,3.0,3.0,0.30000000000000004,0.5,40.0,285,8440.0,143,4,0,0,147
241823,4.0,10.0,3.0,9.0,3.0,3.0,0.30000000000000004,0.5,40.0,286,8410.0,142,4,0,0,146
241823,4.0,10.0,3.0,9.0,3.0,3.0,0.30000000000000004,0.5,40.0,287,8500.0,142,4,0,0,146
241823,4.0,10.0,3.0,9.0,3.0,3.0,0.30000000000000004,0.5,40.0,288,8470.0,144,4,0,0,148
241823,4.0,10.0,3.0,9.0,3.0,3.0,0.30000000000000004,0.5,40.0,289,8440.0,141,5,0,0,146
241823,4.0,10.0,3.0,9.0,3.0,3.0,0.30000000000000004,0.5,40.0,290,8470.0,142,5,0,0,147
241823,4.0,10.0,3.0,9.0,3.0,3.0,0.30000000000000004,0.5,40.0,291,8530.0,139,5,0,0,144
241823,4.0,10.0,3.0,9.0,3.0,3.0,0.30000000000000004,0.5,40.0,292,8500.0,140,5,0,0,145
241823,4.0,10.0,3.0,9.0,3.0,3.0,0.30000000000000004,0.5,40.0,293,8410.0,142,5,0,0,147
241823,4.0,10.0,3.0,9.0,3.0,3.0,0.30000000000000004,0.5,40.0,294,8230.0,142,5,0,0,147
241823,4.0,10.0,3.0,9.0,3.0,3.0,0.30000000000000004,0.5,40.0,295,8350.0,143,5,0,0,148
241823,4.0,10.0,3.0,9.0,3.0,3.0,0.30000000000000004,0.5,40.0,296,8380.0,141,5,0,0,146
241823,4.0,10.0,3.0,9.0,3.0,3.0,0.30000000000000004,0.5,40.0,297,8650.0,139,5,0,0,144
241823,4.0,10.0,3.0,9.0,3.0,3.0,0.30000000000000004,0.5,40.0,298,8620.0,140,6,0,0,146
241823,4.0,10.0,3.0,9.0,3.0,3.0,0.30000000000000004,0.5,40.0,299,8560.0,140,6,0,0,146
241823,4.0,10.0,3.0,9.0,3.0,3.0,0.30000000000000004,0.5,40.0,300,8500.0,140,6,0,0,146
241823,4.0,10.0,3.0,9.0,3.0,3.0,0.30000000000000004,0.5,40.0,301,8530.0,139,6,0,0,145
241823,4.0,10.0,3.0,9.0,3.0,3.0,0.30000000000000004,0.5,40.0,302,8530.0,140,6,0,0,146
241823,4.0,10.0,3.0,9.0,3.0,3.0,0.30000000000000004,0.5,40.0,303,8560.0,139,7,0,0,146
241823,4.0,10.0,3.0,9.0,3.0,3.0,0.30000000000000004,0.5,40.0,304,8380.0,138,7,0,0,145
241823,4.0,10.0,3.0,9.0,3.0,3.0,0.30000000000000004,0.5,40.0,305,8380.0,132,7,0,0,139
241823,4.0,10.0,3.0,9.0,3.0,3.0,0.30000000000000004,0.5,40.0,306,8230.0,132,7,0,0,139
241823,4.0,10.0,3.0,9.0,3.0,3.0,0.30000000000000004,0.5,40.0,307,8170.0,138,8,0,0,146
241823,4.0,10.0,3.0,9.0,3.0,3.0,0.30000000000000004,0.5,40.0,308,8110.0,141,9,0,0,150
241823,4.0,10.0,3.0,9.0,3.0,3.0,0.30000000000000004,0.5,40.0,309,8350.0,141,9,0,0,150
241823,4.0,10.0,3.0,9.0,3.0,3.0,0.30000000000000004,0.5,40.0,310,8500.0,141,9,0,0,150
241823,4.0,10.0,3.0,9.0,3.0,3.0,0.30000000000000004,0.5,40.0,311,8620.0,138,9,0,0,147
241823,4.0,10.0,3.0,9.0,3.0,3.0,0.30000000000000004,0.5,40.0,312,8680.0,141,9,0,0,150
241823,4.0,10.0,3.0,9.0,3.0,3.0,0.30000000000000004,0.5,40.0,313,8590.0,141,9,0,0,150
241823,4.0,10.0,3.0,9.0,3.0,3.0,0.30000000000000004,0.5,40.0,314,8800.0,139,9,0,0,148
241823,4.0,10.0,3.0,9.0,3.0,3.0,0.30000000000000004,0.5,40.0,315,8800.0,138,8,0,0,146
241823,4.0,10.0,3.0,9.0,3.0,3.0,0.30000000000000004,0.5,40.0,316,8920.0,134,8,0,0,142
241823,4.0,10.0,3.0,9.0,3.0,3.0,0.30000000000000004,0.5,40.0,317,8830.0,136,8,0,0,144
241823,4.0,10.0,3.0,9.0,3.0,3.0,0.30000000000000004,0.5,40.0,318,8590.0,135,8,0,0,143
241823,4.0,10.0,3.0,9.0,3.0,3.0,0.30000000000000004,0.5,40.0,319,8500.0,134,7,0,0,141
241823,4.0,10.0,3.0,9.0,3.0,3.0,0.30000000000000004,0.5,40.0,320,8380.0,135,7,0,0,142
241823,4.0,10.0,3.0,9.0,3.0,3.0,0.30000000000000004,0.5,40.0,321,8380.0,138,7,0,0,145
241823,4.0,10.0,3.0,9.0,3.0,3.0,0.30000000000000004,0.5,40.0,322,8320.0,140,9,0,0,149
241823,4.0,10.0,3.0,9.0,3.0,3.0,0.30000000000000004,0.5,40.0,323,8260.0,140,9,0,0,149
241823,4.0,10.0,3.0,9.0,3.0,3.0,0.30000000000000004,0.5,40.0,324,8590.0,140,9,0,0,149
241823,4.0,10.0,3.0,9.0,3.0,3.0,0.30000000000000004,0.5,40.0,325,8710.0,139,9,0,0,148
241823,4.0,10.0,3.0,9.0,3.0,3.0,0.30000000000000004,0.5,40.0,326,8740.0,135,8,0,0,143
241823,4.0,10.0,3.0,9.0,3.0,3.0,0.30000000000000004,0.5,40.0,327,8770.0,134,8,0,0,142
241823,4.0,10.0,3.0,9.0,3.0,3.0,0.30000000000000004,0.5,40.0,328,8770.0,134,8,0,0,142
241823,4.0,10.0,3.0,9.0,3.0,3.0,0.30000000000000004,0.5,40.0,329,8650.0,132,7,0,0,139
241823,4.0,10.0,3.0,9.0,3.0,3.0,0.30000000000000004,0.5,40.0,330,8560.0,130,7,0,0,137
241823,4.0,10.0,3.0,9.0,3.0,3.0,0.30000000000000004,0.5,40.0,331,8560.0,132,7,0,0,139
241823,4.0,10.0,3.0,9.0,3.0,3.0,0.30000000000000004,0.5,40.0,332,8200.0,128,7,0,0,135
241823,4.0,10.0,3.0,9.0,3.0,3.0,0.30000000000000004,0.5,40.0,333,8110.0,133,7,0,0,140
241823,4.0,10.0,3.0,9.0,3.0,3.0,0.30000000000000004,0.5,40.0,334,7990.0,128,7,0,0,135
241823,4.0,10.0,3.0,9.0,3.0,3.0,0.30000000000000004,0.5,40.0,335,7827.5,131,7,0,0,138
241823,4.0,10.0,3.0,9.0,3.0,3.0,0.30000000000000004,0.5,40.0,336,7564.375,138,6,0,0,144
241823,4.0,10.0,3.0,9.0,3.0,3.0,0.30000000000000004,0.5,40.0,337,7595.46875,142,5,0,0,147
241823,4.0,10.0,3.0,9.0,3.0,3.0,0.30000000000000004,0.5,40.0,338,7964.3359375,143,5,0,0,148
241823,4.0,10.0,3.0,9.0,3.0,3.0,0.30000000000000004,0.5,40.0,339,8695.419921875,143,5,0,0,148
241823,4.0,10.0,3.0,9.0,3.0,3.0,0.30000000000000004,0.5,40.0,340,8800.0,145,5,0,0,150
241823,4.0,10.0,3.0,9.0,3.0,3.0,0.30000000000000004,0.5,40.0,341,8920.0,141,5,0,0,146
241823,4.0,10.0,3.0,9.0,3.0,3.0,0.30000000000000004,0.5,40.0,342,9010.0,141,5,0,0,146
241823,4.0,10.0,3.0,9.0,3.0,3.0,0.30000000000000004,0.5,40.0,343,8920.0,138,4,0,0,142
241823,4.0,10.0,3.0,9.0,3.0,3.0,0.30000000000000004,0.5,40.0,344,8950.0,137,4,0,0,141
241823,4.0,10.0,3.0,9.0,3.0,3.0,0.30000000000000004,0.5,40.0,345,8770.0,136,4,0,0,140
241823,4.0,10.0,3.0,9.0,3.0,3.0,0.30000000000000004,0.5,40.0,346,8710.0,133,4,0,0,137
241823,4.0,10.0,3.0,9.0,3.0,3.0,0.30000000000000004,0.5,40.0,347,8710.0,132,4,0,0,136
241823,4.0,10.0,3.0,9.0,3.0,3.0,0.30000000000000004,0.5,40.0,348,8680.0,132,4,0,0,136
241823,4.0,10.0,3.0,9.0,3.0,3.0,0.30000000000000004,0.5,40.0,349,8560.0,131,4,0,0,135
241823,4.0,10.0,3.0,9.0,3.0,3.0,0.30000000000000004,0.5,40.0,350,8560.0,137,3,0,0,140
241823,4.0,10.0,3.0,9.0,3.0,3.0,0.30000000000000004,0.5,40.0,351,8470.0,139,1,0,0,140
241823,4.0,10.0,3.0,9.0,3.0,3.0,0.30000000000000004,0.5,40.0,352,8290.0,139,1,0,0,140
241823,4.0,10.0,3.0,9.0,3.0,3.0,0.30000000000000004,0.5,40.0,353,8200.0,140,1,0,0,141
241823,4.0,10.0,3.0,9.0,3.0,3.0,0.30000000000000004,0.5,40.0,354,8140.0,143,1,0,0,144
241823,4.0,10.0,3.0,9.0,3.0,3.0,0.30000000000000004,0.5,40.0,355,8050.0,144,2,0,0,146
241823,4.0,10.0,3.0,9.0,3.0,3.0,0.30000000000000004,0.5,40.0,356,8170.0,142,2,0,0,144
241823,4.0,10.0,3.0,9.0,3.0,3.0,0.30000000000000004,0.5,40.0,357,8080.0,140,2,0,0,142
241823,4.0,10.0,3.0,9.0,3.0,3.0,0.30000000000000004,0.5,40.0,358,8020.0,137,2,0,0,139
241823,4.0,10.0,3.0,9.0,3.0,3.0,0.30000000000000004,0.5,40.0,359,7960.0,142,2,0,0,144
241823,4.0,10.0,3.0,9.0,3.0,3.0,0.30000000000000004,0.5,40.0,360,7910.0,147,2,0,0,149
241823,4.0,10.0,3.0,9.0,3.0,3.0,0.30000000000000004,0.5,40.0,361,7997.5,147,2,0,0,149
241823,4.0,10.0,3.0,9.0,3.0,3.0,0.30000000000000004,0.5,40.0,362,8376.875,142,3,0,0,145
241823,4.0,10.0,3.0,9.0,3.0,3.0,0.30000000000000004,0.5,40.0,363,8560.0,143,3,0,0,146
241823,4.0,10.0,3.0,9.0,3.0,3.0,0.30000000000000004,0.5,40.0,364,8650.0,146,3,0,0,149
241823,4.0,10.0,3.0,9.0,3.0,3.0,0.30000000000000004,0.5,40.0,365,8770.0,141,3,0,0,144
241823,4.0,10.0,3.0,9.0,3.0,3.0,0.30000000000000004,0.5,40.0,366,8860.0,140,3,0,0,143
241823,4.0,10.0,3.0,9.0,3.0,3.0,0.30000000000000004,0.5,40.0,367,8770.0,141,3,0,0,144
241823,4.0,10.0,3.0,9.0,3.0,3.0,0.30000000000000004,0.5,40.0,368,8650.0,142,4,0,0,146
241823,4.0,10.0,3.0,9.0,3.0,3.0,0.30000000000000004,0.5,40.0,369,8470.0,145,4,0,0,149
241823,4.0,10.0,3.0,9.0,3.0,3.0,0.30000000000000004,0.5,40.0,370,8590.0,147,4,0,0,151
241823,4.0,10.0,3.0,9.0,3.0,3.0,0.30000000000000004,0.5,40.0,371,8740.0,146,5,0,0,151
241823,4.0,10.0,3.0,9.0,3.0,3.0,0.30000000000000004,0.5,40.0,372,8830.0,148,6,0,0,154
241823,4.0,10.0,3.0,9.0,3.0,3.0,0.30000000000000004,0.5,40.0,373,8950.0,145,6,0,0,151
241823,4.0,10.0,3.0,9.0,3.0,3.0,0.30000000000000004,0.5,40.0,374,8890.0,146,6,0,0,152
241823,4.0,10.0,3.0,9.0,3.0,3.0,0.30000000000000004,0.5,40.0,375,8890.0,146,6,0,0,152
241823,4.0,10.0,3.0,9.0,3.0,3.0,0.30000000000000004,0.5,40.0,376,8830.0,145,6,0,0,151
241823,4.0,10.0,3.0,9.0,3.0,3.0,0.30000000000000004,0.5,40.0,377,8800.0,145,7,0,0,152
241823,4.0,10.0,3.0,9.0,3.0,3.0,0.30000000000000004,0.5,40.0,378,8800.0,145,7,0,0,152
241823,4.0,10.0,3.0,9.0,3.0,3.0,0.30000000000000004,0.5,40.0,379,8830.0,142,7,0,0,149
241823,4.0,10.0,3.0,9.0,3.0,3.0,0.30000000000000004,0.5,40.0,380,8800.0,142,8,0,0,150
241823,4.0,10.0,3.0,9.0,3.0,3.0,0.30000000000000004,0.5,40.0,381,8470.0,141,9,0,0,150
241823,4.0,10.0,3.0,9.0,3.0,3.0,0.30000000000000004,0.5,40.0,382,8560.0,135,9,0,0,144
241823,4.0,10.0,3.0,9.0,3.0,3.0,0.30000000000000004,0.5,40.0,383,8500.0,130,9,0,0,139
241823,4.0,10.0,3.0,9.0,3.0,3.0,0.30000000000000004,0.5,40.0,384,8140.0,128,9,0,0,137
241823,4.0,10.0,3.0,9.0,3.0,3.0,0.30000000000000004,0.5,40.0,385,8170.0,123,10,1,0,134
241823,4.0,10.0,3.0,9.0,3.0,3.0,0.30000000000000004,0.5,40.0,386,8200.0,124,13,1,0,138
241823,4.0,10.0,3.0,9.0,3.0,3.0,0.30000000000000004,0.5,40.0,387,8200.0,124,13,1,0,138
241823,4.0,10.0,3.0,9.0,3.0,3.0,0.30000000000000004,0.5,40.0,388,8170.0,125,13,1,0,139
241823,4.0,10.0,3.0,9.0,3.0,3.0,0.30000000000000004,0.5,40.0,389,7990.0,124,16,1,0,141
241823,4.0,10.0,3.0,9.0,3.0,3.0,0.30000000000000004,0.5,40.0,390,7917.5,120,17,1,1,138
241823,4.0,10.0,3.0,9.0,3.0,3.0,0.30000000000000004,0.5,40.0,391,7976.875,123,18,1,1,142
241823,4.0,10.0,3.0,9.0,3.0,3.0,0.30000000000000004,0.5,40.0,392,8051.09375,123,17,1,1,141
241823,4.0,10.0,3.0,9.0,3.0,3.0,0.30000000000000004,0.5,40.0,393,8080.0,126,17,1,1,144
241823,4.0,10.0,3.0,9.0,3.0,3.0,0.30000000000000004,0.5,40.0,394,8170.0,124,17,1,1,142
241823,4.0,10.0,3.0,9.0,3.0,3.0,0.30000000000000004,0.5,40.0,395,8200.0,120,19,2,1,141
241823,4.0,10.0,3.0,9.0,3.0,3.0,0.30000000000000004,0.5,40.0,396,8110.0,118,20,3,1,141
241823,4.0,10.0,3.0,9.0,3.0,3.0,0.30000000000000004,0.5,40.0,397,7960.0,119,19,3,1,141
241823,4.0,10.0,3.0,9.0,3.0,3.0,0.30000000000000004,0.5,40.0,398,7970.0,120,20,3,1,143
241823,4.0,10.0,3.0,9.0,3.0,3.0,0.30000000000000004,0.5,40.0,399,8102.5,115,22,3,1,140
241823,4.0,10.0,3.0,9.0,3.0,3.0,0.30000000000000004,0.5,40.0,400,8170.0,116,23,4,1,143
241823,4.0,10.0,3.0,9.0,3.0,3.0,0.30000000000000004,0.5,40.0,401,8200.0,119,24,4,1,147
241823,4.0,10.0,3.0,9.0,3.0,3.0,0.30000000000000004,0.5,40.0,402,8410.0,123,23,4,1,150
241823,4.0,10.0,3.0,9.0,3.0,3.0,0.30000000000000004,0.5,40.0,403,8650.0,123,24,4,1,151
241823,4.0,10.0,3.0,9.0,3.0,3.0,0.30000000000000004,0.5,40.0,404,8860.0,119,25,4,1,148
241823,4.0,10.0,3.0,9.0,3.0,3.0,0.30000000000000004,0.5,40.0,405,8770.0,120,26,4,2,150
241823,4.0,10.0,3.0,9.0,3.0,3.0,0.30000000000000004,0.5,40.0,406,8770.0,121,26,4,2,151
241823,4.0,10.0,3.0,9.0,3.0,3.0,0.30000000000000004,0.5,40.0,407,8830.0,124,26,4,2,154
241823,4.0,10.0,3.0,9.0,3.0,3.0,0.30000000000000004,0.5,40.0,408,9040.0,124,27,4,2,155
241823,4.0,10.0,3.0,9.0,3.0,3.0,0.30000000000000004,0.5,40.0,409,9250.0,122,28,4,2,154
241823,4.0,10.0,3.0,9.0,3.0,3.0,0.30000000000000004,0.5,40.0,410,9190.0,122,28,4,2,154
241823,4.0,10.0,3.0,9.0,3.0,3.0,0.30000000000000004,0.5,40.0,411,9250.0,120,28,4,2,152
241823,4.0,10.0,3.0,9.0,3.0,3.0,0.30000000000000004,0.5,40.0,412,9070.0,116,27,4,2,147
241823,4.0,10.0,3.0,9.0,3.0,3.0,0.30000000000000004,0.5,40.0,413,9070.0,113,29,4,2,146
241823,4.0,10.0,3.0,9.0,3.0,3.0,0.30000000000000004,0.5,40.0,414,9010.0,112,28,5,2,145
241823,4.0,10.0,3.0,9.0,3.0,3.0,0.30000000000000004,0.5,40.0,415,8920.0,110,30,5,2,145
241823,4.0,10.0,3.0,9.0,3.0,3.0,0.30000000000000004,0.5,40.0,416,8830.0,110,30,5,2,145
241823,4.0,10.0,3.0,9.0,3.0,3.0,0.30000000000000004,0.5,40.0,417,8800.0,110,31,4,2,145
241823,4.0,10.0,3.0,9.0,3.0,3.0,0.30000000000000004,0.5,40.0,418,8740.0,111,29,4,2,144
241823,4.0,10.0,3.0,9.0,3.0,3.0,0.30000000000000004,0.5,40.0,419,8680.0,108,29,4,2,141
241823,4.0,10.0,3.0,9.0,3.0,3.0,0.30000000000000004,0.5,40.0,420,8650.0,102,30,4,2,136
241823,4.0,10.0,3.0,9.0,3.0,3.0,0.30000000000000004,0.5,40.0,421,8350.0,96,29,4,2,129
241823,4.0,10.0,3.0,9.0,3.0,3.0,0.30000000000000004,0.5,40.0,422,8140.0,95,31,4,2,130
241823,4.0,10.0,3.0,9.0,3.0,3.0,0.30000000000000004,0.5,40.0,423,8140.0,97,32,4,1,133
241823,4.0,10.0,3.0,9.0,3.0,3.0,0.30000000000000004,0.5,40.0,424,7900.0,97,31,4,1,132
241823,4.0,10.0,3.0,9.0,3.0,3.0,0.30000000000000004,0.5,40.0,425,7715.0,99,31,3,1,133
241823,4.0,10.0,3.0,9.0,3.0,3.0,0.30000000000000004,0.5,40.0,426,7573.75,97,35,2,1,134
241823,4.0,10.0,3.0,9.0,3.0,3.0,0.30000000000000004,0.5,40.0,427,7367.1875,94,36,2,1,132
241823,4.0,10.0,3.0,9.0,3.0,3.0,0.30000000000000004,0.5,40.0,428,7438.984375,92,37,2,1,131
241823,4.0,10.0,3.0,9.0,3.0,3.0,0.30000000000000004,0.5,40.0,429,7528.73046875,92,35,2,1,129
241823,4.0,10.0,3.0,9.0,3.0,3.0,0.30000000000000004,0.5,40.0,430,7550.9130859375,93,34,2,1,129
241823,4.0,10.0,3.0,9.0,3.0,3.0,0.30000000000000004,0.5,40.0,431,7518.641357421875,92,33,2,0,127
241823,4.0,10.0,3.0,9.0,3.0,3.0,0.30000000000000004,0.5,40.0,432,7478.301696777344,92,36,2,0,130
241823,4.0,10.0,3.0,9.0,3.0,3.0,0.30000000000000004,0.5,40.0,433,7577.87712097168,96,35,2,0,133
241823,4.0,10.0,3.0,9.0,3.0,3.0,0.30000000000000004,0.5,40.0,434,7552.3464012146,102,34,2,0,138
241823,4.0,10.0,3.0,9.0,3.0,3.0,0.30000000000000004,0.5,40.0,435,7730.4330015182495,103,35,2,0,140
241823,4.0,10.0,3.0,9.0,3.0,3.0,0.30000000000000004,0.5,40.0,436,7923.041251897812,105,36,2,0,143
241823,4.0,10.0,3.0,9.0,3.0,3.0,0.30000000000000004,0.5,40.0,437,8583.801564872265,106,36,3,0,145
241823,4.0,10.0,3.0,9.0,3.0,3.0,0.30000000000000004,0.5,40.0,438,8560.0,104,37,3,0,144
241823,4.0,10.0,3.0,9.0,3.0,3.0,0.30000000000000004,0.5,40.0,439,8500.0,105,37,4,0,146
241823,4.0,10.0,3.0,9.0,3.0,3.0,0.30000000000000004,0.5,40.0,440,8440.0,107,37,5,0,149
241823,4.0,10.0,3.0,9.0,3.0,3.0,0.30000000000000004,0.5,40.0,441,8680.0,112,37,5,0,154
241823,4.0,10.0,3.0,9.0,3.0,3.0,0.30000000000000004,0.5,40.0,442,8680.0,113,39,5,0,157
241823,4.0,10.0,3.0,9.0,3.0,3.0,0.30000000000000004,0.5,40.0,443,8950.0,112,39,4,0,155
241823,4.0,10.0,3.0,9.0,3.0,3.0,0.30000000000000004,0.5,40.0,444,9010.0,113,39,5,0,157
241823,4.0,10.0,3.0,9.0,3.0,3.0,0.30000000000000004,0.5,40.0,445,9130.0,113,38,5,0,156
241823,4.0,10.0,3.0,9.0,3.0,3.0,0.30000000000000004,0.5,40.0,446,9130.0,114,38,5,0,157
241823,4.0,10.0,3.0,9.0,3.0,3.0,0.30000000000000004,0.5,40.0,447,8980.0,112,37,5,0,154
241823,4.0,10.0,3.0,9.0,3.0,3.0,0.30000000000000004,0.5,40.0,448,9160.0,110,37,5,0,152
241823,4.0,10.0,3.0,9.0,3.0,3.0,0.30000000000000004,0.5,40.0,449,9010.0,108,38,5,0,151
241823,4.0,10.0,3.0,9.0,3.0,3.0,0.30000000000000004,0.5,40.0,450,9010.0,106,39,5,0,150
241823,4.0,10.0,3.0,9.0,3.0,3.0,0.30000000000000004,0.5,40.0,451,8860.0,102,37,5,0,144
241823,4.0,10.0,3.0,9.0,3.0,3.0,0.30000000000000004,0.5,40.0,452,8920.0,96,37,5,0,138
241823,4.0,10.0,3.0,9.0,3.0,3.0,0.30000000000000004,0.5,40.0,453,9070.0,95,35,5,0,135
241823,4.0,10.0,3.0,9.0,3.0,3.0,0.30000000000000004,0.5,40.0,454,8890.0,95,34,5,0,134
241823,4.0,10.0,3.0,9.0,3.0,3.0,0.30000000000000004,0.5,40.0,455,8830.0,96,34,5,0,135
241823,4.0,10.0,3.0,9.0,3.0,3.0,0.30000000000000004,0.5,40.0,456,8800.0,94,33,4,0,131
241823,4.0,10.0,3.0,9.0,3.0,3.0,0.30000000000000004,0.5,40.0,457,8740.0,94,30,4,0,128
241823,4.0,10.0,3.0,9.0,3.0,3.0,0.30000000000000004,0.5,40.0,458,8560.0,95,30,4,0,129
241823,4.0,10.0,3.0,9.0,3.0,3.0,0.30000000000000004,0.5,40.0,459,8440.0,97,31,5,0,133
241823,4.0,10.0,3.0,9.0,3.0,3.0,0.30000000000000004,0.5,40.0,460,8380.0,93,30,5,0,128
241823,4.0,10.0,3.0,9.0,3.0,3.0,0.30000000000000004,0.5,40.0,461,8320.0,92,31,5,0,128
241823,4.0,10.0,3.0,9.0,3.0,3.0,0.30000000000000004,0.5,40.0,462,8080.0,88,32,5,0,125
241823,4.0,10.0,3.0,9.0,3.0,3.0,0.30000000000000004,0.5,40.0,463,8020.0,90,33,7,0,130
241823,4.0,10.0,3.0,9.0,3.0,3.0,0.30000000000000004,0.5,40.0,464,7690.0,89,32,8,0,129
241823,4.0,10.0,3.0,9.0,3.0,3.0,0.30000000000000004,0.5,40.0,465,7332.5,91,32,7,0,130
241823,4.0,10.0,3.0,9.0,3.0,3.0,0.30000000000000004,0.5,40.0,466,6945.625,89,33,7,0,129
241823,4.0,10.0,3.0,9.0,3.0,3.0,0.30000000000000004,0.5,40.0,467,6942.03125,88,34,7,0,129
241823,4.0,10.0,3.0,9.0,3.0,3.0,0.30000000000000004,0.5,40.0,468,7117.5390625,90,35,7,0,132
241823,4.0,10.0,3.0,9.0,3.0,3.0,0.30000000000000004,0.5,40.0,469,7426.923828125,87,37,7,0,131
241823,4.0,10.0,3.0,9.0,3.0,3.0,0.30000000000000004,0.5,40.0,470,7933.65478515625,84,36,7,0,127
241823,4.0,10.0,3.0,9.0,3.0,3.0,0.30000000000000004,0.5,40.0,471,8387.068481445312,82,36,8,0,126
241823,4.0,10.0,3.0,9.0,3.0,3.0,0.30000000000000004,0.5,40.0,472,8620.0,84,36,8,0,128
241823,4.0,10.0,3.0,9.0,3.0,3.0,0.30000000000000004,0.5,40.0,473,8500.0,87,36,8,0,131
241823,4.0,10.0,3.0,9.0,3.0,3.0,0.30000000000000004,0.5,40.0,474,8530.0,85,37,8,0,130
241823,4.0,10.0,3.0,9.0,3.0,3.0,0.30000000000000004,0.5,40.0,475,8530.0,85,36,8,0,129
241823,4.0,10.0,3.0,9.0,3.0,3.0,0.30000000000000004,0.5,40.0,476,8500.0,87,35,9,0,131
241823,4.0,10.0,3.0,9.0,3.0,3.0,0.30000000000000004,0.5,40.0,477,8440.0,89,35,10,0,134
241823,4.0,10.0,3.0,9.0,3.0,3.0,0.30000000000000004,0.5,40.0,478,8260.0,95,36,10,0,141
241823,4.0,10.0,3.0,9.0,3.0,3.0,0.30000000000000004,0.5,40.0,479,8110.0,94,38,9,0,141
241823,4.0,10.0,3.0,9.0,3.0,3.0,0.30000000000000004,0.5,40.0,480,8050.0,95,37,9,0,142
241823,4.0,10.0,3.0,9.0,3.0,3.0,0.30000000000000004,0.5,40.0,481,8260.0,98,37,9,0,145
241823,4.0,10.0,3.0,9.0,3.0,3.0,0.30000000000000004,0.5,40.0,482,8410.0,100,40,9,0,150
241823,4.0,10.0,3.0,9.0,3.0,3.0,0.30000000000000004,0.5,40.0,483,8590.0,103,40,9,0,153
241823,4.0,10.0,3.0,9.0,3.0,3.0,0.30000000000000004,0.5,40.0,484,8770.0,104,39,9,0,153
241823,4.0,10.0,3.0,9.0,3.0,3.0,0.30000000000000004,0.5,40.0,485,8830.0,102,39,9,0,151
241823,4.0,10.0,3.0,9.0,3.0,3.0,0.30000000000000004,0.5,40.0,486,8860.0,100,40,9,0,150
241823,4.0,10.0,3.0,9.0,3.0,3.0,0.30000000000000004,0.5,40.0,487,8710.0,98,38,9,0,146
241823,4.0,10.0,3.0,9.0,3.0,3.0,0.30000000000000004,0.5,40.0,488,8740.0,97,39,9,0,146
241823,4.0,10.0,3.0,9.0,3.0,3.0,0.30000000000000004,0.5,40.0,489,8590.0,100,41,8,0,150
241823,4.0,10.0,3.0,9.0,3.0,3.0,0.30000000000000004,0.5,40.0,490,8680.0,95,40,8,0,144
241823,4.0,10.0,3.0,9.0,3.0,3.0,0.30000000000000004,0.5,40.0,491,8500.0,95,41,8,0,145
241823,4.0,10.0,3.0,9.0,3.0,3.0,0.30000000000000004,0.5,40.0,492,8530.0,93,41,7,0,142
241823,4.0,10.0,3.0,9.0,3.0,3.0,0.30000000000000004,0.5,40.0,493,8590.0,91,42,6,0,140
241823,4.0,10.0,3.0,9.0,3.0,3.0,0.30000000000000004,0.5,40.0,494,8350.0,91,42,8,0,142
241823,4.0,10.0,3.0,9.0,3.0,3.0,0.30000000000000004,0.5,40.0,495,8200.0,92,40,8,1,141
241823,4.0,10.0,3.0,9.0,3.0,3.0,0.30000000000000004,0.5,40.0,496,8110.0,92,41,9,1,143
241823,4.0,10.0,3.0,9.0,3.0,3.0,0.30000000000000004,0.5,40.0,497,8260.0,93,43,9,1,146
241823,4.0,10.0,3.0,9.0,3.0,3.0,0.30000000000000004,0.5,40.0,498,8260.0,92,43,9,1,145
241823,4.0,10.0,3.0,9.0,3.0,3.0,0.30000000000000004,0.5,40.0,499,8530.0,94,47,10,1,152