Exp Num,agent:svo_convergence_factor,agent:params:metabolism,agent:params:consumption_factor,agent:params:procreate_cost_factor,agent:params:procreate_req_factor,agent:params:start_energy_factor,agent:params:caught_chance,agent:params:caught_cooldown_factor,agent:params:maximum_age,Epoch,Resource,A,B,C,D,E
22485,1.0,5.0,4.0,9.0,3.0,3.0,0.5,0.30000000000000004,10.0,0,3660.0,20,28,6,25,75
22485,1.0,5.0,4.0,9.0,3.0,3.0,0.5,0.30000000000000004,10.0,1,3775.0,20,28,6,25,75
22485,1.0,5.0,4.0,9.0,3.0,3.0,0.5,0.30000000000000004,10.0,2,3938.75,18,22,5,22,65
22485,1.0,5.0,4.0,9.0,3.0,3.0,0.5,0.30000000000000004,10.0,3,4263.4375,17,21,5,22,63
22485,1.0,5.0,4.0,9.0,3.0,3.0,0.5,0.30000000000000004,10.0,4,4569.296875,17,21,5,22,63
22485,1.0,5.0,4.0,9.0,3.0,3.0,0.5,0.30000000000000004,10.0,5,4811.62109375,17,21,5,22,63
22485,1.0,5.0,4.0,9.0,3.0,3.0,0.5,0.30000000000000004,10.0,6,4894.5263671875,17,17,4,18,57
22485,1.0,5.0,4.0,9.0,3.0,3.0,0.5,0.30000000000000004,10.0,7,4738.157958984375,18,17,7,21,63
22485,1.0,5.0,4.0,9.0,3.0,3.0,0.5,0.30000000000000004,10.0,8,4302.697448730469,18,17,7,22,63
22485,1.0,5.0,4.0,9.0,3.0,3.0,0.5,0.30000000000000004,10.0,9,3738.371810913086,19,17,8,22,65
22485,1.0,5.0,4.0,9.0,3.0,3.0,0.5,0.30000000000000004,10.0,10,3612.9647636413574,12,6,8,19,38
22485,1.0,5.0,4.0,9.0,3.0,3.0,0.5,0.30000000000000004,10.0,11,3776.205954551697,8,3,6,10,26
22485,1.0,5.0,4.0,9.0,3.0,3.0,0.5,0.30000000000000004,10.0,12,4200.257443189621,5,2,7,9,18
22485,1.0,5.0,4.0,9.0,3.0,3.0,0.5,0.30000000000000004,10.0,13,4830.321803987026,4,2,7,9,15
22485,1.0,5.0,4.0,9.0,3.0,3.0,0.5,0.30000000000000004,10.0,14,5617.902254983783,2,2,8,10,14
22485,1.0,5.0,4.0,9.0,3.0,3.0,0.5,0.30000000000000004,10.0,15,6542.3778187297285,2,3,9,10,16
22485,1.0,5.0,4.0,9.0,3.0,3.0,0.5,0.30000000000000004,10.0,16,7657.972273412161,2,3,10,14,17
22485,1.0,5.0,4.0,9.0,3.0,3.0,0.5,0.30000000000000004,10.0,17,8952.4653417652,2,4,12,16,20
22485,1.0,5.0,4.0,9.0,3.0,3.0,0.5,0.30000000000000004,10.0,18,9340.0,2,5,13,15,21
22485,1.0,5.0,4.0,9.0,3.0,3.0,0.5,0.30000000000000004,10.0,19,9320.0,2,5,16,16,23
22485,1.0,5.0,4.0,9.0,3.0,3.0,0.5,0.30000000000000004,10.0,20,9300.0,1,5,17,17,23
22485,1.0,5.0,4.0,9.0,3.0,3.0,0.5,0.30000000000000004,10.0,21,9240.0,1,8,16,18,25
22485,1.0,5.0,4.0,9.0,3.0,3.0,0.5,0.30000000000000004,10.0,22,9220.0,1,7,16,20,24
22485,1.0,5.0,4.0,9.0,3.0,3.0,0.5,0.30000000000000004,10.0,23,9160.0,0,7,18,22,25
22485,1.0,5.0,4.0,9.0,3.0,3.0,0.5,0.30000000000000004,10.0,24,9100.0,0,8,22,22,30
22485,1.0,5.0,4.0,9.0,3.0,3.0,0.5,0.30000000000000004,10.0,25,9000.0,0,8,23,26,31
22485,1.0,5.0,4.0,9.0,3.0,3.0,0.5,0.30000000000000004,10.0,26,8920.0,0,7,25,29,32
22485,1.0,5.0,4.0,9.0,3.0,3.0,0.5,0.30000000000000004,10.0,27,8900.0,0,6,31,26,37
22485,1.0,5.0,4.0,9.0,3.0,3.0,0.5,0.30000000000000004,10.0,28,8780.0,0,5,34,29,39
22485,1.0,5.0,4.0,9.0,3.0,3.0,0.5,0.30000000000000004,10.0,29,8740.0,0,5,37,29,42
22485,1.0,5.0,4.0,9.0,3.0,3.0,0.5,0.30000000000000004,10.0,30,8640.0,0,4,45,30,49
22485,1.0,5.0,4.0,9.0,3.0,3.0,0.5,0.30000000000000004,10.0,31,8520.0,0,4,48,32,52
22485,1.0,5.0,4.0,9.0,3.0,3.0,0.5,0.30000000000000004,10.0,32,8420.0,0,2,51,34,53
22485,1.0,5.0,4.0,9.0,3.0,3.0,0.5,0.30000000000000004,10.0,33,8400.0,0,1,61,31,62
22485,1.0,5.0,4.0,9.0,3.0,3.0,0.5,0.30000000000000004,10.0,34,8220.0,0,1,68,33,69
22485,1.0,5.0,4.0,9.0,3.0,3.0,0.5,0.30000000000000004,10.0,35,8080.0,0,1,72,31,73
22485,1.0,5.0,4.0,9.0,3.0,3.0,0.5,0.30000000000000004,10.0,36,8040.0,0,1,81,33,82
22485,1.0,5.0,4.0,9.0,3.0,3.0,0.5,0.30000000000000004,10.0,37,7780.0,0,0,93,34,93
22485,1.0,5.0,4.0,9.0,3.0,3.0,0.5,0.30000000000000004,10.0,38,7365.0,0,0,98,32,98
22485,1.0,5.0,4.0,9.0,3.0,3.0,0.5,0.30000000000000004,10.0,39,6786.25,0,0,110,30,110
22485,1.0,5.0,4.0,9.0,3.0,3.0,0.5,0.30000000000000004,10.0,40,5862.8125,0,0,119,31,119
22485,1.0,5.0,4.0,9.0,3.0,3.0,0.5,0.30000000000000004,10.0,41,5508.515625,0,0,121,30,121
22485,1.0,5.0,4.0,9.0,3.0,3.0,0.5,0.30000000000000004,10.0,42,5545.64453125,0,0,122,27,122
22485,1.0,5.0,4.0,9.0,3.0,3.0,0.5,0.30000000000000004,10.0,43,5652.0556640625,0,0,121,28,121
22485,1.0,5.0,4.0,9.0,3.0,3.0,0.5,0.30000000000000004,10.0,44,5725.069580078125,0,0,120,24,120
22485,1.0,5.0,4.0,9.0,3.0,3.0,0.5,0.30000000000000004,10.0,45,5796.336975097656,0,0,127,20,127
22485,1.0,5.0,4.0,9.0,3.0,3.0,0.5,0.30000000000000004,10.0,46,5885.42121887207,0,0,120,20,120
22485,1.0,5.0,4.0,9.0,3.0,3.0,0.5,0.30000000000000004,10.0,47,5876.776523590088,0,0,117,20,117
22485,1.0,5.0,4.0,9.0,3.0,3.0,0.5,0.30000000000000004,10.0,48,5865.97065448761,0,0,115,16,115
22485,1.0,5.0,4.0,9.0,3.0,3.0,0.5,0.30000000000000004,10.0,49,5732.463318109512,0,0,109,16,109
22485,1.0,5.0,4.0,9.0,3.0,3.0,0.5,0.30000000000000004,10.0,50,5405.57914763689,0,0,109,15,109
22485,1.0,5.0,4.0,9.0,3.0,3.0,0.5,0.30000000000000004,10.0,51,5076.973934546113,0,0,107,12,107
22485,1.0,5.0,4.0,9.0,3.0,3.0,0.5,0.30000000000000004,10.0,52,4506.217418182641,0,0,104,12,104
22485,1.0,5.0,4.0,9.0,3.0,3.0,0.5,0.30000000000000004,10.0,53,4112.771772728302,0,0,105,12,105
22485,1.0,5.0,4.0,9.0,3.0,3.0,0.5,0.30000000000000004,10.0,54,4240.964715910377,0,0,107,10,107
22485,1.0,5.0,4.0,9.0,3.0,3.0,0.5,0.30000000000000004,10.0,55,4381.205894887971,0,0,105,8,105
22485,1.0,5.0,4.0,9.0,3.0,3.0,0.5,0.30000000000000004,10.0,56,4676.507368609964,0,0,101,8,101
22485,1.0,5.0,4.0,9.0,3.0,3.0,0.5,0.30000000000000004,10.0,57,5085.634210762455,0,0,99,8,99
22485,1.0,5.0,4.0,9.0,3.0,3.0,0.5,0.30000000000000004,10.0,58,5517.042763453069,0,0,93,7,93
22485,1.0,5.0,4.0,9.0,3.0,3.0,0.5,0.30000000000000004,10.0,59,5696.303454316336,0,0,89,5,89
22485,1.0,5.0,4.0,9.0,3.0,3.0,0.5,0.30000000000000004,10.0,60,5780.37931789542,0,0,96,3,96
22485,1.0,5.0,4.0,9.0,3.0,3.0,0.5,0.30000000000000004,10.0,61,5665.474147369276,0,0,91,4,91
22485,1.0,5.0,4.0,9.0,3.0,3.0,0.5,0.30000000000000004,10.0,62,5501.842684211595,0,0,90,3,90
22485,1.0,5.0,4.0,9.0,3.0,3.0,0.5,0.30000000000000004,10.0,63,5277.303355264494,0,0,91,3,91
22485,1.0,5.0,4.0,9.0,3.0,3.0,0.5,0.30000000000000004,10.0,64,5016.629194080617,0,0,85,3,85
22485,1.0,5.0,4.0,9.0,3.0,3.0,0.5,0.30000000000000004,10.0,65,4750.786492600771,0,0,80,3,80
22485,1.0,5.0,4.0,9.0,3.0,3.0,0.5,0.30000000000000004,10.0,66,4378.483115750964,0,0,89,1,89
22485,1.0,5.0,4.0,9.0,3.0,3.0,0.5,0.30000000000000004,10.0,67,3753.1038946887056,0,0,96,2,96
22485,1.0,5.0,4.0,9.0,3.0,3.0,0.5,0.30000000000000004,10.0,68,3491.379868360882,0,0,91,2,91
22485,1.0,5.0,4.0,9.0,3.0,3.0,0.5,0.30000000000000004,10.0,69,3524.224835451103,0,0,96,2,96
22485,1.0,5.0,4.0,9.0,3.0,3.0,0.5,0.30000000000000004,10.0,70,3665.2810443138787,0,0,94,2,94
22485,1.0,5.0,4.0,9.0,3.0,3.0,0.5,0.30000000000000004,10.0,71,3761.601305392349,0,0,96,2,96
22485,1.0,5.0,4.0,9.0,3.0,3.0,0.5,0.30000000000000004,10.0,72,3922.001631740436,0,0,93,1,93
22485,1.0,5.0,4.0,9.0,3.0,3.0,0.5,0.30000000000000004,10.0,73,3882.5020396755453,0,0,93,1,93
22485,1.0,5.0,4.0,9.0,3.0,3.0,0.5,0.30000000000000004,10.0,74,3853.127549594432,0,0,88,1,88
22485,1.0,5.0,4.0,9.0,3.0,3.0,0.5,0.30000000000000004,10.0,75,3776.40943699304,0,0,90,1,90
22485,1.0,5.0,4.0,9.0,3.0,3.0,0.5,0.30000000000000004,10.0,76,3660.5117962412996,0,0,86,1,86
22485,1.0,5.0,4.0,9.0,3.0,3.0,0.5,0.30000000000000004,10.0,77,3415.6397453016243,0,0,81,1,81
22485,1.0,5.0,4.0,9.0,3.0,3.0,0.5,0.30000000000000004,10.0,78,3189.5496816270306,0,0,78,1,78
22485,1.0,5.0,4.0,9.0,3.0,3.0,0.5,0.30000000000000004,10.0,79,2866.9371020337885,0,0,82,1,82
22485,1.0,5.0,4.0,9.0,3.0,3.0,0.5,0.30000000000000004,10.0,80,2983.671377542236,0,0,80,0,80
22485,1.0,5.0,4.0,9.0,3.0,3.0,0.5,0.30000000000000004,10.0,81,3049.589221927795,0,0,71,0,71
22485,1.0,5.0,4.0,9.0,3.0,3.0,0.5,0.30000000000000004,10.0,82,3171.9865274097438,0,0,72,0,72
22485,1.0,5.0,4.0,9.0,3.0,3.0,0.5,0.30000000000000004,10.0,83,3404.9831592621795,0,0,71,0,71
22485,1.0,5.0,4.0,9.0,3.0,3.0,0.5,0.30000000000000004,10.0,84,3676.228949077724,0,0,65,0,65
22485,1.0,5.0,4.0,9.0,3.0,3.0,0.5,0.30000000000000004,10.0,85,3755.2861863471553,0,0,65,0,65
22485,1.0,5.0,4.0,9.0,3.0,3.0,0.5,0.30000000000000004,10.0,86,3854.107732933944,0,0,64,0,64
22485,1.0,5.0,4.0,9.0,3.0,3.0,0.5,0.30000000000000004,10.0,87,3817.6346661674306,0,0,61,0,61
22485,1.0,5.0,4.0,9.0,3.0,3.0,0.5,0.30000000000000004,10.0,88,3792.0433327092887,0,0,57,0,57
22485,1.0,5.0,4.0,9.0,3.0,3.0,0.5,0.30000000000000004,10.0,89,3800.0541658866114,0,0,56,0,56
22485,1.0,5.0,4.0,9.0,3.0,3.0,0.5,0.30000000000000004,10.0,90,3710.0677073582647,0,0,59,0,59
22485,1.0,5.0,4.0,9.0,3.0,3.0,0.5,0.30000000000000004,10.0,91,3597.5846341978304,0,0,57,0,57
22485,1.0,5.0,4.0,9.0,3.0,3.0,0.5,0.30000000000000004,10.0,92,3436.9807927472884,0,0,60,0,60
22485,1.0,5.0,4.0,9.0,3.0,3.0,0.5,0.30000000000000004,10.0,93,3196.22599093411,0,0,64,0,64
22485,1.0,5.0,4.0,9.0,3.0,3.0,0.5,0.30000000000000004,10.0,94,2755.2824886676376,0,0,68,0,68
22485,1.0,5.0,4.0,9.0,3.0,3.0,0.5,0.30000000000000004,10.0,95,2604.103110834547,0,0,72,0,72
22485,1.0,5.0,4.0,9.0,3.0,3.0,0.5,0.30000000000000004,10.0,96,2615.1288885431836,0,0,76,0,76
22485,1.0,5.0,4.0,9.0,3.0,3.0,0.5,0.30000000000000004,10.0,97,2828.9111106789796,0,0,73,0,73
22485,1.0,5.0,4.0,9.0,3.0,3.0,0.5,0.30000000000000004,10.0,98,3036.1388883487243,0,0,65,0,65
22485,1.0,5.0,4.0,9.0,3.0,3.0,0.5,0.30000000000000004,10.0,99,3335.173610435905,0,0,63,0,63
22485,1.0,5.0,4.0,9.0,3.0,3.0,0.5,0.30000000000000004,10.0,100,3448.9670130448812,0,0,62,0,62
22485,1.0,5.0,4.0,9.0,3.0,3.0,0.5,0.30000000000000004,10.0,101,3431.208766306101,0,0,61,0,61
22485,1.0,5.0,4.0,9.0,3.0,3.0,0.5,0.30000000000000004,10.0,102,3369.010957882627,0,0,58,0,58
22485,1.0,5.0,4.0,9.0,3.0,3.0,0.5,0.30000000000000004,10.0,103,3251.2636973532835,0,0,60,0,60
22485,1.0,5.0,4.0,9.0,3.0,3.0,0.5,0.30000000000000004,10.0,104,3064.079621691604,0,0,54,0,54
22485,1.0,5.0,4.0,9.0,3.0,3.0,0.5,0.30000000000000004,10.0,105,2890.0995271145052,0,0,51,0,51
22485,1.0,5.0,4.0,9.0,3.0,3.0,0.5,0.30000000000000004,10.0,106,2632.6244088931317,0,0,56,0,56
22485,1.0,5.0,4.0,9.0,3.0,3.0,0.5,0.30000000000000004,10.0,107,2290.7805111164143,0,0,56,0,56
22485,1.0,5.0,4.0,9.0,3.0,3.0,0.5,0.30000000000000004,10.0,108,1983.475638895518,0,0,59,0,59
22485,1.0,5.0,4.0,9.0,3.0,3.0,0.5,0.30000000000000004,10.0,109,2079.3445486193973,0,0,58,0,58
22485,1.0,5.0,4.0,9.0,3.0,3.0,0.5,0.30000000000000004,10.0,110,2319.1806857742467,0,0,54,0,54
22485,1.0,5.0,4.0,9.0,3.0,3.0,0.5,0.30000000000000004,10.0,111,2518.9758572178084,0,0,51,0,51
22485,1.0,5.0,4.0,9.0,3.0,3.0,0.5,0.30000000000000004,10.0,112,2788.7198215222606,0,0,49,0,49
22485,1.0,5.0,4.0,9.0,3.0,3.0,0.5,0.30000000000000004,10.0,113,2945.8997769028256,0,0,49,0,49
22485,1.0,5.0,4.0,9.0,3.0,3.0,0.5,0.30000000000000004,10.0,114,2982.3747211285317,0,0,48,0,48
22485,1.0,5.0,4.0,9.0,3.0,3.0,0.5,0.30000000000000004,10.0,115,3007.9684014106647,0,0,48,0,48
22485,1.0,5.0,4.0,9.0,3.0,3.0,0.5,0.30000000000000004,10.0,116,3059.9605017633307,0,0,43,0,43
22485,1.0,5.0,4.0,9.0,3.0,3.0,0.5,0.30000000000000004,10.0,117,3084.9506272041635,0,0,40,0,40
22485,1.0,5.0,4.0,9.0,3.0,3.0,0.5,0.30000000000000004,10.0,118,3136.1882840052044,0,0,40,0,40
22485,1.0,5.0,4.0,9.0,3.0,3.0,0.5,0.30000000000000004,10.0,119,3180.2353550065054,0,0,42,0,42
22485,1.0,5.0,4.0,9.0,3.0,3.0,0.5,0.30000000000000004,10.0,120,3295.2941937581318,0,0,37,0,37
22485,1.0,5.0,4.0,9.0,3.0,3.0,0.5,0.30000000000000004,10.0,121,3439.1177421976645,0,0,39,0,39
22485,1.0,5.0,4.0,9.0,3.0,3.0,0.5,0.30000000000000004,10.0,122,3538.8971777470806,0,0,43,0,43
22485,1.0,5.0,4.0,9.0,3.0,3.0,0.5,0.30000000000000004,10.0,123,3583.6214721838505,0,0,48,0,48
22485,1.0,5.0,4.0,9.0,3.0,3.0,0.5,0.30000000000000004,10.0,124,3579.5268402298134,0,0,52,0,52
22485,1.0,5.0,4.0,9.0,3.0,3.0,0.5,0.30000000000000004,10.0,125,3534.4085502872667,0,0,53,0,53
22485,1.0,5.0,4.0,9.0,3.0,3.0,0.5,0.30000000000000004,10.0,126,3418.010687859083,0,0,56,0,56
22485,1.0,5.0,4.0,9.0,3.0,3.0,0.5,0.30000000000000004,10.0,127,3192.5133598238535,0,0,60,0,60
22485,1.0,5.0,4.0,9.0,3.0,3.0,0.5,0.30000000000000004,10.0,128,2870.641699779817,0,0,66,0,66
22485,1.0,5.0,4.0,9.0,3.0,3.0,0.5,0.30000000000000004,10.0,129,2468.302124724771,0,0,72,0,72
22485,1.0,5.0,4.0,9.0,3.0,3.0,0.5,0.30000000000000004,10.0,130,2505.377655905964,0,0,66,0,66
22485,1.0,5.0,4.0,9.0,3.0,3.0,0.5,0.30000000000000004,10.0,131,2551.722069882455,0,0,67,0,67
22485,1.0,5.0,4.0,9.0,3.0,3.0,0.5,0.30000000000000004,10.0,132,2629.6525873530686,0,0,68,0,68
22485,1.0,5.0,4.0,9.0,3.0,3.0,0.5,0.30000000000000004,10.0,133,2627.0657341913357,0,0,66,0,66
22485,1.0,5.0,4.0,9.0,3.0,3.0,0.5,0.30000000000000004,10.0,134,2703.8321677391696,0,0,63,0,63
22485,1.0,5.0,4.0,9.0,3.0,3.0,0.5,0.30000000000000004,10.0,135,2719.7902096739617,0,0,63,0,63
22485,1.0,5.0,4.0,9.0,3.0,3.0,0.5,0.30000000000000004,10.0,136,2739.737762092452,0,0,59,0,59
22485,1.0,5.0,4.0,9.0,3.0,3.0,0.5,0.30000000000000004,10.0,137,2684.6722026155653,0,0,60,0,60
22485,1.0,5.0,4.0,9.0,3.0,3.0,0.5,0.30000000000000004,10.0,138,2615.8402532694568,0,0,60,0,60
22485,1.0,5.0,4.0,9.0,3.0,3.0,0.5,0.30000000000000004,10.0,139,2429.800316586821,0,0,55,0,55
22485,1.0,5.0,4.0,9.0,3.0,3.0,0.5,0.30000000000000004,10.0,140,2197.250395733526,0,0,55,0,55
22485,1.0,5.0,4.0,9.0,3.0,3.0,0.5,0.30000000000000004,10.0,141,1926.5629946669078,0,0,57,0,57
22485,1.0,5.0,4.0,9.0,3.0,3.0,0.5,0.30000000000000004,10.0,142,1948.2037433336345,0,0,50,0,50
22485,1.0,5.0,4.0,9.0,3.0,3.0,0.5,0.30000000000000004,10.0,143,2015.254679167043,0,0,49,0,49
22485,1.0,5.0,4.0,9.0,3.0,3.0,0.5,0.30000000000000004,10.0,144,2039.0683489588037,0,0,51,0,51
22485,1.0,5.0,4.0,9.0,3.0,3.0,0.5,0.30000000000000004,10.0,145,2008.8354361985048,0,0,50,0,50
22485,1.0,5.0,4.0,9.0,3.0,3.0,0.5,0.30000000000000004,10.0,146,2051.0442952481308,0,0,49,0,49
22485,1.0,5.0,4.0,9.0,3.0,3.0,0.5,0.30000000000000004,10.0,147,2023.8053690601637,0,0,49,0,49
22485,1.0,5.0,4.0,9.0,3.0,3.0,0.5,0.30000000000000004,10.0,148,1969.7567113252044,0,0,46,0,46
22485,1.0,5.0,4.0,9.0,3.0,3.0,0.5,0.30000000000000004,10.0,149,1902.1958891565055,0,0,43,0,43
22485,1.0,5.0,4.0,9.0,3.0,3.0,0.5,0.30000000000000004,10.0,150,1717.7448614456316,0,0,43,0,43
22485,1.0,5.0,4.0,9.0,3.0,3.0,0.5,0.30000000000000004,10.0,151,1587.1810768070395,0,0,44,0,44
22485,1.0,5.0,4.0,9.0,3.0,3.0,0.5,0.30000000000000004,10.0,152,1583.9763460087993,0,0,43,0,43
22485,1.0,5.0,4.0,9.0,3.0,3.0,0.5,0.30000000000000004,10.0,153,1559.9704325109992,0,0,41,0,41
22485,1.0,5.0,4.0,9.0,3.0,3.0,0.5,0.30000000000000004,10.0,154,1529.9630406387491,0,0,41,0,41
22485,1.0,5.0,4.0,9.0,3.0,3.0,0.5,0.30000000000000004,10.0,155,1592.4538007984365,0,0,38,0,38
22485,1.0,5.0,4.0,9.0,3.0,3.0,0.5,0.30000000000000004,10.0,156,1630.5672509980457,0,0,37,0,37
22485,1.0,5.0,4.0,9.0,3.0,3.0,0.5,0.30000000000000004,10.0,157,1598.2090637475571,0,0,36,0,36
22485,1.0,5.0,4.0,9.0,3.0,3.0,0.5,0.30000000000000004,10.0,158,1597.7613296844465,0,0,35,0,35
22485,1.0,5.0,4.0,9.0,3.0,3.0,0.5,0.30000000000000004,10.0,159,1477.2016621055582,0,0,40,0,40
22485,1.0,5.0,4.0,9.0,3.0,3.0,0.5,0.30000000000000004,10.0,160,1366.5020776319477,0,0,37,0,37
22485,1.0,5.0,4.0,9.0,3.0,3.0,0.5,0.30000000000000004,10.0,161,1268.1275970399347,0,0,34,0,34
22485,1.0,5.0,4.0,9.0,3.0,3.0,0.5,0.30000000000000004,10.0,162,1225.1594962999184,0,0,35,0,35
22485,1.0,5.0,4.0,9.0,3.0,3.0,0.5,0.30000000000000004,10.0,163,1191.449370374898,0,0,32,0,32
22485,1.0,5.0,4.0,9.0,3.0,3.0,0.5,0.30000000000000004,10.0,164,1129.3117129686225,0,0,29,0,29
22485,1.0,5.0,4.0,9.0,3.0,3.0,0.5,0.30000000000000004,10.0,165,1151.639641210778,0,0,30,0,30
22485,1.0,5.0,4.0,9.0,3.0,3.0,0.5,0.30000000000000004,10.0,166,1119.5495515134726,0,0,31,0,31
22485,1.0,5.0,4.0,9.0,3.0,3.0,0.5,0.30000000000000004,10.0,167,1159.4369393918407,0,0,28,0,28
22485,1.0,5.0,4.0,9.0,3.0,3.0,0.5,0.30000000000000004,10.0,168,1149.2961742398008,0,0,28,0,28
22485,1.0,5.0,4.0,9.0,3.0,3.0,0.5,0.30000000000000004,10.0,169,1156.6202177997511,0,0,26,0,26
22485,1.0,5.0,4.0,9.0,3.0,3.0,0.5,0.30000000000000004,10.0,170,1125.775272249689,0,0,25,0,25
22485,1.0,5.0,4.0,9.0,3.0,3.0,0.5,0.30000000000000004,10.0,171,1027.2190903121111,0,0,25,0,25
22485,1.0,5.0,4.0,9.0,3.0,3.0,0.5,0.30000000000000004,10.0,172,904.0238628901388,0,0,25,0,25
22485,1.0,5.0,4.0,9.0,3.0,3.0,0.5,0.30000000000000004,10.0,173,830.0298286126736,0,0,23,0,23
22485,1.0,5.0,4.0,9.0,3.0,3.0,0.5,0.30000000000000004,10.0,174,837.537285765842,0,0,24,0,24
22485,1.0,5.0,4.0,9.0,3.0,3.0,0.5,0.30000000000000004,10.0,175,886.9216072073025,0,0,24,0,24
22485,1.0,5.0,4.0,9.0,3.0,3.0,0.5,0.30000000000000004,10.0,176,928.652009009128,0,0,22,0,22
22485,1.0,5.0,4.0,9.0,3.0,3.0,0.5,0.30000000000000004,10.0,177,1020.8150112614101,0,0,21,0,21
22485,1.0,5.0,4.0,9.0,3.0,3.0,0.5,0.30000000000000004,10.0,178,1116.0187640767626,0,0,20,0,20
22485,1.0,5.0,4.0,9.0,3.0,3.0,0.5,0.30000000000000004,10.0,179,1095.0234550959533,0,0,19,0,19
22485,1.0,5.0,4.0,9.0,3.0,3.0,0.5,0.30000000000000004,10.0,180,1068.7793188699416,0,0,18,0,18
22485,1.0,5.0,4.0,9.0,3.0,3.0,0.5,0.30000000000000004,10.0,181,975.974148587427,0,0,21,0,21
22485,1.0,5.0,4.0,9.0,3.0,3.0,0.5,0.30000000000000004,10.0,182,839.9676857342838,0,0,20,0,20
22485,1.0,5.0,4.0,9.0,3.0,3.0,0.5,0.30000000000000004,10.0,183,689.9596071678548,0,0,21,0,21
22485,1.0,5.0,4.0,9.0,3.0,3.0,0.5,0.30000000000000004,10.0,184,662.4495089598184,0,0,18,0,18
22485,1.0,5.0,4.0,9.0,3.0,3.0,0.5,0.30000000000000004,10.0,185,668.0618861997731,0,0,18,0,18
22485,1.0,5.0,4.0,9.0,3.0,3.0,0.5,0.30000000000000004,10.0,186,675.0773577497164,0,0,17,0,17
22485,1.0,5.0,4.0,9.0,3.0,3.0,0.5,0.30000000000000004,10.0,187,663.8466971871455,0,0,17,0,17
22485,1.0,5.0,4.0,9.0,3.0,3.0,0.5,0.30000000000000004,10.0,188,689.808371483932,0,0,18,0,18
22485,1.0,5.0,4.0,9.0,3.0,3.0,0.5,0.30000000000000004,10.0,189,662.260464354915,0,0,17,0,17
22485,1.0,5.0,4.0,9.0,3.0,3.0,0.5,0.30000000000000004,10.0,190,647.8255804436437,0,0,15,0,15
22485,1.0,5.0,4.0,9.0,3.0,3.0,0.5,0.30000000000000004,10.0,191,649.7819755545547,0,0,17,0,17
22485,1.0,5.0,4.0,9.0,3.0,3.0,0.5,0.30000000000000004,10.0,192,632.2274694431934,0,0,16,0,16
22485,1.0,5.0,4.0,9.0,3.0,3.0,0.5,0.30000000000000004,10.0,193,570.2843368039918,0,0,14,0,14
22485,1.0,5.0,4.0,9.0,3.0,3.0,0.5,0.30000000000000004,10.0,194,532.8554210049897,0,0,14,0,14
22485,1.0,5.0,4.0,9.0,3.0,3.0,0.5,0.30000000000000004,10.0,195,506.0692762562371,0,0,13,0,13
22485,1.0,5.0,4.0,9.0,3.0,3.0,0.5,0.30000000000000004,10.0,196,452.5865953202964,0,0,13,0,13
22485,1.0,5.0,4.0,9.0,3.0,3.0,0.5,0.30000000000000004,10.0,197,405.7332441503705,0,0,14,0,14
22485,1.0,5.0,4.0,9.0,3.0,3.0,0.5,0.30000000000000004,10.0,198,407.1665551879631,0,0,13,0,13
22485,1.0,5.0,4.0,9.0,3.0,3.0,0.5,0.30000000000000004,10.0,199,468.95819398495394,0,0,12,0,12
22485,1.0,5.0,4.0,9.0,3.0,3.0,0.5,0.30000000000000004,10.0,200,566.1977424811924,0,0,11,0,11
22485,1.0,5.0,4.0,9.0,3.0,3.0,0.5,0.30000000000000004,10.0,201,627.7471781014906,0,0,12,0,12
22485,1.0,5.0,4.0,9.0,3.0,3.0,0.5,0.30000000000000004,10.0,202,704.6839726268632,0,0,10,0,10
22485,1.0,5.0,4.0,9.0,3.0,3.0,0.5,0.30000000000000004,10.0,203,780.854965783579,0,0,8,0,8
22485,1.0,5.0,4.0,9.0,3.0,3.0,0.5,0.30000000000000004,10.0,204,876.0687072294738,0,0,8,0,8
22485,1.0,5.0,4.0,9.0,3.0,3.0,0.5,0.30000000000000004,10.0,205,1015.0858840368423,0,0,5,0,5
22485,1.0,5.0,4.0,9.0,3.0,3.0,0.5,0.30000000000000004,10.0,206,1168.8573550460528,0,0,6,0,6
22485,1.0,5.0,4.0,9.0,3.0,3.0,0.5,0.30000000000000004,10.0,207,1361.0716938075661,0,0,5,0,5
22485,1.0,5.0,4.0,9.0,3.0,3.0,0.5,0.30000000000000004,10.0,208,1621.3396172594576,0,0,4,0,4
22485,1.0,5.0,4.0,9.0,3.0,3.0,0.5,0.30000000000000004,10.0,209,1946.674521574322,0,0,5,0,5
22485,1.0,5.0,4.0,9.0,3.0,3.0,0.5,0.30000000000000004,10.0,210,2353.3431519679025,0,0,4,0,4
22485,1.0,5.0,4.0,9.0,3.0,3.0,0.5,0.30000000000000004,10.0,211,2861.6789399598783,0,0,4,0,4
22485,1.0,5.0,4.0,9.0,3.0,3.0,0.5,0.30000000000000004,10.0,212,3517.098674949848,0,0,3,0,3
22485,1.0,5.0,4.0,9.0,3.0,3.0,0.5,0.30000000000000004,10.0,213,4336.37334368731,0,0,4,0,4
22485,1.0,5.0,4.0,9.0,3.0,3.0,0.5,0.30000000000000004,10.0,214,5340.466679609137,0,0,3,0,3
22485,1.0,5.0,4.0,9.0,3.0,3.0,0.5,0.30000000000000004,10.0,215,6615.583349511421,0,0,3,0,3
22485,1.0,5.0,4.0,9.0,3.0,3.0,0.5,0.30000000000000004,10.0,216,8209.479186889277,0,0,4,0,4
22485,1.0,5.0,4.0,9.0,3.0,3.0,0.5,0.30000000000000004,10.0,217,9920.0,0,0,5,0,5
22485,1.0,5.0,4.0,9.0,3.0,3.0,0.5,0.30000000000000004,10.0,218,9920.0,0,0,4,0,4
22485,1.0,5.0,4.0,9.0,3.0,3.0,0.5,0.30000000000000004,10.0,219,9920.0,0,0,5,0,5
22485,1.0,5.0,4.0,9.0,3.0,3.0,0.5,0.30000000000000004,10.0,220,9900.0,0,0,5,0,5
22485,1.0,5.0,4.0,9.0,3.0,3.0,0.5,0.30000000000000004,10.0,221,9900.0,0,0,4,0,4
22485,1.0,5.0,4.0,9.0,3.0,3.0,0.5,0.30000000000000004,10.0,222,9920.0,0,0,6,0,6
22485,1.0,5.0,4.0,9.0,3.0,3.0,0.5,0.30000000000000004,10.0,223,9880.0,0,0,6,0,6
22485,1.0,5.0,4.0,9.0,3.0,3.0,0.5,0.30000000000000004,10.0,224,9900.0,0,0,5,0,5
22485,1.0,5.0,4.0,9.0,3.0,3.0,0.5,0.30000000000000004,10.0,225,9900.0,0,0,7,0,7
22485,1.0,5.0,4.0,9.0,3.0,3.0,0.5,0.30000000000000004,10.0,226,9860.0,0,0,7,0,7
22485,1.0,5.0,4.0,9.0,3.0,3.0,0.5,0.30000000000000004,10.0,227,9880.0,0,0,7,0,7
22485,1.0,5.0,4.0,9.0,3.0,3.0,0.5,0.30000000000000004,10.0,228,9860.0,0,0,8,0,8
22485,1.0,5.0,4.0,9.0,3.0,3.0,0.5,0.30000000000000004,10.0,229,9860.0,0,0,8,0,8
22485,1.0,5.0,4.0,9.0,3.0,3.0,0.5,0.30000000000000004,10.0,230,9840.0,0,0,8,0,8
22485,1.0,5.0,4.0,9.0,3.0,3.0,0.5,0.30000000000000004,10.0,231,9860.0,0,0,9,0,9
22485,1.0,5.0,4.0,9.0,3.0,3.0,0.5,0.30000000000000004,10.0,232,9820.0,0,0,10,0,10
22485,1.0,5.0,4.0,9.0,3.0,3.0,0.5,0.30000000000000004,10.0,233,9820.0,0,0,9,0,9
22485,1.0,5.0,4.0,9.0,3.0,3.0,0.5,0.30000000000000004,10.0,234,9840.0,0,0,10,0,10
22485,1.0,5.0,4.0,9.0,3.0,3.0,0.5,0.30000000000000004,10.0,235,9800.0,0,0,12,0,12
22485,1.0,5.0,4.0,9.0,3.0,3.0,0.5,0.30000000000000004,10.0,236,9780.0,0,0,11,0,11
22485,1.0,5.0,4.0,9.0,3.0,3.0,0.5,0.30000000000000004,10.0,237,9780.0,0,0,14,0,14
22485,1.0,5.0,4.0,9.0,3.0,3.0,0.5,0.30000000000000004,10.0,238,9740.0,0,0,14,0,14
22485,1.0,5.0,4.0,9.0,3.0,3.0,0.5,0.30000000000000004,10.0,239,9740.0,0,0,14,0,14
22485,1.0,5.0,4.0,9.0,3.0,3.0,0.5,0.30000000000000004,10.0,240,9740.0,0,0,16,0,16
22485,1.0,5.0,4.0,9.0,3.0,3.0,0.5,0.30000000000000004,10.0,241,9680.0,0,0,18,0,18
22485,1.0,5.0,4.0,9.0,3.0,3.0,0.5,0.30000000000000004,10.0,242,9700.0,0,0,16,0,16
22485,1.0,5.0,4.0,9.0,3.0,3.0,0.5,0.30000000000000004,10.0,243,9700.0,0,0,17,0,17
22485,1.0,5.0,4.0,9.0,3.0,3.0,0.5,0.30000000000000004,10.0,244,9660.0,0,0,21,0,21
22485,1.0,5.0,4.0,9.0,3.0,3.0,0.5,0.30000000000000004,10.0,245,9580.0,0,0,22,0,22
22485,1.0,5.0,4.0,9.0,3.0,3.0,0.5,0.30000000000000004,10.0,246,9620.0,0,0,22,0,22
22485,1.0,5.0,4.0,9.0,3.0,3.0,0.5,0.30000000000000004,10.0,247,9580.0,0,0,25,0,25
22485,1.0,5.0,4.0,9.0,3.0,3.0,0.5,0.30000000000000004,10.0,248,9540.0,0,0,25,0,25
22485,1.0,5.0,4.0,9.0,3.0,3.0,0.5,0.30000000000000004,10.0,249,9500.0,0,0,26,0,26
22485,1.0,5.0,4.0,9.0,3.0,3.0,0.5,0.30000000000000004,10.0,250,9500.0,0,0,31,0,31
22485,1.0,5.0,4.0,9.0,3.0,3.0,0.5,0.30000000000000004,10.0,251,9420.0,0,0,32,0,32
22485,1.0,5.0,4.0,9.0,3.0,3.0,0.5,0.30000000000000004,10.0,252,9380.0,0,0,34,0,34
22485,1.0,5.0,4.0,9.0,3.0,3.0,0.5,0.30000000000000004,10.0,253,9400.0,0,0,36,0,36
22485,1.0,5.0,4.0,9.0,3.0,3.0,0.5,0.30000000000000004,10.0,254,9320.0,0,0,37,0,37
22485,1.0,5.0,4.0,9.0,3.0,3.0,0.5,0.30000000000000004,10.0,255,9320.0,0,0,37,0,37
22485,1.0,5.0,4.0,9.0,3.0,3.0,0.5,0.30000000000000004,10.0,256,9260.0,0,0,44,0,44
22485,1.0,5.0,4.0,9.0,3.0,3.0,0.5,0.30000000000000004,10.0,257,9160.0,0,0,47,0,47
22485,1.0,5.0,4.0,9.0,3.0,3.0,0.5,0.30000000000000004,10.0,258,9140.0,0,0,48,0,48
22485,1.0,5.0,4.0,9.0,3.0,3.0,0.5,0.30000000000000004,10.0,259,9060.0,0,0,55,0,55
22485,1.0,5.0,4.0,9.0,3.0,3.0,0.5,0.30000000000000004,10.0,260,8980.0,0,0,56,0,56
22485,1.0,5.0,4.0,9.0,3.0,3.0,0.5,0.30000000000000004,10.0,261,8940.0,0,0,61,0,61
22485,1.0,5.0,4.0,9.0,3.0,3.0,0.5,0.30000000000000004,10.0,262,8880.0,0,0,64,0,64
22485,1.0,5.0,4.0,9.0,3.0,3.0,0.5,0.30000000000000004,10.0,263,8780.0,0,0,68,0,68
22485,1.0,5.0,4.0,9.0,3.0,3.0,0.5,0.30000000000000004,10.0,264,8740.0,0,0,73,0,73
22485,1.0,5.0,4.0,9.0,3.0,3.0,0.5,0.30000000000000004,10.0,265,8600.0,0,0,79,0,79
22485,1.0,5.0,4.0,9.0,3.0,3.0,0.5,0.30000000000000004,10.0,266,8520.0,0,0,83,0,83
22485,1.0,5.0,4.0,9.0,3.0,3.0,0.5,0.30000000000000004,10.0,267,8420.0,0,0,91,0,91
22485,1.0,5.0,4.0,9.0,3.0,3.0,0.5,0.30000000000000004,10.0,268,8280.0,0,0,98,0,98
22485,1.0,5.0,4.0,9.0,3.0,3.0,0.5,0.30000000000000004,10.0,269,8140.0,0,0,104,0,104
22485,1.0,5.0,4.0,9.0,3.0,3.0,0.5,0.30000000000000004,10.0,270,8080.0,0,0,110,0,110
22485,1.0,5.0,4.0,9.0,3.0,3.0,0.5,0.30000000000000004,10.0,271,7900.0,0,0,118,0,118
22485,1.0,5.0,4.0,9.0,3.0,3.0,0.5,0.30000000000000004,10.0,272,7735.0,0,0,122,0,122
22485,1.0,5.0,4.0,9.0,3.0,3.0,0.5,0.30000000000000004,10.0,273,7328.75,0,0,132,0,132
22485,1.0,5.0,4.0,9.0,3.0,3.0,0.5,0.30000000000000004,10.0,274,6700.9375,0,0,142,0,142
22485,1.0,5.0,4.0,9.0,3.0,3.0,0.5,0.30000000000000004,10.0,275,5656.171875,0,0,153,0,153
22485,1.0,5.0,4.0,9.0,3.0,3.0,0.5,0.30000000000000004,10.0,276,5430.21484375,0,0,151,0,151
22485,1.0,5.0,4.0,9.0,3.0,3.0,0.5,0.30000000000000004,10.0,277,5527.7685546875,0,0,151,0,151
22485,1.0,5.0,4.0,9.0,3.0,3.0,0.5,0.30000000000000004,10.0,278,5729.710693359375,0,0,151,0,151
22485,1.0,5.0,4.0,9.0,3.0,3.0,0.5,0.30000000000000004,10.0,279,5982.138366699219,0,0,143,0,143
22485,1.0,5.0,4.0,9.0,3.0,3.0,0.5,0.30000000000000004,10.0,280,6317.672958374023,0,0,144,0,144
22485,1.0,5.0,4.0,9.0,3.0,3.0,0.5,0.30000000000000004,10.0,281,6757.091197967529,0,0,137,0,137
22485,1.0,5.0,4.0,9.0,3.0,3.0,0.5,0.30000000000000004,10.0,282,7026.363997459412,0,0,130,0,130
22485,1.0,5.0,4.0,9.0,3.0,3.0,0.5,0.30000000000000004,10.0,283,6982.9549968242645,0,0,120,0,120
22485,1.0,5.0,4.0,9.0,3.0,3.0,0.5,0.30000000000000004,10.0,284,6948.693746030331,0,0,123,0,123
22485,1.0,5.0,4.0,9.0,3.0,3.0,0.5,0.30000000000000004,10.0,285,6665.867182537913,0,0,119,0,119
22485,1.0,5.0,4.0,9.0,3.0,3.0,0.5,0.30000000000000004,10.0,286,6352.333978172392,0,0,112,0,112
22485,1.0,5.0,4.0,9.0,3.0,3.0,0.5,0.30000000000000004,10.0,287,6100.41747271549,0,0,107,0,107
22485,1.0,5.0,4.0,9.0,3.0,3.0,0.5,0.30000000000000004,10.0,288,5725.521840894362,0,0,105,0,105
22485,1.0,5.0,4.0,9.0,3.0,3.0,0.5,0.30000000000000004,10.0,289,5116.902301117952,0,0,118,0,118
22485,1.0,5.0,4.0,9.0,3.0,3.0,0.5,0.30000000000000004,10.0,290,4376.127876397441,0,0,126,0,126
22485,1.0,5.0,4.0,9.0,3.0,3.0,0.5,0.30000000000000004,10.0,291,4610.159845496801,0,0,123,0,123
22485,1.0,5.0,4.0,9.0,3.0,3.0,0.5,0.30000000000000004,10.0,292,4762.699806871001,0,0,121,0,121
22485,1.0,5.0,4.0,9.0,3.0,3.0,0.5,0.30000000000000004,10.0,293,4953.374758588751,0,0,120,0,120
22485,1.0,5.0,4.0,9.0,3.0,3.0,0.5,0.30000000000000004,10.0,294,5191.718448235939,0,0,118,0,118
22485,1.0,5.0,4.0,9.0,3.0,3.0,0.5,0.30000000000000004,10.0,295,5429.648060294923,0,0,112,0,112
22485,1.0,5.0,4.0,9.0,3.0,3.0,0.5,0.30000000000000004,10.0,296,5627.060075368654,0,0,115,0,115
22485,1.0,5.0,4.0,9.0,3.0,3.0,0.5,0.30000000000000004,10.0,297,5633.825094210817,0,0,113,0,113
22485,1.0,5.0,4.0,9.0,3.0,3.0,0.5,0.30000000000000004,10.0,298,5502.281367763521,0,0,105,0,105
22485,1.0,5.0,4.0,9.0,3.0,3.0,0.5,0.30000000000000004,10.0,299,5217.851709704401,0,0,105,0,105
22485,1.0,5.0,4.0,9.0,3.0,3.0,0.5,0.30000000000000004,10.0,300,4922.314637130502,0,0,96,0,96
22485,1.0,5.0,4.0,9.0,3.0,3.0,0.5,0.30000000000000004,10.0,301,4592.893296413127,0,0,95,0,95
22485,1.0,5.0,4.0,9.0,3.0,3.0,0.5,0.30000000000000004,10.0,302,4101.116620516409,0,0,101,0,101
22485,1.0,5.0,4.0,9.0,3.0,3.0,0.5,0.30000000000000004,10.0,303,3546.395775645511,0,0,98,0,98
22485,1.0,5.0,4.0,9.0,3.0,3.0,0.5,0.30000000000000004,10.0,304,3592.9947195568893,0,0,97,0,97
22485,1.0,5.0,4.0,9.0,3.0,3.0,0.5,0.30000000000000004,10.0,305,3611.2433994461117,0,0,98,0,98
22485,1.0,5.0,4.0,9.0,3.0,3.0,0.5,0.30000000000000004,10.0,306,3694.054249307639,0,0,97,0,97
22485,1.0,5.0,4.0,9.0,3.0,3.0,0.5,0.30000000000000004,10.0,307,3797.567811634549,0,0,94,0,94
22485,1.0,5.0,4.0,9.0,3.0,3.0,0.5,0.30000000000000004,10.0,308,3926.959764543186,0,0,93,0,93
22485,1.0,5.0,4.0,9.0,3.0,3.0,0.5,0.30000000000000004,10.0,309,4048.6997056789824,0,0,89,0,89
22485,1.0,5.0,4.0,9.0,3.0,3.0,0.5,0.30000000000000004,10.0,310,4060.8746320987284,0,0,84,0,84
22485,1.0,5.0,4.0,9.0,3.0,3.0,0.5,0.30000000000000004,10.0,311,4036.09329012341,0,0,89,0,89
22485,1.0,5.0,4.0,9.0,3.0,3.0,0.5,0.30000000000000004,10.0,312,3825.116612654263,0,0,92,0,92
22485,1.0,5.0,4.0,9.0,3.0,3.0,0.5,0.30000000000000004,10.0,313,3661.3957658178288,0,0,83,0,83
22485,1.0,5.0,4.0,9.0,3.0,3.0,0.5,0.30000000000000004,10.0,314,3356.744707272286,0,0,80,0,80
22485,1.0,5.0,4.0,9.0,3.0,3.0,0.5,0.30000000000000004,10.0,315,2895.9308840903577,0,0,75,0,75
22485,1.0,5.0,4.0,9.0,3.0,3.0,0.5,0.30000000000000004,10.0,316,2819.913605112947,0,0,78,0,78
22485,1.0,5.0,4.0,9.0,3.0,3.0,0.5,0.30000000000000004,10.0,317,2884.8920063911837,0,0,77,0,77
22485,1.0,5.0,4.0,9.0,3.0,3.0,0.5,0.30000000000000004,10.0,318,3006.1150079889794,0,0,76,0,76
22485,1.0,5.0,4.0,9.0,3.0,3.0,0.5,0.30000000000000004,10.0,319,3097.6437599862243,0,0,76,0,76
22485,1.0,5.0,4.0,9.0,3.0,3.0,0.5,0.30000000000000004,10.0,320,3212.05469998278,0,0,74,0,74
22485,1.0,5.0,4.0,9.0,3.0,3.0,0.5,0.30000000000000004,10.0,321,3335.0683749784753,0,0,72,0,72
22485,1.0,5.0,4.0,9.0,3.0,3.0,0.5,0.30000000000000004,10.0,322,3468.835468723094,0,0,67,0,67
22485,1.0,5.0,4.0,9.0,3.0,3.0,0.5,0.30000000000000004,10.0,323,3436.0443359038672,0,0,66,0,66
22485,1.0,5.0,4.0,9.0,3.0,3.0,0.5,0.30000000000000004,10.0,324,3315.0554198798345,0,0,64,0,64
22485,1.0,5.0,4.0,9.0,3.0,3.0,0.5,0.30000000000000004,10.0,325,3103.819274849793,0,0,62,0,62
22485,1.0,5.0,4.0,9.0,3.0,3.0,0.5,0.30000000000000004,10.0,326,2859.7740935622414,0,0,61,0,61
22485,1.0,5.0,4.0,9.0,3.0,3.0,0.5,0.30000000000000004,10.0,327,2534.717616952802,0,0,62,0,62
22485,1.0,5.0,4.0,9.0,3.0,3.0,0.5,0.30000000000000004,10.0,328,2248.3970211910028,0,0,63,0,63
22485,1.0,5.0,4.0,9.0,3.0,3.0,0.5,0.30000000000000004,10.0,329,2290.496276488753,0,0,62,0,62
22485,1.0,5.0,4.0,9.0,3.0,3.0,0.5,0.30000000000000004,10.0,330,2263.1203456109415,0,0,63,0,63
22485,1.0,5.0,4.0,9.0,3.0,3.0,0.5,0.30000000000000004,10.0,331,2228.900432013677,0,0,58,0,58
22485,1.0,5.0,4.0,9.0,3.0,3.0,0.5,0.30000000000000004,10.0,332,2206.1255400170962,0,0,57,0,57
22485,1.0,5.0,4.0,9.0,3.0,3.0,0.5,0.30000000000000004,10.0,333,2157.65692502137,0,0,59,0,59
22485,1.0,5.0,4.0,9.0,3.0,3.0,0.5,0.30000000000000004,10.0,334,2217.071156276713,0,0,58,0,58
22485,1.0,5.0,4.0,9.0,3.0,3.0,0.5,0.30000000000000004,10.0,335,2331.3389453458913,0,0,54,0,54
22485,1.0,5.0,4.0,9.0,3.0,3.0,0.5,0.30000000000000004,10.0,336,2454.173681682364,0,0,53,0,53
22485,1.0,5.0,4.0,9.0,3.0,3.0,0.5,0.30000000000000004,10.0,337,2527.7171021029553,0,0,53,0,53
22485,1.0,5.0,4.0,9.0,3.0,3.0,0.5,0.30000000000000004,10.0,338,2639.646377628694,0,0,49,0,49
22485,1.0,5.0,4.0,9.0,3.0,3.0,0.5,0.30000000000000004,10.0,339,2579.557972035868,0,0,46,0,46
22485,1.0,5.0,4.0,9.0,3.0,3.0,0.5,0.30000000000000004,10.0,340,2564.4474650448346,0,0,41,0,41
22485,1.0,5.0,4.0,9.0,3.0,3.0,0.5,0.30000000000000004,10.0,341,2585.5593313060435,0,0,38,0,38
22485,1.0,5.0,4.0,9.0,3.0,3.0,0.5,0.30000000000000004,10.0,342,2531.9491641325544,0,0,39,0,39
22485,1.0,5.0,4.0,9.0,3.0,3.0,0.5,0.30000000000000004,10.0,343,2464.936455165693,0,0,42,0,42
22485,1.0,5.0,4.0,9.0,3.0,3.0,0.5,0.30000000000000004,10.0,344,2361.1705689571163,0,0,39,0,39
22485,1.0,5.0,4.0,9.0,3.0,3.0,0.5,0.30000000000000004,10.0,345,2251.4632111963956,0,0,39,0,39
22485,1.0,5.0,4.0,9.0,3.0,3.0,0.5,0.30000000000000004,10.0,346,2054.3290139954943,0,0,45,0,45
22485,1.0,5.0,4.0,9.0,3.0,3.0,0.5,0.30000000000000004,10.0,347,1727.911267494368,0,0,50,0,50
22485,1.0,5.0,4.0,9.0,3.0,3.0,0.5,0.30000000000000004,10.0,348,1839.88908436796,0,0,49,0,49
22485,1.0,5.0,4.0,9.0,3.0,3.0,0.5,0.30000000000000004,10.0,349,1959.8613554599501,0,0,47,0,47
22485,1.0,5.0,4.0,9.0,3.0,3.0,0.5,0.30000000000000004,10.0,350,2089.8266943249378,0,0,46,0,46
22485,1.0,5.0,4.0,9.0,3.0,3.0,0.5,0.30000000000000004,10.0,351,2332.2833679061723,0,0,45,0,45
22485,1.0,5.0,4.0,9.0,3.0,3.0,0.5,0.30000000000000004,10.0,352,2475.3542098827156,0,0,43,0,43
22485,1.0,5.0,4.0,9.0,3.0,3.0,0.5,0.30000000000000004,10.0,353,2494.1927623533948,0,0,43,0,43
22485,1.0,5.0,4.0,9.0,3.0,3.0,0.5,0.30000000000000004,10.0,354,2437.7409529417437,0,0,41,0,41
22485,1.0,5.0,4.0,9.0,3.0,3.0,0.5,0.30000000000000004,10.0,355,2347.1761911771796,0,0,40,0,40
22485,1.0,5.0,4.0,9.0,3.0,3.0,0.5,0.30000000000000004,10.0,356,2273.9702389714744,0,0,37,0,37
22485,1.0,5.0,4.0,9.0,3.0,3.0,0.5,0.30000000000000004,10.0,357,2202.462798714343,0,0,35,0,35
22485,1.0,5.0,4.0,9.0,3.0,3.0,0.5,0.30000000000000004,10.0,358,2113.078498392929,0,0,39,0,39
22485,1.0,5.0,4.0,9.0,3.0,3.0,0.5,0.30000000000000004,10.0,359,1921.3481229911613,0,0,39,0,39
22485,1.0,5.0,4.0,9.0,3.0,3.0,0.5,0.30000000000000004,10.0,360,1701.6851537389516,0,0,38,0,38
22485,1.0,5.0,4.0,9.0,3.0,3.0,0.5,0.30000000000000004,10.0,361,1467.1064421736896,0,0,44,0,44
22485,1.0,5.0,4.0,9.0,3.0,3.0,0.5,0.30000000000000004,10.0,362,1553.8830527171122,0,0,44,0,44
22485,1.0,5.0,4.0,9.0,3.0,3.0,0.5,0.30000000000000004,10.0,363,1702.3538158963902,0,0,42,0,42
22485,1.0,5.0,4.0,9.0,3.0,3.0,0.5,0.30000000000000004,10.0,364,1947.9422698704875,0,0,40,0,40
22485,1.0,5.0,4.0,9.0,3.0,3.0,0.5,0.30000000000000004,10.0,365,2194.9278373381094,0,0,39,0,39
22485,1.0,5.0,4.0,9.0,3.0,3.0,0.5,0.30000000000000004,10.0,366,2403.6597966726367,0,0,38,0,38
22485,1.0,5.0,4.0,9.0,3.0,3.0,0.5,0.30000000000000004,10.0,367,2644.574745840796,0,0,34,0,34
22485,1.0,5.0,4.0,9.0,3.0,3.0,0.5,0.30000000000000004,10.0,368,2885.718432300995,0,0,33,0,33
22485,1.0,5.0,4.0,9.0,3.0,3.0,0.5,0.30000000000000004,10.0,369,3167.148040376244,0,0,28,0,28
22485,1.0,5.0,4.0,9.0,3.0,3.0,0.5,0.30000000000000004,10.0,370,3478.9350504703048,0,0,27,0,27
22485,1.0,5.0,4.0,9.0,3.0,3.0,0.5,0.30000000000000004,10.0,371,3868.668813087881,0,0,26,0,26
22485,1.0,5.0,4.0,9.0,3.0,3.0,0.5,0.30000000000000004,10.0,372,4415.836016359852,0,0,24,0,24
22485,1.0,5.0,4.0,9.0,3.0,3.0,0.5,0.30000000000000004,10.0,373,5119.795020449815,0,0,22,0,22
22485,1.0,5.0,4.0,9.0,3.0,3.0,0.5,0.30000000000000004,10.0,374,5999.743775562269,0,0,21,0,21
22485,1.0,5.0,4.0,9.0,3.0,3.0,0.5,0.30000000000000004,10.0,375,7119.679719452835,0,0,21,0,21
22485,1.0,5.0,4.0,9.0,3.0,3.0,0.5,0.30000000000000004,10.0,376,8479.599649316044,0,0,26,0,26
22485,1.0,5.0,4.0,9.0,3.0,3.0,0.5,0.30000000000000004,10.0,377,9500.0,0,0,27,0,27
22485,1.0,5.0,4.0,9.0,3.0,3.0,0.5,0.30000000000000004,10.0,378,9500.0,0,0,27,0,27
22485,1.0,5.0,4.0,9.0,3.0,3.0,0.5,0.30000000000000004,10.0,379,9500.0,0,0,32,0,32
22485,1.0,5.0,4.0,9.0,3.0,3.0,0.5,0.30000000000000004,10.0,380,9360.0,0,0,35,0,35
22485,1.0,5.0,4.0,9.0,3.0,3.0,0.5,0.30000000000000004,10.0,381,9360.0,0,0,34,0,34
22485,1.0,5.0,4.0,9.0,3.0,3.0,0.5,0.30000000000000004,10.0,382,9360.0,0,0,40,0,40
22485,1.0,5.0,4.0,9.0,3.0,3.0,0.5,0.30000000000000004,10.0,383,9220.0,0,0,43,0,43
22485,1.0,5.0,4.0,9.0,3.0,3.0,0.5,0.30000000000000004,10.0,384,9200.0,0,0,43,0,43
22485,1.0,5.0,4.0,9.0,3.0,3.0,0.5,0.30000000000000004,10.0,385,9240.0,0,0,45,0,45
22485,1.0,5.0,4.0,9.0,3.0,3.0,0.5,0.30000000000000004,10.0,386,9120.0,0,0,51,0,51
22485,1.0,5.0,4.0,9.0,3.0,3.0,0.5,0.30000000000000004,10.0,387,9040.0,0,0,52,0,52
22485,1.0,5.0,4.0,9.0,3.0,3.0,0.5,0.30000000000000004,10.0,388,9020.0,0,0,58,0,58
22485,1.0,5.0,4.0,9.0,3.0,3.0,0.5,0.30000000000000004,10.0,389,8860.0,0,0,65,0,65
22485,1.0,5.0,4.0,9.0,3.0,3.0,0.5,0.30000000000000004,10.0,390,8840.0,0,0,63,0,63
22485,1.0,5.0,4.0,9.0,3.0,3.0,0.5,0.30000000000000004,10.0,391,8800.0,0,0,70,0,70
22485,1.0,5.0,4.0,9.0,3.0,3.0,0.5,0.30000000000000004,10.0,392,8700.0,0,0,75,0,75
22485,1.0,5.0,4.0,9.0,3.0,3.0,0.5,0.30000000000000004,10.0,393,8560.0,0,0,79,0,79
22485,1.0,5.0,4.0,9.0,3.0,3.0,0.5,0.30000000000000004,10.0,394,8560.0,0,0,83,0,83
22485,1.0,5.0,4.0,9.0,3.0,3.0,0.5,0.30000000000000004,10.0,395,8380.0,0,0,93,0,93
22485,1.0,5.0,4.0,9.0,3.0,3.0,0.5,0.30000000000000004,10.0,396,8300.0,0,0,93,0,93
22485,1.0,5.0,4.0,9.0,3.0,3.0,0.5,0.30000000000000004,10.0,397,8220.0,0,0,104,0,104
22485,1.0,5.0,4.0,9.0,3.0,3.0,0.5,0.30000000000000004,10.0,398,8020.0,0,0,112,0,112
22485,1.0,5.0,4.0,9.0,3.0,3.0,0.5,0.30000000000000004,10.0,399,7920.0,0,0,117,0,117
22485,1.0,5.0,4.0,9.0,3.0,3.0,0.5,0.30000000000000004,10.0,400,7660.0,0,0,129,0,129
22485,1.0,5.0,4.0,9.0,3.0,3.0,0.5,0.30000000000000004,10.0,401,7175.0,0,0,134,0,134
22485,1.0,5.0,4.0,9.0,3.0,3.0,0.5,0.30000000000000004,10.0,402,6488.75,0,0,140,0,140
22485,1.0,5.0,4.0,9.0,3.0,3.0,0.5,0.30000000000000004,10.0,403,5490.9375,0,0,152,0,152
22485,1.0,5.0,4.0,9.0,3.0,3.0,0.5,0.30000000000000004,10.0,404,5383.671875,0,0,158,0,158
22485,1.0,5.0,4.0,9.0,3.0,3.0,0.5,0.30000000000000004,10.0,405,5689.58984375,0,0,151,0,151
22485,1.0,5.0,4.0,9.0,3.0,3.0,0.5,0.30000000000000004,10.0,406,6031.9873046875,0,0,145,0,145
22485,1.0,5.0,4.0,9.0,3.0,3.0,0.5,0.30000000000000004,10.0,407,6559.984130859375,0,0,141,0,141
22485,1.0,5.0,4.0,9.0,3.0,3.0,0.5,0.30000000000000004,10.0,408,7179.980163574219,0,0,142,0,142
22485,1.0,5.0,4.0,9.0,3.0,3.0,0.5,0.30000000000000004,10.0,409,7654.975204467773,0,0,137,0,137
22485,1.0,5.0,4.0,9.0,3.0,3.0,0.5,0.30000000000000004,10.0,410,7828.719005584717,0,0,131,0,131
22485,1.0,5.0,4.0,9.0,3.0,3.0,0.5,0.30000000000000004,10.0,411,7945.898756980896,0,0,122,0,122
22485,1.0,5.0,4.0,9.0,3.0,3.0,0.5,0.30000000000000004,10.0,412,7972.37344622612,0,0,115,0,115
22485,1.0,5.0,4.0,9.0,3.0,3.0,0.5,0.30000000000000004,10.0,413,8025.46680778265,0,0,111,0,111
22485,1.0,5.0,4.0,9.0,3.0,3.0,0.5,0.30000000000000004,10.0,414,8080.0,0,0,109,0,109
22485,1.0,5.0,4.0,9.0,3.0,3.0,0.5,0.30000000000000004,10.0,415,8000.0,0,0,114,0,114
22485,1.0,5.0,4.0,9.0,3.0,3.0,0.5,0.30000000000000004,10.0,416,8000.0,0,0,111,0,111
22485,1.0,5.0,4.0,9.0,3.0,3.0,0.5,0.30000000000000004,10.0,417,7940.0,0,0,117,0,117
22485,1.0,5.0,4.0,9.0,3.0,3.0,0.5,0.30000000000000004,10.0,418,7745.0,0,0,125,0,125
22485,1.0,5.0,4.0,9.0,3.0,3.0,0.5,0.30000000000000004,10.0,419,7261.25,0,0,136,0,136
22485,1.0,5.0,4.0,9.0,3.0,3.0,0.5,0.30000000000000004,10.0,420,6476.5625,0,0,148,0,148
22485,1.0,5.0,4.0,9.0,3.0,3.0,0.5,0.30000000000000004,10.0,421,5635.703125,0,0,159,0,159
22485,1.0,5.0,4.0,9.0,3.0,3.0,0.5,0.30000000000000004,10.0,422,5804.62890625,0,0,155,0,155
22485,1.0,5.0,4.0,9.0,3.0,3.0,0.5,0.30000000000000004,10.0,423,5915.7861328125,0,0,154,0,154
22485,1.0,5.0,4.0,9.0,3.0,3.0,0.5,0.30000000000000004,10.0,424,6014.732666015625,0,0,150,0,150
22485,1.0,5.0,4.0,9.0,3.0,3.0,0.5,0.30000000000000004,10.0,425,6158.415832519531,0,0,144,0,144
22485,1.0,5.0,4.0,9.0,3.0,3.0,0.5,0.30000000000000004,10.0,426,6278.019790649414,0,0,144,0,144
22485,1.0,5.0,4.0,9.0,3.0,3.0,0.5,0.30000000000000004,10.0,427,6287.524738311768,0,0,139,0,139
22485,1.0,5.0,4.0,9.0,3.0,3.0,0.5,0.30000000000000004,10.0,428,6219.4059228897095,0,0,138,0,138
22485,1.0,5.0,4.0,9.0,3.0,3.0,0.5,0.30000000000000004,10.0,429,6194.257403612137,0,0,131,0,131
22485,1.0,5.0,4.0,9.0,3.0,3.0,0.5,0.30000000000000004,10.0,430,5962.821754515171,0,0,132,0,132
22485,1.0,5.0,4.0,9.0,3.0,3.0,0.5,0.30000000000000004,10.0,431,5693.527193143964,0,0,126,0,126
22485,1.0,5.0,4.0,9.0,3.0,3.0,0.5,0.30000000000000004,10.0,432,5236.908991429955,0,0,123,0,123
22485,1.0,5.0,4.0,9.0,3.0,3.0,0.5,0.30000000000000004,10.0,433,4506.1362392874435,0,0,126,0,126
22485,1.0,5.0,4.0,9.0,3.0,3.0,0.5,0.30000000000000004,10.0,434,4472.670299109304,0,0,120,0,120
22485,1.0,5.0,4.0,9.0,3.0,3.0,0.5,0.30000000000000004,10.0,435,4470.83787388663,0,0,119,0,119
22485,1.0,5.0,4.0,9.0,3.0,3.0,0.5,0.30000000000000004,10.0,436,4428.547342358288,0,0,120,0,120
22485,1.0,5.0,4.0,9.0,3.0,3.0,0.5,0.30000000000000004,10.0,437,4375.68417794786,0,0,116,0,116
22485,1.0,5.0,4.0,9.0,3.0,3.0,0.5,0.30000000000000004,10.0,438,4229.605222434825,0,0,111,0,111
22485,1.0,5.0,4.0,9.0,3.0,3.0,0.5,0.30000000000000004,10.0,439,4247.006528043531,0,0,114,0,114
22485,1.0,5.0,4.0,9.0,3.0,3.0,0.5,0.30000000000000004,10.0,440,4168.758160054414,0,0,111,0,111
22485,1.0,5.0,4.0,9.0,3.0,3.0,0.5,0.30000000000000004,10.0,441,4050.947700068017,0,0,107,0,107
22485,1.0,5.0,4.0,9.0,3.0,3.0,0.5,0.30000000000000004,10.0,442,3903.6846250850213,0,0,103,0,103
22485,1.0,5.0,4.0,9.0,3.0,3.0,0.5,0.30000000000000004,10.0,443,3779.6057813562766,0,0,99,0,99
22485,1.0,5.0,4.0,9.0,3.0,3.0,0.5,0.30000000000000004,10.0,444,3564.5072266953457,0,0,96,0,96
22485,1.0,5.0,4.0,9.0,3.0,3.0,0.5,0.30000000000000004,10.0,445,3255.6340333691824,0,0,89,0,89
22485,1.0,5.0,4.0,9.0,3.0,3.0,0.5,0.30000000000000004,10.0,446,3269.542541711478,0,0,87,0,87
22485,1.0,5.0,4.0,9.0,3.0,3.0,0.5,0.30000000000000004,10.0,447,3186.9281771393476,0,0,84,0,84
22485,1.0,5.0,4.0,9.0,3.0,3.0,0.5,0.30000000000000004,10.0,448,3143.6602214241843,0,0,82,0,82
22485,1.0,5.0,4.0,9.0,3.0,3.0,0.5,0.30000000000000004,10.0,449,3029.5752767802305,0,0,83,0,83
22485,1.0,5.0,4.0,9.0,3.0,3.0,0.5,0.30000000000000004,10.0,450,2966.969095975288,0,0,80,0,80
22485,1.0,5.0,4.0,9.0,3.0,3.0,0.5,0.30000000000000004,10.0,451,2968.71136996911,0,0,77,0,77
22485,1.0,5.0,4.0,9.0,3.0,3.0,0.5,0.30000000000000004,10.0,452,2810.8892124613876,0,0,75,0,75
22485,1.0,5.0,4.0,9.0,3.0,3.0,0.5,0.30000000000000004,10.0,453,2833.6115155767347,0,0,69,0,69
22485,1.0,5.0,4.0,9.0,3.0,3.0,0.5,0.30000000000000004,10.0,454,2782.0143944709184,0,0,66,0,66
22485,1.0,5.0,4.0,9.0,3.0,3.0,0.5,0.30000000000000004,10.0,455,2677.517993088648,0,0,67,0,67
22485,1.0,5.0,4.0,9.0,3.0,3.0,0.5,0.30000000000000004,10.0,456,2466.89749136081,0,0,67,0,67
22485,1.0,5.0,4.0,9.0,3.0,3.0,0.5,0.30000000000000004,10.0,457,2263.6218642010126,0,0,63,0,63
22485,1.0,5.0,4.0,9.0,3.0,3.0,0.5,0.30000000000000004,10.0,458,2209.527330251266,0,0,59,0,59
22485,1.0,5.0,4.0,9.0,3.0,3.0,0.5,0.30000000000000004,10.0,459,2161.9091628140823,0,0,58,0,58
22485,1.0,5.0,4.0,9.0,3.0,3.0,0.5,0.30000000000000004,10.0,460,2142.3864535176026,0,0,59,0,59
22485,1.0,5.0,4.0,9.0,3.0,3.0,0.5,0.30000000000000004,10.0,461,2097.9830668970035,0,0,55,0,55
22485,1.0,5.0,4.0,9.0,3.0,3.0,0.5,0.30000000000000004,10.0,462,1982.4788336212541,0,0,53,0,53
22485,1.0,5.0,4.0,9.0,3.0,3.0,0.5,0.30000000000000004,10.0,463,1938.0985420265679,0,0,52,0,52
22485,1.0,5.0,4.0,9.0,3.0,3.0,0.5,0.30000000000000004,10.0,464,1882.6231775332099,0,0,50,0,50
22485,1.0,5.0,4.0,9.0,3.0,3.0,0.5,0.30000000000000004,10.0,465,1873.278971916512,0,0,47,0,47
22485,1.0,5.0,4.0,9.0,3.0,3.0,0.5,0.30000000000000004,10.0,466,1781.5987148956401,0,0,46,0,46
22485,1.0,5.0,4.0,9.0,3.0,3.0,0.5,0.30000000000000004,10.0,467,1686.9983936195504,0,0,47,0,47
22485,1.0,5.0,4.0,9.0,3.0,3.0,0.5,0.30000000000000004,10.0,468,1608.7479920244377,0,0,43,0,43
22485,1.0,5.0,4.0,9.0,3.0,3.0,0.5,0.30000000000000004,10.0,469,1650.9349900305472,0,0,43,0,43
22485,1.0,5.0,4.0,9.0,3.0,3.0,0.5,0.30000000000000004,10.0,470,1623.668737538184,0,0,44,0,44
22485,1.0,5.0,4.0,9.0,3.0,3.0,0.5,0.30000000000000004,10.0,471,1549.58592192273,0,0,40,0,40
22485,1.0,5.0,4.0,9.0,3.0,3.0,0.5,0.30000000000000004,10.0,472,1556.9824024034124,0,0,38,0,38
22485,1.0,5.0,4.0,9.0,3.0,3.0,0.5,0.30000000000000004,10.0,473,1546.2280030042655,0,0,39,0,39
22485,1.0,5.0,4.0,9.0,3.0,3.0,0.5,0.30000000000000004,10.0,474,1492.785003755332,0,0,36,0,36
22485,1.0,5.0,4.0,9.0,3.0,3.0,0.5,0.30000000000000004,10.0,475,1345.9812546941648,0,0,36,0,36
22485,1.0,5.0,4.0,9.0,3.0,3.0,0.5,0.30000000000000004,10.0,476,1222.476568367706,0,0,36,0,36
22485,1.0,5.0,4.0,9.0,3.0,3.0,0.5,0.30000000000000004,10.0,477,1268.0957104596325,0,0,35,0,35
22485,1.0,5.0,4.0,9.0,3.0,3.0,0.5,0.30000000000000004,10.0,478,1325.1196380745407,0,0,34,0,34
22485,1.0,5.0,4.0,9.0,3.0,3.0,0.5,0.30000000000000004,10.0,479,1436.3995475931758,0,0,31,0,31
22485,1.0,5.0,4.0,9.0,3.0,3.0,0.5,0.30000000000000004,10.0,480,1635.4994344914699,0,0,30,0,30
22485,1.0,5.0,4.0,9.0,3.0,3.0,0.5,0.30000000000000004,10.0,481,1664.3742931143374,0,0,28,0,28
22485,1.0,5.0,4.0,9.0,3.0,3.0,0.5,0.30000000000000004,10.0,482,1660.4678663929217,0,0,27,0,27
22485,1.0,5.0,4.0,9.0,3.0,3.0,0.5,0.30000000000000004,10.0,483,1675.5848329911523,0,0,25,0,25
22485,1.0,5.0,4.0,9.0,3.0,3.0,0.5,0.30000000000000004,10.0,484,1694.4810412389406,0,0,22,0,22
22485,1.0,5.0,4.0,9.0,3.0,3.0,0.5,0.30000000000000004,10.0,485,1698.101301548676,0,0,24,0,24
22485,1.0,5.0,4.0,9.0,3.0,3.0,0.5,0.30000000000000004,10.0,486,1682.6266269358448,0,0,25,0,25
22485,1.0,5.0,4.0,9.0,3.0,3.0,0.5,0.30000000000000004,10.0,487,1643.2832836698062,0,0,26,0,26
22485,1.0,5.0,4.0,9.0,3.0,3.0,0.5,0.30000000000000004,10.0,488,1594.104104587258,0,0,23,0,23
22485,1.0,5.0,4.0,9.0,3.0,3.0,0.5,0.30000000000000004,10.0,489,1572.6301307340725,0,0,26,0,26
22485,1.0,5.0,4.0,9.0,3.0,3.0,0.5,0.30000000000000004,10.0,490,1485.7876634175907,0,0,27,0,27
22485,1.0,5.0,4.0,9.0,3.0,3.0,0.5,0.30000000000000004,10.0,491,1317.2345792719884,0,0,29,0,29
22485,1.0,5.0,4.0,9.0,3.0,3.0,0.5,0.30000000000000004,10.0,492,1106.5432240899854,0,0,33,0,33
22485,1.0,5.0,4.0,9.0,3.0,3.0,0.5,0.30000000000000004,10.0,493,1123.1790301124818,0,0,32,0,32
22485,1.0,5.0,4.0,9.0,3.0,3.0,0.5,0.30000000000000004,10.0,494,1183.9737876406023,0,0,32,0,32
22485,1.0,5.0,4.0,9.0,3.0,3.0,0.5,0.30000000000000004,10.0,495,1299.967234550753,0,0,31,0,31
22485,1.0,5.0,4.0,9.0,3.0,3.0,0.5,0.30000000000000004,10.0,496,1384.9590431884412,0,0,28,0,28
22485,1.0,5.0,4.0,9.0,3.0,3.0,0.5,0.30000000000000004,10.0,497,1551.1988039855514,0,0,26,0,26
22485,1.0,5.0,4.0,9.0,3.0,3.0,0.5,0.30000000000000004,10.0,498,1638.9985049819393,0,0,28,0,28
22485,1.0,5.0,4.0,9.0,3.0,3.0,0.5,0.30000000000000004,10.0,499,1628.748131227424,0,0,27,0,27