Exp Num,agent:svo_convergence_factor,agent:params:metabolism,agent:params:consumption_factor,agent:params:procreate_cost_factor,agent:params:procreate_req_factor,agent:params:start_energy_factor,agent:params:caught_chance,agent:params:caught_cooldown_factor,agent:params:maximum_age,Epoch,Resource,A,B,C,D,E
241118,4.0,10.0,3.0,9.0,1.0,3.0,0.5,0.4,40.0,0,4340.0,25,19,7,29,71
241118,4.0,10.0,3.0,9.0,1.0,3.0,0.5,0.4,40.0,1,4915.0,25,19,7,29,71
241118,4.0,10.0,3.0,9.0,1.0,3.0,0.5,0.4,40.0,2,5303.75,16,14,3,23,52
241118,4.0,10.0,3.0,9.0,1.0,3.0,0.5,0.4,40.0,3,5879.6875,13,13,3,20,47
241118,4.0,10.0,3.0,9.0,1.0,3.0,0.5,0.4,40.0,4,5999.609375,13,15,2,20,48
241118,4.0,10.0,3.0,9.0,1.0,3.0,0.5,0.4,40.0,5,6449.51171875,11,10,3,18,42
241118,4.0,10.0,3.0,9.0,1.0,3.0,0.5,0.4,40.0,6,6561.8896484375,9,11,6,20,46
241118,4.0,10.0,3.0,9.0,1.0,3.0,0.5,0.4,40.0,7,6342.362060546875,10,13,8,24,56
241118,4.0,10.0,3.0,9.0,1.0,3.0,0.5,0.4,40.0,8,5647.952575683594,10,14,13,30,65
241118,4.0,10.0,3.0,9.0,1.0,3.0,0.5,0.4,40.0,9,5289.940719604492,11,15,18,34,78
241118,4.0,10.0,3.0,9.0,1.0,3.0,0.5,0.4,40.0,10,6012.425899505615,12,15,22,39,85
241118,4.0,10.0,3.0,9.0,1.0,3.0,0.5,0.4,40.0,11,6735.532374382019,11,17,21,43,85
241118,4.0,10.0,3.0,9.0,1.0,3.0,0.5,0.4,40.0,12,7189.415467977524,12,16,23,45,87
241118,4.0,10.0,3.0,9.0,1.0,3.0,0.5,0.4,40.0,13,7786.769334971905,12,19,26,46,92
241118,4.0,10.0,3.0,9.0,1.0,3.0,0.5,0.4,40.0,14,8293.461668714881,14,18,28,48,95
241118,4.0,10.0,3.0,9.0,1.0,3.0,0.5,0.4,40.0,15,8350.0,17,19,29,43,100
241118,4.0,10.0,3.0,9.0,1.0,3.0,0.5,0.4,40.0,16,8080.0,16,23,29,47,101
241118,4.0,10.0,3.0,9.0,1.0,3.0,0.5,0.4,40.0,17,8110.0,18,27,30,47,108
241118,4.0,10.0,3.0,9.0,1.0,3.0,0.5,0.4,40.0,18,8350.0,17,28,36,47,111
241118,4.0,10.0,3.0,9.0,1.0,3.0,0.5,0.4,40.0,19,8410.0,18,25,39,48,112
241118,4.0,10.0,3.0,9.0,1.0,3.0,0.5,0.4,40.0,20,8710.0,16,27,40,51,114
241118,4.0,10.0,3.0,9.0,1.0,3.0,0.5,0.4,40.0,21,8860.0,15,26,45,49,117
241118,4.0,10.0,3.0,9.0,1.0,3.0,0.5,0.4,40.0,22,8980.0,14,26,49,47,119
241118,4.0,10.0,3.0,9.0,1.0,3.0,0.5,0.4,40.0,23,8950.0,13,24,51,43,118
241118,4.0,10.0,3.0,9.0,1.0,3.0,0.5,0.4,40.0,24,8890.0,12,24,51,43,116
241118,4.0,10.0,3.0,9.0,1.0,3.0,0.5,0.4,40.0,25,8860.0,13,23,47,43,111
241118,4.0,10.0,3.0,9.0,1.0,3.0,0.5,0.4,40.0,26,8710.0,11,18,49,40,106
241118,4.0,10.0,3.0,9.0,1.0,3.0,0.5,0.4,40.0,27,8560.0,8,20,48,37,103
241118,4.0,10.0,3.0,9.0,1.0,3.0,0.5,0.4,40.0,28,8380.0,7,20,48,33,102
241118,4.0,10.0,3.0,9.0,1.0,3.0,0.5,0.4,40.0,29,8140.0,10,20,49,31,106
241118,4.0,10.0,3.0,9.0,1.0,3.0,0.5,0.4,40.0,30,8020.0,10,23,52,30,111
241118,4.0,10.0,3.0,9.0,1.0,3.0,0.5,0.4,40.0,31,7810.0,11,23,60,33,118
241118,4.0,10.0,3.0,9.0,1.0,3.0,0.5,0.4,40.0,32,7962.5,10,23,71,31,129
241118,4.0,10.0,3.0,9.0,1.0,3.0,0.5,0.4,40.0,33,8573.125,8,26,77,30,135
241118,4.0,10.0,3.0,9.0,1.0,3.0,0.5,0.4,40.0,34,8800.0,9,27,84,30,143
241118,4.0,10.0,3.0,9.0,1.0,3.0,0.5,0.4,40.0,35,8500.0,10,28,89,27,150
241118,4.0,10.0,3.0,9.0,1.0,3.0,0.5,0.4,40.0,36,8890.0,11,29,87,26,149
241118,4.0,10.0,3.0,9.0,1.0,3.0,0.5,0.4,40.0,37,9040.0,9,29,87,26,146
241118,4.0,10.0,3.0,9.0,1.0,3.0,0.5,0.4,40.0,38,8980.0,9,32,79,25,140
241118,4.0,10.0,3.0,9.0,1.0,3.0,0.5,0.4,40.0,39,9190.0,7,32,73,22,131
241118,4.0,10.0,3.0,9.0,1.0,3.0,0.5,0.4,40.0,40,8980.0,6,32,69,17,125
241118,4.0,10.0,3.0,9.0,1.0,3.0,0.5,0.4,40.0,41,8950.0,4,35,64,16,121
241118,4.0,10.0,3.0,9.0,1.0,3.0,0.5,0.4,40.0,42,8770.0,4,35,62,12,118
241118,4.0,10.0,3.0,9.0,1.0,3.0,0.5,0.4,40.0,43,8620.0,6,34,59,9,113
241118,4.0,10.0,3.0,9.0,1.0,3.0,0.5,0.4,40.0,44,8500.0,5,35,60,7,114
241118,4.0,10.0,3.0,9.0,1.0,3.0,0.5,0.4,40.0,45,8320.0,5,40,61,4,118
241118,4.0,10.0,3.0,9.0,1.0,3.0,0.5,0.4,40.0,46,7660.0,6,49,57,4,124
241118,4.0,10.0,3.0,9.0,1.0,3.0,0.5,0.4,40.0,47,7025.0,8,57,56,5,131
241118,4.0,10.0,3.0,9.0,1.0,3.0,0.5,0.4,40.0,48,7161.25,9,70,58,6,147
241118,4.0,10.0,3.0,9.0,1.0,3.0,0.5,0.4,40.0,49,7421.5625,10,76,64,7,159
241118,4.0,10.0,3.0,9.0,1.0,3.0,0.5,0.4,40.0,50,8106.953125,11,80,71,7,171
241118,4.0,10.0,3.0,9.0,1.0,3.0,0.5,0.4,40.0,51,8920.0,10,77,74,7,168
241118,4.0,10.0,3.0,9.0,1.0,3.0,0.5,0.4,40.0,52,9130.0,10,75,71,8,163
241118,4.0,10.0,3.0,9.0,1.0,3.0,0.5,0.4,40.0,53,9160.0,10,76,65,10,157
241118,4.0,10.0,3.0,9.0,1.0,3.0,0.5,0.4,40.0,54,9220.0,10,69,59,13,144
241118,4.0,10.0,3.0,9.0,1.0,3.0,0.5,0.4,40.0,55,9160.0,8,60,55,12,128
241118,4.0,10.0,3.0,9.0,1.0,3.0,0.5,0.4,40.0,56,8920.0,10,56,49,13,122
241118,4.0,10.0,3.0,9.0,1.0,3.0,0.5,0.4,40.0,57,8980.0,8,51,43,13,108
241118,4.0,10.0,3.0,9.0,1.0,3.0,0.5,0.4,40.0,58,8860.0,8,43,44,11,101
241118,4.0,10.0,3.0,9.0,1.0,3.0,0.5,0.4,40.0,59,8560.0,9,43,39,12,99
241118,4.0,10.0,3.0,9.0,1.0,3.0,0.5,0.4,40.0,60,8200.0,10,42,40,15,99
241118,4.0,10.0,3.0,9.0,1.0,3.0,0.5,0.4,40.0,61,7810.0,12,42,40,18,101
241118,4.0,10.0,3.0,9.0,1.0,3.0,0.5,0.4,40.0,62,7062.5,15,42,44,23,110
241118,4.0,10.0,3.0,9.0,1.0,3.0,0.5,0.4,40.0,63,7118.125,19,48,50,28,127
241118,4.0,10.0,3.0,9.0,1.0,3.0,0.5,0.4,40.0,64,7697.65625,20,51,55,29,138
241118,4.0,10.0,3.0,9.0,1.0,3.0,0.5,0.4,40.0,65,8392.0703125,22,52,57,29,145
241118,4.0,10.0,3.0,9.0,1.0,3.0,0.5,0.4,40.0,66,9040.0,21,49,59,30,144
241118,4.0,10.0,3.0,9.0,1.0,3.0,0.5,0.4,40.0,67,8950.0,21,50,57,31,144
241118,4.0,10.0,3.0,9.0,1.0,3.0,0.5,0.4,40.0,68,8800.0,22,48,58,32,143
241118,4.0,10.0,3.0,9.0,1.0,3.0,0.5,0.4,40.0,69,9010.0,17,48,55,34,135
241118,4.0,10.0,3.0,9.0,1.0,3.0,0.5,0.4,40.0,70,9250.0,18,48,50,31,132
241118,4.0,10.0,3.0,9.0,1.0,3.0,0.5,0.4,40.0,71,9250.0,17,42,44,26,121
241118,4.0,10.0,3.0,9.0,1.0,3.0,0.5,0.4,40.0,72,9250.0,17,38,39,21,113
241118,4.0,10.0,3.0,9.0,1.0,3.0,0.5,0.4,40.0,73,8890.0,14,38,38,20,109
241118,4.0,10.0,3.0,9.0,1.0,3.0,0.5,0.4,40.0,74,8860.0,13,37,31,18,102
241118,4.0,10.0,3.0,9.0,1.0,3.0,0.5,0.4,40.0,75,8830.0,11,36,33,15,101
241118,4.0,10.0,3.0,9.0,1.0,3.0,0.5,0.4,40.0,76,8650.0,9,40,27,15,97
241118,4.0,10.0,3.0,9.0,1.0,3.0,0.5,0.4,40.0,77,8200.0,10,43,24,16,98
241118,4.0,10.0,3.0,9.0,1.0,3.0,0.5,0.4,40.0,78,8140.0,10,42,24,17,98
241118,4.0,10.0,3.0,9.0,1.0,3.0,0.5,0.4,40.0,79,7390.0,14,46,28,21,110
241118,4.0,10.0,3.0,9.0,1.0,3.0,0.5,0.4,40.0,80,7077.5,20,51,30,23,124
241118,4.0,10.0,3.0,9.0,1.0,3.0,0.5,0.4,40.0,81,7856.875,26,53,33,24,135
241118,4.0,10.0,3.0,9.0,1.0,3.0,0.5,0.4,40.0,82,8621.09375,28,52,37,23,141
241118,4.0,10.0,3.0,9.0,1.0,3.0,0.5,0.4,40.0,83,8950.0,28,53,38,23,144
241118,4.0,10.0,3.0,9.0,1.0,3.0,0.5,0.4,40.0,84,9010.0,29,51,36,24,140
241118,4.0,10.0,3.0,9.0,1.0,3.0,0.5,0.4,40.0,85,8830.0,30,47,36,23,135
241118,4.0,10.0,3.0,9.0,1.0,3.0,0.5,0.4,40.0,86,9040.0,36,48,35,23,140
241118,4.0,10.0,3.0,9.0,1.0,3.0,0.5,0.4,40.0,87,8860.0,41,46,34,21,142
241118,4.0,10.0,3.0,9.0,1.0,3.0,0.5,0.4,40.0,88,8950.0,40,44,25,20,130
241118,4.0,10.0,3.0,9.0,1.0,3.0,0.5,0.4,40.0,89,8980.0,38,37,26,19,122
241118,4.0,10.0,3.0,9.0,1.0,3.0,0.5,0.4,40.0,90,8950.0,37,34,18,17,109
241118,4.0,10.0,3.0,9.0,1.0,3.0,0.5,0.4,40.0,91,8650.0,37,33,16,15,105
241118,4.0,10.0,3.0,9.0,1.0,3.0,0.5,0.4,40.0,92,8350.0,45,29,14,12,107
241118,4.0,10.0,3.0,9.0,1.0,3.0,0.5,0.4,40.0,93,7930.0,54,34,13,10,119
241118,4.0,10.0,3.0,9.0,1.0,3.0,0.5,0.4,40.0,94,7572.5,59,41,12,8,131
241118,4.0,10.0,3.0,9.0,1.0,3.0,0.5,0.4,40.0,95,7185.625,69,45,12,9,145
241118,4.0,10.0,3.0,9.0,1.0,3.0,0.5,0.4,40.0,96,7542.03125,72,48,14,8,153
241118,4.0,10.0,3.0,9.0,1.0,3.0,0.5,0.4,40.0,97,8227.5390625,76,47,12,9,154
241118,4.0,10.0,3.0,9.0,1.0,3.0,0.5,0.4,40.0,98,8860.0,83,47,11,9,159
241118,4.0,10.0,3.0,9.0,1.0,3.0,0.5,0.4,40.0,99,8890.0,86,48,10,9,162
241118,4.0,10.0,3.0,9.0,1.0,3.0,0.5,0.4,40.0,100,8770.0,86,49,8,9,160
241118,4.0,10.0,3.0,9.0,1.0,3.0,0.5,0.4,40.0,101,8890.0,82,49,7,9,153
241118,4.0,10.0,3.0,9.0,1.0,3.0,0.5,0.4,40.0,102,8740.0,83,46,6,9,148
241118,4.0,10.0,3.0,9.0,1.0,3.0,0.5,0.4,40.0,103,8920.0,79,44,6,7,139
241118,4.0,10.0,3.0,9.0,1.0,3.0,0.5,0.4,40.0,104,8800.0,77,40,6,6,133
241118,4.0,10.0,3.0,9.0,1.0,3.0,0.5,0.4,40.0,105,8440.0,78,38,6,5,132
241118,4.0,10.0,3.0,9.0,1.0,3.0,0.5,0.4,40.0,106,8110.0,83,41,3,3,136
241118,4.0,10.0,3.0,9.0,1.0,3.0,0.5,0.4,40.0,107,7600.0,88,46,3,3,145
241118,4.0,10.0,3.0,9.0,1.0,3.0,0.5,0.4,40.0,108,7460.0,93,50,3,3,154
241118,4.0,10.0,3.0,9.0,1.0,3.0,0.5,0.4,40.0,109,7975.0,98,52,3,3,161
241118,4.0,10.0,3.0,9.0,1.0,3.0,0.5,0.4,40.0,110,8678.75,101,52,3,2,164
241118,4.0,10.0,3.0,9.0,1.0,3.0,0.5,0.4,40.0,111,8890.0,105,51,3,2,167
241118,4.0,10.0,3.0,9.0,1.0,3.0,0.5,0.4,40.0,112,9100.0,104,46,2,2,159
241118,4.0,10.0,3.0,9.0,1.0,3.0,0.5,0.4,40.0,113,8950.0,103,43,2,2,153
241118,4.0,10.0,3.0,9.0,1.0,3.0,0.5,0.4,40.0,114,8680.0,107,38,1,2,151
241118,4.0,10.0,3.0,9.0,1.0,3.0,0.5,0.4,40.0,115,8350.0,109,36,1,2,151
241118,4.0,10.0,3.0,9.0,1.0,3.0,0.5,0.4,40.0,116,8260.0,108,37,1,1,151
241118,4.0,10.0,3.0,9.0,1.0,3.0,0.5,0.4,40.0,117,8020.0,110,34,1,1,150
241118,4.0,10.0,3.0,9.0,1.0,3.0,0.5,0.4,40.0,118,7810.0,119,37,1,1,162
241118,4.0,10.0,3.0,9.0,1.0,3.0,0.5,0.4,40.0,119,8232.5,126,38,2,1,171
241118,4.0,10.0,3.0,9.0,1.0,3.0,0.5,0.4,40.0,120,8890.0,121,40,3,1,168
241118,4.0,10.0,3.0,9.0,1.0,3.0,0.5,0.4,40.0,121,8770.0,115,40,3,1,162
241118,4.0,10.0,3.0,9.0,1.0,3.0,0.5,0.4,40.0,122,8740.0,117,40,2,0,163
241118,4.0,10.0,3.0,9.0,1.0,3.0,0.5,0.4,40.0,123,8680.0,114,39,2,0,159
241118,4.0,10.0,3.0,9.0,1.0,3.0,0.5,0.4,40.0,124,8500.0,112,43,2,0,160
241118,4.0,10.0,3.0,9.0,1.0,3.0,0.5,0.4,40.0,125,8530.0,110,47,2,0,162
241118,4.0,10.0,3.0,9.0,1.0,3.0,0.5,0.4,40.0,126,8620.0,108,53,3,0,166
241118,4.0,10.0,3.0,9.0,1.0,3.0,0.5,0.4,40.0,127,8860.0,106,54,2,0,164
241118,4.0,10.0,3.0,9.0,1.0,3.0,0.5,0.4,40.0,128,8590.0,101,50,3,0,156
241118,4.0,10.0,3.0,9.0,1.0,3.0,0.5,0.4,40.0,129,8440.0,96,50,3,0,150
241118,4.0,10.0,3.0,9.0,1.0,3.0,0.5,0.4,40.0,130,8080.0,97,50,3,0,150
241118,4.0,10.0,3.0,9.0,1.0,3.0,0.5,0.4,40.0,131,7900.0,102,56,3,0,161
241118,4.0,10.0,3.0,9.0,1.0,3.0,0.5,0.4,40.0,132,8285.0,107,63,3,0,173
241118,4.0,10.0,3.0,9.0,1.0,3.0,0.5,0.4,40.0,133,8740.0,103,68,3,0,174
241118,4.0,10.0,3.0,9.0,1.0,3.0,0.5,0.4,40.0,134,8890.0,104,67,2,0,173
241118,4.0,10.0,3.0,9.0,1.0,3.0,0.5,0.4,40.0,135,9130.0,100,65,2,0,167
241118,4.0,10.0,3.0,9.0,1.0,3.0,0.5,0.4,40.0,136,9250.0,95,59,1,0,155
241118,4.0,10.0,3.0,9.0,1.0,3.0,0.5,0.4,40.0,137,9130.0,86,55,1,0,142
241118,4.0,10.0,3.0,9.0,1.0,3.0,0.5,0.4,40.0,138,8680.0,87,56,1,0,144
241118,4.0,10.0,3.0,9.0,1.0,3.0,0.5,0.4,40.0,139,8200.0,88,58,1,0,147
241118,4.0,10.0,3.0,9.0,1.0,3.0,0.5,0.4,40.0,140,8020.0,90,60,0,0,150
241118,4.0,10.0,3.0,9.0,1.0,3.0,0.5,0.4,40.0,141,8140.0,97,65,0,0,162
241118,4.0,10.0,3.0,9.0,1.0,3.0,0.5,0.4,40.0,142,8320.0,101,59,0,0,160
241118,4.0,10.0,3.0,9.0,1.0,3.0,0.5,0.4,40.0,143,8290.0,102,62,0,0,164
241118,4.0,10.0,3.0,9.0,1.0,3.0,0.5,0.4,40.0,144,8500.0,104,63,0,0,167
241118,4.0,10.0,3.0,9.0,1.0,3.0,0.5,0.4,40.0,145,8740.0,103,61,0,0,164
241118,4.0,10.0,3.0,9.0,1.0,3.0,0.5,0.4,40.0,146,8830.0,104,60,0,0,164
241118,4.0,10.0,3.0,9.0,1.0,3.0,0.5,0.4,40.0,147,8830.0,110,58,0,0,168
241118,4.0,10.0,3.0,9.0,1.0,3.0,0.5,0.4,40.0,148,8860.0,109,56,0,0,165
241118,4.0,10.0,3.0,9.0,1.0,3.0,0.5,0.4,40.0,149,8860.0,106,50,0,0,156
241118,4.0,10.0,3.0,9.0,1.0,3.0,0.5,0.4,40.0,150,8530.0,107,48,0,0,155
241118,4.0,10.0,3.0,9.0,1.0,3.0,0.5,0.4,40.0,151,8320.0,106,51,0,0,157
241118,4.0,10.0,3.0,9.0,1.0,3.0,0.5,0.4,40.0,152,8140.0,101,52,0,0,153
241118,4.0,10.0,3.0,9.0,1.0,3.0,0.5,0.4,40.0,153,7840.0,96,56,0,0,152
241118,4.0,10.0,3.0,9.0,1.0,3.0,0.5,0.4,40.0,154,7880.0,103,58,0,0,161
241118,4.0,10.0,3.0,9.0,1.0,3.0,0.5,0.4,40.0,155,8200.0,112,63,0,0,175
241118,4.0,10.0,3.0,9.0,1.0,3.0,0.5,0.4,40.0,156,8770.0,118,62,0,0,180
241118,4.0,10.0,3.0,9.0,1.0,3.0,0.5,0.4,40.0,157,9130.0,118,57,0,0,175
241118,4.0,10.0,3.0,9.0,1.0,3.0,0.5,0.4,40.0,158,9310.0,112,60,0,0,172
241118,4.0,10.0,3.0,9.0,1.0,3.0,0.5,0.4,40.0,159,9340.0,102,59,0,0,161
241118,4.0,10.0,3.0,9.0,1.0,3.0,0.5,0.4,40.0,160,9220.0,94,60,0,0,154
241118,4.0,10.0,3.0,9.0,1.0,3.0,0.5,0.4,40.0,161,9040.0,88,60,0,0,148
241118,4.0,10.0,3.0,9.0,1.0,3.0,0.5,0.4,40.0,162,8980.0,82,61,0,0,143
241118,4.0,10.0,3.0,9.0,1.0,3.0,0.5,0.4,40.0,163,8800.0,76,56,0,0,132
241118,4.0,10.0,3.0,9.0,1.0,3.0,0.5,0.4,40.0,164,8590.0,71,53,0,0,124
241118,4.0,10.0,3.0,9.0,1.0,3.0,0.5,0.4,40.0,165,8290.0,69,52,0,0,121
241118,4.0,10.0,3.0,9.0,1.0,3.0,0.5,0.4,40.0,166,7780.0,65,60,0,0,125
241118,4.0,10.0,3.0,9.0,1.0,3.0,0.5,0.4,40.0,167,6965.0,69,68,0,0,137
241118,4.0,10.0,3.0,9.0,1.0,3.0,0.5,0.4,40.0,168,6516.25,83,77,0,0,160
241118,4.0,10.0,3.0,9.0,1.0,3.0,0.5,0.4,40.0,169,6435.3125,94,81,1,0,176
241118,4.0,10.0,3.0,9.0,1.0,3.0,0.5,0.4,40.0,170,6454.140625,101,83,1,0,185
241118,4.0,10.0,3.0,9.0,1.0,3.0,0.5,0.4,40.0,171,6927.67578125,110,78,1,0,189
241118,4.0,10.0,3.0,9.0,1.0,3.0,0.5,0.4,40.0,172,7999.5947265625,111,68,2,0,181
241118,4.0,10.0,3.0,9.0,1.0,3.0,0.5,0.4,40.0,173,9399.493408203125,106,58,2,0,166
241118,4.0,10.0,3.0,9.0,1.0,3.0,0.5,0.4,40.0,174,9070.0,104,54,2,0,160
241118,4.0,10.0,3.0,9.0,1.0,3.0,0.5,0.4,40.0,175,8830.0,100,52,2,0,154
241118,4.0,10.0,3.0,9.0,1.0,3.0,0.5,0.4,40.0,176,8680.0,108,47,2,0,157
241118,4.0,10.0,3.0,9.0,1.0,3.0,0.5,0.4,40.0,177,8410.0,104,48,2,0,154
241118,4.0,10.0,3.0,9.0,1.0,3.0,0.5,0.4,40.0,178,8260.0,105,41,2,0,148
241118,4.0,10.0,3.0,9.0,1.0,3.0,0.5,0.4,40.0,179,7960.0,109,42,1,0,152
241118,4.0,10.0,3.0,9.0,1.0,3.0,0.5,0.4,40.0,180,7700.0,112,45,1,0,158
241118,4.0,10.0,3.0,9.0,1.0,3.0,0.5,0.4,40.0,181,7795.0,115,50,1,0,166
241118,4.0,10.0,3.0,9.0,1.0,3.0,0.5,0.4,40.0,182,8273.75,119,48,1,0,168
241118,4.0,10.0,3.0,9.0,1.0,3.0,0.5,0.4,40.0,183,8560.0,123,42,1,0,166
241118,4.0,10.0,3.0,9.0,1.0,3.0,0.5,0.4,40.0,184,8770.0,132,41,1,0,174
241118,4.0,10.0,3.0,9.0,1.0,3.0,0.5,0.4,40.0,185,8980.0,123,42,1,0,166
241118,4.0,10.0,3.0,9.0,1.0,3.0,0.5,0.4,40.0,186,9010.0,123,46,0,0,169
241118,4.0,10.0,3.0,9.0,1.0,3.0,0.5,0.4,40.0,187,8950.0,120,43,0,0,163
241118,4.0,10.0,3.0,9.0,1.0,3.0,0.5,0.4,40.0,188,8740.0,126,39,0,0,165
241118,4.0,10.0,3.0,9.0,1.0,3.0,0.5,0.4,40.0,189,8800.0,122,33,0,0,155
241118,4.0,10.0,3.0,9.0,1.0,3.0,0.5,0.4,40.0,190,8470.0,121,32,0,0,153
241118,4.0,10.0,3.0,9.0,1.0,3.0,0.5,0.4,40.0,191,8230.0,123,30,0,0,153
241118,4.0,10.0,3.0,9.0,1.0,3.0,0.5,0.4,40.0,192,7990.0,124,28,0,0,152
241118,4.0,10.0,3.0,9.0,1.0,3.0,0.5,0.4,40.0,193,8127.5,133,27,0,0,160
241118,4.0,10.0,3.0,9.0,1.0,3.0,0.5,0.4,40.0,194,8290.0,134,30,0,0,164
241118,4.0,10.0,3.0,9.0,1.0,3.0,0.5,0.4,40.0,195,8590.0,135,31,0,0,166
241118,4.0,10.0,3.0,9.0,1.0,3.0,0.5,0.4,40.0,196,8830.0,139,34,0,0,173
241118,4.0,10.0,3.0,9.0,1.0,3.0,0.5,0.4,40.0,197,9130.0,136,33,0,0,169
241118,4.0,10.0,3.0,9.0,1.0,3.0,0.5,0.4,40.0,198,9160.0,130,30,0,0,160
241118,4.0,10.0,3.0,9.0,1.0,3.0,0.5,0.4,40.0,199,9040.0,124,32,0,0,156
241118,4.0,10.0,3.0,9.0,1.0,3.0,0.5,0.4,40.0,200,8800.0,118,32,0,0,150
241118,4.0,10.0,3.0,9.0,1.0,3.0,0.5,0.4,40.0,201,8500.0,114,33,0,0,147
241118,4.0,10.0,3.0,9.0,1.0,3.0,0.5,0.4,40.0,202,8200.0,112,36,0,0,148
241118,4.0,10.0,3.0,9.0,1.0,3.0,0.5,0.4,40.0,203,7990.0,107,40,0,0,147
241118,4.0,10.0,3.0,9.0,1.0,3.0,0.5,0.4,40.0,204,7827.5,116,42,1,0,159
241118,4.0,10.0,3.0,9.0,1.0,3.0,0.5,0.4,40.0,205,8164.375,117,44,1,1,162
241118,4.0,10.0,3.0,9.0,1.0,3.0,0.5,0.4,40.0,206,8590.0,116,48,1,2,165
241118,4.0,10.0,3.0,9.0,1.0,3.0,0.5,0.4,40.0,207,8680.0,112,48,1,3,161
241118,4.0,10.0,3.0,9.0,1.0,3.0,0.5,0.4,40.0,208,9040.0,117,49,2,4,168
241118,4.0,10.0,3.0,9.0,1.0,3.0,0.5,0.4,40.0,209,9250.0,111,48,2,4,161
241118,4.0,10.0,3.0,9.0,1.0,3.0,0.5,0.4,40.0,210,8920.0,107,45,1,5,153
241118,4.0,10.0,3.0,9.0,1.0,3.0,0.5,0.4,40.0,211,8710.0,104,44,2,6,150
241118,4.0,10.0,3.0,9.0,1.0,3.0,0.5,0.4,40.0,212,8530.0,98,37,3,7,138
241118,4.0,10.0,3.0,9.0,1.0,3.0,0.5,0.4,40.0,213,8140.0,93,36,6,8,135
241118,4.0,10.0,3.0,9.0,1.0,3.0,0.5,0.4,40.0,214,7810.0,95,38,10,8,144
241118,4.0,10.0,3.0,9.0,1.0,3.0,0.5,0.4,40.0,215,7752.5,98,37,14,10,150
241118,4.0,10.0,3.0,9.0,1.0,3.0,0.5,0.4,40.0,216,8070.625,102,37,16,11,156
241118,4.0,10.0,3.0,9.0,1.0,3.0,0.5,0.4,40.0,217,8560.0,106,37,16,12,160
241118,4.0,10.0,3.0,9.0,1.0,3.0,0.5,0.4,40.0,218,9040.0,110,36,17,13,164
241118,4.0,10.0,3.0,9.0,1.0,3.0,0.5,0.4,40.0,219,9100.0,104,38,17,13,160
241118,4.0,10.0,3.0,9.0,1.0,3.0,0.5,0.4,40.0,220,8920.0,105,38,17,13,161
241118,4.0,10.0,3.0,9.0,1.0,3.0,0.5,0.4,40.0,221,9160.0,97,37,18,12,153
241118,4.0,10.0,3.0,9.0,1.0,3.0,0.5,0.4,40.0,222,9100.0,91,37,16,12,145
241118,4.0,10.0,3.0,9.0,1.0,3.0,0.5,0.4,40.0,223,9130.0,88,35,17,12,141
241118,4.0,10.0,3.0,9.0,1.0,3.0,0.5,0.4,40.0,224,9040.0,81,33,15,12,130
241118,4.0,10.0,3.0,9.0,1.0,3.0,0.5,0.4,40.0,225,8890.0,77,32,12,11,122
241118,4.0,10.0,3.0,9.0,1.0,3.0,0.5,0.4,40.0,226,8770.0,68,36,11,11,116
241118,4.0,10.0,3.0,9.0,1.0,3.0,0.5,0.4,40.0,227,8170.0,65,38,11,11,115
241118,4.0,10.0,3.0,9.0,1.0,3.0,0.5,0.4,40.0,228,7720.0,65,47,10,10,123
241118,4.0,10.0,3.0,9.0,1.0,3.0,0.5,0.4,40.0,229,7250.0,64,57,13,8,135
241118,4.0,10.0,3.0,9.0,1.0,3.0,0.5,0.4,40.0,230,7262.5,64,67,13,8,145
241118,4.0,10.0,3.0,9.0,1.0,3.0,0.5,0.4,40.0,231,7398.125,67,77,13,7,158
241118,4.0,10.0,3.0,9.0,1.0,3.0,0.5,0.4,40.0,232,7807.65625,70,83,13,7,168
241118,4.0,10.0,3.0,9.0,1.0,3.0,0.5,0.4,40.0,233,8469.5703125,69,84,15,7,170
241118,4.0,10.0,3.0,9.0,1.0,3.0,0.5,0.4,40.0,234,9100.0,62,88,14,7,166
241118,4.0,10.0,3.0,9.0,1.0,3.0,0.5,0.4,40.0,235,9040.0,54,85,15,7,156
241118,4.0,10.0,3.0,9.0,1.0,3.0,0.5,0.4,40.0,236,8980.0,49,87,15,7,153
241118,4.0,10.0,3.0,9.0,1.0,3.0,0.5,0.4,40.0,237,9040.0,42,84,15,7,143
241118,4.0,10.0,3.0,9.0,1.0,3.0,0.5,0.4,40.0,238,8770.0,43,86,13,7,144
241118,4.0,10.0,3.0,9.0,1.0,3.0,0.5,0.4,40.0,239,8590.0,40,82,12,7,136
241118,4.0,10.0,3.0,9.0,1.0,3.0,0.5,0.4,40.0,240,8470.0,35,81,12,8,130
241118,4.0,10.0,3.0,9.0,1.0,3.0,0.5,0.4,40.0,241,7900.0,35,86,10,8,132
241118,4.0,10.0,3.0,9.0,1.0,3.0,0.5,0.4,40.0,242,7445.0,35,93,9,9,138
241118,4.0,10.0,3.0,9.0,1.0,3.0,0.5,0.4,40.0,243,7446.25,42,94,7,8,144
241118,4.0,10.0,3.0,9.0,1.0,3.0,0.5,0.4,40.0,244,7657.8125,47,102,8,8,158
241118,4.0,10.0,3.0,9.0,1.0,3.0,0.5,0.4,40.0,245,8372.265625,47,108,8,8,164
241118,4.0,10.0,3.0,9.0,1.0,3.0,0.5,0.4,40.0,246,8830.0,51,111,5,8,168
241118,4.0,10.0,3.0,9.0,1.0,3.0,0.5,0.4,40.0,247,8920.0,51,110,6,8,168
241118,4.0,10.0,3.0,9.0,1.0,3.0,0.5,0.4,40.0,248,9190.0,52,98,6,8,157
241118,4.0,10.0,3.0,9.0,1.0,3.0,0.5,0.4,40.0,249,9160.0,51,90,6,6,148
241118,4.0,10.0,3.0,9.0,1.0,3.0,0.5,0.4,40.0,250,8860.0,51,90,6,5,148
241118,4.0,10.0,3.0,9.0,1.0,3.0,0.5,0.4,40.0,251,8680.0,51,85,6,4,143
241118,4.0,10.0,3.0,9.0,1.0,3.0,0.5,0.4,40.0,252,8380.0,53,78,8,4,140
241118,4.0,10.0,3.0,9.0,1.0,3.0,0.5,0.4,40.0,253,8050.0,58,74,10,5,143
241118,4.0,10.0,3.0,9.0,1.0,3.0,0.5,0.4,40.0,254,7840.0,64,74,10,3,150
241118,4.0,10.0,3.0,9.0,1.0,3.0,0.5,0.4,40.0,255,8120.0,66,76,13,1,157
241118,4.0,10.0,3.0,9.0,1.0,3.0,0.5,0.4,40.0,256,8080.0,66,70,17,1,155
241118,4.0,10.0,3.0,9.0,1.0,3.0,0.5,0.4,40.0,257,8080.0,71,69,18,3,159
241118,4.0,10.0,3.0,9.0,1.0,3.0,0.5,0.4,40.0,258,8470.0,69,75,22,3,167
241118,4.0,10.0,3.0,9.0,1.0,3.0,0.5,0.4,40.0,259,8800.0,64,81,24,4,170
241118,4.0,10.0,3.0,9.0,1.0,3.0,0.5,0.4,40.0,260,8530.0,64,81,28,4,174
241118,4.0,10.0,3.0,9.0,1.0,3.0,0.5,0.4,40.0,261,8830.0,62,81,29,4,175
241118,4.0,10.0,3.0,9.0,1.0,3.0,0.5,0.4,40.0,262,8950.0,64,75,32,4,176
241118,4.0,10.0,3.0,9.0,1.0,3.0,0.5,0.4,40.0,263,9010.0,65,68,31,5,169
241118,4.0,10.0,3.0,9.0,1.0,3.0,0.5,0.4,40.0,264,9310.0,63,63,30,5,161
241118,4.0,10.0,3.0,9.0,1.0,3.0,0.5,0.4,40.0,265,9190.0,60,58,30,4,153
241118,4.0,10.0,3.0,9.0,1.0,3.0,0.5,0.4,40.0,266,9160.0,56,55,28,2,144
241118,4.0,10.0,3.0,9.0,1.0,3.0,0.5,0.4,40.0,267,9070.0,56,52,24,2,137
241118,4.0,10.0,3.0,9.0,1.0,3.0,0.5,0.4,40.0,268,8740.0,60,42,20,2,127
241118,4.0,10.0,3.0,9.0,1.0,3.0,0.5,0.4,40.0,269,8740.0,63,38,14,1,120
241118,4.0,10.0,3.0,9.0,1.0,3.0,0.5,0.4,40.0,270,8350.0,69,37,13,0,123
241118,4.0,10.0,3.0,9.0,1.0,3.0,0.5,0.4,40.0,271,8260.0,71,38,9,0,122
241118,4.0,10.0,3.0,9.0,1.0,3.0,0.5,0.4,40.0,272,7810.0,77,37,8,0,126
241118,4.0,10.0,3.0,9.0,1.0,3.0,0.5,0.4,40.0,273,6882.5,89,40,9,0,140
241118,4.0,10.0,3.0,9.0,1.0,3.0,0.5,0.4,40.0,274,6653.125,109,41,10,0,162
241118,4.0,10.0,3.0,9.0,1.0,3.0,0.5,0.4,40.0,275,6516.40625,121,42,9,0,174
241118,4.0,10.0,3.0,9.0,1.0,3.0,0.5,0.4,40.0,276,6885.5078125,130,42,12,0,186
241118,4.0,10.0,3.0,9.0,1.0,3.0,0.5,0.4,40.0,277,7346.884765625,131,42,14,0,189
241118,4.0,10.0,3.0,9.0,1.0,3.0,0.5,0.4,40.0,278,8313.60595703125,129,45,13,0,189
241118,4.0,10.0,3.0,9.0,1.0,3.0,0.5,0.4,40.0,279,8950.0,123,39,11,0,175
241118,4.0,10.0,3.0,9.0,1.0,3.0,0.5,0.4,40.0,280,9250.0,118,38,12,0,170
241118,4.0,10.0,3.0,9.0,1.0,3.0,0.5,0.4,40.0,281,9220.0,110,37,13,0,162
241118,4.0,10.0,3.0,9.0,1.0,3.0,0.5,0.4,40.0,282,9040.0,107,32,12,0,153
241118,4.0,10.0,3.0,9.0,1.0,3.0,0.5,0.4,40.0,283,9100.0,92,29,12,0,135
241118,4.0,10.0,3.0,9.0,1.0,3.0,0.5,0.4,40.0,284,8710.0,85,31,11,0,129
241118,4.0,10.0,3.0,9.0,1.0,3.0,0.5,0.4,40.0,285,8470.0,84,35,9,1,130
241118,4.0,10.0,3.0,9.0,1.0,3.0,0.5,0.4,40.0,286,8110.0,80,37,7,1,126
241118,4.0,10.0,3.0,9.0,1.0,3.0,0.5,0.4,40.0,287,7870.0,84,34,8,2,128
241118,4.0,10.0,3.0,9.0,1.0,3.0,0.5,0.4,40.0,288,7107.5,88,39,6,3,135
241118,4.0,10.0,3.0,9.0,1.0,3.0,0.5,0.4,40.0,289,7114.375,99,46,9,3,157
241118,4.0,10.0,3.0,9.0,1.0,3.0,0.5,0.4,40.0,290,7272.96875,103,47,11,3,164
241118,4.0,10.0,3.0,9.0,1.0,3.0,0.5,0.4,40.0,291,7831.2109375,112,44,12,3,172
241118,4.0,10.0,3.0,9.0,1.0,3.0,0.5,0.4,40.0,292,8589.013671875,110,47,15,5,176
241118,4.0,10.0,3.0,9.0,1.0,3.0,0.5,0.4,40.0,293,9010.0,110,46,17,4,178
241118,4.0,10.0,3.0,9.0,1.0,3.0,0.5,0.4,40.0,294,9370.0,102,43,20,4,171
241118,4.0,10.0,3.0,9.0,1.0,3.0,0.5,0.4,40.0,295,9190.0,98,41,21,4,166
241118,4.0,10.0,3.0,9.0,1.0,3.0,0.5,0.4,40.0,296,9310.0,92,40,21,4,159
241118,4.0,10.0,3.0,9.0,1.0,3.0,0.5,0.4,40.0,297,9100.0,82,36,20,4,143
241118,4.0,10.0,3.0,9.0,1.0,3.0,0.5,0.4,40.0,298,8980.0,77,33,18,4,133
241118,4.0,10.0,3.0,9.0,1.0,3.0,0.5,0.4,40.0,299,8920.0,70,33,16,3,124
241118,4.0,10.0,3.0,9.0,1.0,3.0,0.5,0.4,40.0,300,8590.0,66,33,16,3,120
241118,4.0,10.0,3.0,9.0,1.0,3.0,0.5,0.4,40.0,301,8380.0,61,36,15,3,117
241118,4.0,10.0,3.0,9.0,1.0,3.0,0.5,0.4,40.0,302,7930.0,60,44,14,2,123
241118,4.0,10.0,3.0,9.0,1.0,3.0,0.5,0.4,40.0,303,7422.5,69,49,12,2,135
241118,4.0,10.0,3.0,9.0,1.0,3.0,0.5,0.4,40.0,304,6938.125,78,57,12,2,152
241118,4.0,10.0,3.0,9.0,1.0,3.0,0.5,0.4,40.0,305,7022.65625,84,61,12,2,162
241118,4.0,10.0,3.0,9.0,1.0,3.0,0.5,0.4,40.0,306,7398.3203125,89,66,9,2,169
241118,4.0,10.0,3.0,9.0,1.0,3.0,0.5,0.4,40.0,307,8047.900390625,89,68,9,1,170
241118,4.0,10.0,3.0,9.0,1.0,3.0,0.5,0.4,40.0,308,9130.0,91,65,8,1,167
241118,4.0,10.0,3.0,9.0,1.0,3.0,0.5,0.4,40.0,309,9190.0,94,65,7,0,169
241118,4.0,10.0,3.0,9.0,1.0,3.0,0.5,0.4,40.0,310,9130.0,96,59,8,0,166
241118,4.0,10.0,3.0,9.0,1.0,3.0,0.5,0.4,40.0,311,8890.0,93,54,7,0,157
241118,4.0,10.0,3.0,9.0,1.0,3.0,0.5,0.4,40.0,312,8830.0,87,54,6,0,150
241118,4.0,10.0,3.0,9.0,1.0,3.0,0.5,0.4,40.0,313,8440.0,85,52,4,0,144
241118,4.0,10.0,3.0,9.0,1.0,3.0,0.5,0.4,40.0,314,8350.0,83,50,3,0,139
241118,4.0,10.0,3.0,9.0,1.0,3.0,0.5,0.4,40.0,315,7870.0,84,54,2,0,143
241118,4.0,10.0,3.0,9.0,1.0,3.0,0.5,0.4,40.0,316,7557.5,91,59,3,0,156
241118,4.0,10.0,3.0,9.0,1.0,3.0,0.5,0.4,40.0,317,8066.875,95,66,3,0,167
241118,4.0,10.0,3.0,9.0,1.0,3.0,0.5,0.4,40.0,318,8980.0,98,60,3,0,164
241118,4.0,10.0,3.0,9.0,1.0,3.0,0.5,0.4,40.0,319,8980.0,100,58,3,0,164
241118,4.0,10.0,3.0,9.0,1.0,3.0,0.5,0.4,40.0,320,8590.0,100,54,2,0,159
241118,4.0,10.0,3.0,9.0,1.0,3.0,0.5,0.4,40.0,321,8440.0,101,53,2,0,159
241118,4.0,10.0,3.0,9.0,1.0,3.0,0.5,0.4,40.0,322,8470.0,102,53,3,0,161
241118,4.0,10.0,3.0,9.0,1.0,3.0,0.5,0.4,40.0,323,8710.0,106,49,4,0,162
241118,4.0,10.0,3.0,9.0,1.0,3.0,0.5,0.4,40.0,324,8530.0,109,42,5,0,159
241118,4.0,10.0,3.0,9.0,1.0,3.0,0.5,0.4,40.0,325,8470.0,105,46,4,0,158
241118,4.0,10.0,3.0,9.0,1.0,3.0,0.5,0.4,40.0,326,8260.0,103,46,4,0,156
241118,4.0,10.0,3.0,9.0,1.0,3.0,0.5,0.4,40.0,327,8320.0,110,47,4,0,164
241118,4.0,10.0,3.0,9.0,1.0,3.0,0.5,0.4,40.0,328,8680.0,112,46,4,0,165
241118,4.0,10.0,3.0,9.0,1.0,3.0,0.5,0.4,40.0,329,8560.0,110,47,4,0,164
241118,4.0,10.0,3.0,9.0,1.0,3.0,0.5,0.4,40.0,330,8530.0,106,50,4,0,163
241118,4.0,10.0,3.0,9.0,1.0,3.0,0.5,0.4,40.0,331,8530.0,108,48,2,0,161
241118,4.0,10.0,3.0,9.0,1.0,3.0,0.5,0.4,40.0,332,8650.0,103,52,3,0,161
241118,4.0,10.0,3.0,9.0,1.0,3.0,0.5,0.4,40.0,333,8710.0,103,57,2,0,165
241118,4.0,10.0,3.0,9.0,1.0,3.0,0.5,0.4,40.0,334,8890.0,105,56,2,0,166
241118,4.0,10.0,3.0,9.0,1.0,3.0,0.5,0.4,40.0,335,8920.0,102,59,3,0,167
241118,4.0,10.0,3.0,9.0,1.0,3.0,0.5,0.4,40.0,336,8710.0,95,58,4,0,160
241118,4.0,10.0,3.0,9.0,1.0,3.0,0.5,0.4,40.0,337,8620.0,88,61,5,0,156
241118,4.0,10.0,3.0,9.0,1.0,3.0,0.5,0.4,40.0,338,8410.0,81,64,4,1,150
241118,4.0,10.0,3.0,9.0,1.0,3.0,0.5,0.4,40.0,339,8140.0,72,69,6,1,148
241118,4.0,10.0,3.0,9.0,1.0,3.0,0.5,0.4,40.0,340,8020.0,68,75,8,1,153
241118,4.0,10.0,3.0,9.0,1.0,3.0,0.5,0.4,40.0,341,7990.0,70,79,9,1,159
241118,4.0,10.0,3.0,9.0,1.0,3.0,0.5,0.4,40.0,342,8307.5,67,88,9,1,166
241118,4.0,10.0,3.0,9.0,1.0,3.0,0.5,0.4,40.0,343,8710.0,66,90,9,1,167
241118,4.0,10.0,3.0,9.0,1.0,3.0,0.5,0.4,40.0,344,8800.0,64,96,9,1,171
241118,4.0,10.0,3.0,9.0,1.0,3.0,0.5,0.4,40.0,345,8770.0,64,93,10,1,169
241118,4.0,10.0,3.0,9.0,1.0,3.0,0.5,0.4,40.0,346,8980.0,69,93,10,1,174
241118,4.0,10.0,3.0,9.0,1.0,3.0,0.5,0.4,40.0,347,9250.0,72,90,11,1,175
241118,4.0,10.0,3.0,9.0,1.0,3.0,0.5,0.4,40.0,348,9160.0,70,80,10,0,162
241118,4.0,10.0,3.0,9.0,1.0,3.0,0.5,0.4,40.0,349,9280.0,65,75,8,0,150
241118,4.0,10.0,3.0,9.0,1.0,3.0,0.5,0.4,40.0,350,9070.0,62,67,5,0,136
241118,4.0,10.0,3.0,9.0,1.0,3.0,0.5,0.4,40.0,351,8830.0,64,59,5,0,130
241118,4.0,10.0,3.0,9.0,1.0,3.0,0.5,0.4,40.0,352,8680.0,71,50,5,0,128
241118,4.0,10.0,3.0,9.0,1.0,3.0,0.5,0.4,40.0,353,8470.0,76,41,4,0,123
241118,4.0,10.0,3.0,9.0,1.0,3.0,0.5,0.4,40.0,354,8020.0,86,37,4,0,129
241118,4.0,10.0,3.0,9.0,1.0,3.0,0.5,0.4,40.0,355,7600.0,91,36,4,0,133
241118,4.0,10.0,3.0,9.0,1.0,3.0,0.5,0.4,40.0,356,7010.0,102,35,4,0,143
241118,4.0,10.0,3.0,9.0,1.0,3.0,0.5,0.4,40.0,357,7112.5,115,39,4,0,160
241118,4.0,10.0,3.0,9.0,1.0,3.0,0.5,0.4,40.0,358,7600.625,125,38,4,0,169
241118,4.0,10.0,3.0,9.0,1.0,3.0,0.5,0.4,40.0,359,8450.78125,128,39,4,0,173
241118,4.0,10.0,3.0,9.0,1.0,3.0,0.5,0.4,40.0,360,9250.0,131,38,4,0,175
241118,4.0,10.0,3.0,9.0,1.0,3.0,0.5,0.4,40.0,361,9160.0,131,38,4,0,175
241118,4.0,10.0,3.0,9.0,1.0,3.0,0.5,0.4,40.0,362,9340.0,122,36,4,0,164
241118,4.0,10.0,3.0,9.0,1.0,3.0,0.5,0.4,40.0,363,9190.0,112,32,4,0,150
241118,4.0,10.0,3.0,9.0,1.0,3.0,0.5,0.4,40.0,364,9070.0,103,29,4,0,138
241118,4.0,10.0,3.0,9.0,1.0,3.0,0.5,0.4,40.0,365,9010.0,93,26,4,0,125
241118,4.0,10.0,3.0,9.0,1.0,3.0,0.5,0.4,40.0,366,8620.0,94,28,3,0,127
241118,4.0,10.0,3.0,9.0,1.0,3.0,0.5,0.4,40.0,367,8410.0,87,31,2,0,122
241118,4.0,10.0,3.0,9.0,1.0,3.0,0.5,0.4,40.0,368,7960.0,87,37,1,0,127
241118,4.0,10.0,3.0,9.0,1.0,3.0,0.5,0.4,40.0,369,7430.0,91,40,2,0,135
241118,4.0,10.0,3.0,9.0,1.0,3.0,0.5,0.4,40.0,370,7037.5,99,46,2,0,149
241118,4.0,10.0,3.0,9.0,1.0,3.0,0.5,0.4,40.0,371,7356.875,106,50,2,0,160
241118,4.0,10.0,3.0,9.0,1.0,3.0,0.5,0.4,40.0,372,7636.09375,114,55,2,0,173
241118,4.0,10.0,3.0,9.0,1.0,3.0,0.5,0.4,40.0,373,8555.1171875,111,61,2,0,176
241118,4.0,10.0,3.0,9.0,1.0,3.0,0.5,0.4,40.0,374,9160.0,104,62,2,0,170
241118,4.0,10.0,3.0,9.0,1.0,3.0,0.5,0.4,40.0,375,9190.0,101,61,2,0,166
241118,4.0,10.0,3.0,9.0,1.0,3.0,0.5,0.4,40.0,376,9160.0,98,62,2,0,164
241118,4.0,10.0,3.0,9.0,1.0,3.0,0.5,0.4,40.0,377,9130.0,96,63,2,0,163
241118,4.0,10.0,3.0,9.0,1.0,3.0,0.5,0.4,40.0,378,9070.0,91,56,1,0,150
241118,4.0,10.0,3.0,9.0,1.0,3.0,0.5,0.4,40.0,379,8980.0,84,55,0,0,141
241118,4.0,10.0,3.0,9.0,1.0,3.0,0.5,0.4,40.0,380,8980.0,79,48,0,0,129
241118,4.0,10.0,3.0,9.0,1.0,3.0,0.5,0.4,40.0,381,8950.0,70,44,0,0,116
241118,4.0,10.0,3.0,9.0,1.0,3.0,0.5,0.4,40.0,382,8500.0,70,40,0,0,112
241118,4.0,10.0,3.0,9.0,1.0,3.0,0.5,0.4,40.0,383,8140.0,73,41,0,0,115
241118,4.0,10.0,3.0,9.0,1.0,3.0,0.5,0.4,40.0,384,7450.0,83,43,0,0,127
241118,4.0,10.0,3.0,9.0,1.0,3.0,0.5,0.4,40.0,385,6912.5,94,47,0,0,142
241118,4.0,10.0,3.0,9.0,1.0,3.0,0.5,0.4,40.0,386,6750.625,111,52,0,0,164
241118,4.0,10.0,3.0,9.0,1.0,3.0,0.5,0.4,40.0,387,6848.28125,116,58,1,0,175
241118,4.0,10.0,3.0,9.0,1.0,3.0,0.5,0.4,40.0,388,7690.3515625,121,58,2,0,181
241118,4.0,10.0,3.0,9.0,1.0,3.0,0.5,0.4,40.0,389,8742.939453125,109,57,3,0,169
241118,4.0,10.0,3.0,9.0,1.0,3.0,0.5,0.4,40.0,390,9100.0,105,53,3,0,161
241118,4.0,10.0,3.0,9.0,1.0,3.0,0.5,0.4,40.0,391,8740.0,105,52,4,0,161
241118,4.0,10.0,3.0,9.0,1.0,3.0,0.5,0.4,40.0,392,8770.0,104,48,6,0,158
241118,4.0,10.0,3.0,9.0,1.0,3.0,0.5,0.4,40.0,393,8590.0,104,47,7,0,158
241118,4.0,10.0,3.0,9.0,1.0,3.0,0.5,0.4,40.0,394,8500.0,96,43,9,0,149
241118,4.0,10.0,3.0,9.0,1.0,3.0,0.5,0.4,40.0,395,8380.0,93,46,9,1,149
241118,4.0,10.0,3.0,9.0,1.0,3.0,0.5,0.4,40.0,396,7870.0,87,46,10,1,145
241118,4.0,10.0,3.0,9.0,1.0,3.0,0.5,0.4,40.0,397,7767.5,92,50,10,1,155
241118,4.0,10.0,3.0,9.0,1.0,3.0,0.5,0.4,40.0,398,8239.375,100,49,9,1,162
241118,4.0,10.0,3.0,9.0,1.0,3.0,0.5,0.4,40.0,399,8470.0,108,49,9,2,170
241118,4.0,10.0,3.0,9.0,1.0,3.0,0.5,0.4,40.0,400,8860.0,110,51,9,3,174
241118,4.0,10.0,3.0,9.0,1.0,3.0,0.5,0.4,40.0,401,8950.0,106,49,8,3,167
241118,4.0,10.0,3.0,9.0,1.0,3.0,0.5,0.4,40.0,402,9100.0,105,46,8,4,163
241118,4.0,10.0,3.0,9.0,1.0,3.0,0.5,0.4,40.0,403,9130.0,99,46,7,4,157
241118,4.0,10.0,3.0,9.0,1.0,3.0,0.5,0.4,40.0,404,8980.0,95,44,6,4,150
241118,4.0,10.0,3.0,9.0,1.0,3.0,0.5,0.4,40.0,405,8890.0,90,44,5,4,144
241118,4.0,10.0,3.0,9.0,1.0,3.0,0.5,0.4,40.0,406,8500.0,90,44,3,4,142
241118,4.0,10.0,3.0,9.0,1.0,3.0,0.5,0.4,40.0,407,8470.0,84,43,3,3,135
241118,4.0,10.0,3.0,9.0,1.0,3.0,0.5,0.4,40.0,408,7870.0,92,41,4,3,142
241118,4.0,10.0,3.0,9.0,1.0,3.0,0.5,0.4,40.0,409,7677.5,97,44,3,3,149
241118,4.0,10.0,3.0,9.0,1.0,3.0,0.5,0.4,40.0,410,7916.875,105,44,3,3,157
241118,4.0,10.0,3.0,9.0,1.0,3.0,0.5,0.4,40.0,411,8306.09375,114,42,3,2,164
241118,4.0,10.0,3.0,9.0,1.0,3.0,0.5,0.4,40.0,412,8710.0,119,34,3,2,161
241118,4.0,10.0,3.0,9.0,1.0,3.0,0.5,0.4,40.0,413,8830.0,126,34,3,2,168
241118,4.0,10.0,3.0,9.0,1.0,3.0,0.5,0.4,40.0,414,9130.0,128,31,2,0,166
241118,4.0,10.0,3.0,9.0,1.0,3.0,0.5,0.4,40.0,415,8920.0,126,29,2,0,162
241118,4.0,10.0,3.0,9.0,1.0,3.0,0.5,0.4,40.0,416,8980.0,127,28,2,0,162
241118,4.0,10.0,3.0,9.0,1.0,3.0,0.5,0.4,40.0,417,8950.0,123,22,2,0,152
241118,4.0,10.0,3.0,9.0,1.0,3.0,0.5,0.4,40.0,418,8620.0,119,21,2,0,147
241118,4.0,10.0,3.0,9.0,1.0,3.0,0.5,0.4,40.0,419,8410.0,114,20,1,0,140
241118,4.0,10.0,3.0,9.0,1.0,3.0,0.5,0.4,40.0,420,8110.0,114,22,1,0,142
241118,4.0,10.0,3.0,9.0,1.0,3.0,0.5,0.4,40.0,421,7690.0,119,17,0,0,141
241118,4.0,10.0,3.0,9.0,1.0,3.0,0.5,0.4,40.0,422,7392.5,137,16,0,0,158
241118,4.0,10.0,3.0,9.0,1.0,3.0,0.5,0.4,40.0,423,7620.625,151,13,0,0,169
241118,4.0,10.0,3.0,9.0,1.0,3.0,0.5,0.4,40.0,424,8115.78125,156,13,0,0,174
241118,4.0,10.0,3.0,9.0,1.0,3.0,0.5,0.4,40.0,425,8800.0,164,14,0,0,183
241118,4.0,10.0,3.0,9.0,1.0,3.0,0.5,0.4,40.0,426,9070.0,166,12,0,0,183
241118,4.0,10.0,3.0,9.0,1.0,3.0,0.5,0.4,40.0,427,9130.0,153,11,0,0,169
241118,4.0,10.0,3.0,9.0,1.0,3.0,0.5,0.4,40.0,428,9220.0,145,9,0,0,159
241118,4.0,10.0,3.0,9.0,1.0,3.0,0.5,0.4,40.0,429,9070.0,142,9,0,0,156
241118,4.0,10.0,3.0,9.0,1.0,3.0,0.5,0.4,40.0,430,8890.0,139,9,0,0,153
241118,4.0,10.0,3.0,9.0,1.0,3.0,0.5,0.4,40.0,431,8530.0,132,9,0,0,146
241118,4.0,10.0,3.0,9.0,1.0,3.0,0.5,0.4,40.0,432,8410.0,128,10,0,0,143
241118,4.0,10.0,3.0,9.0,1.0,3.0,0.5,0.4,40.0,433,7990.0,127,9,0,0,141
241118,4.0,10.0,3.0,9.0,1.0,3.0,0.5,0.4,40.0,434,7647.5,127,11,0,0,143
241118,4.0,10.0,3.0,9.0,1.0,3.0,0.5,0.4,40.0,435,7429.375,141,13,0,0,159
241118,4.0,10.0,3.0,9.0,1.0,3.0,0.5,0.4,40.0,436,7966.71875,146,12,0,0,163
241118,4.0,10.0,3.0,9.0,1.0,3.0,0.5,0.4,40.0,437,8638.3984375,146,10,0,0,161
241118,4.0,10.0,3.0,9.0,1.0,3.0,0.5,0.4,40.0,438,8650.0,145,11,0,0,161
241118,4.0,10.0,3.0,9.0,1.0,3.0,0.5,0.4,40.0,439,8770.0,148,12,0,0,164
241118,4.0,10.0,3.0,9.0,1.0,3.0,0.5,0.4,40.0,440,8740.0,148,13,0,0,165
241118,4.0,10.0,3.0,9.0,1.0,3.0,0.5,0.4,40.0,441,8890.0,148,13,0,0,165
241118,4.0,10.0,3.0,9.0,1.0,3.0,0.5,0.4,40.0,442,8980.0,147,13,0,0,164
241118,4.0,10.0,3.0,9.0,1.0,3.0,0.5,0.4,40.0,443,8770.0,141,14,0,0,158
241118,4.0,10.0,3.0,9.0,1.0,3.0,0.5,0.4,40.0,444,8440.0,142,13,0,0,157
241118,4.0,10.0,3.0,9.0,1.0,3.0,0.5,0.4,40.0,445,8320.0,133,12,0,0,146
241118,4.0,10.0,3.0,9.0,1.0,3.0,0.5,0.4,40.0,446,7870.0,135,10,0,0,146
241118,4.0,10.0,3.0,9.0,1.0,3.0,0.5,0.4,40.0,447,7647.5,147,12,0,0,160
241118,4.0,10.0,3.0,9.0,1.0,3.0,0.5,0.4,40.0,448,7909.375,159,13,1,0,174
241118,4.0,10.0,3.0,9.0,1.0,3.0,0.5,0.4,40.0,449,8716.71875,160,15,2,0,178
241118,4.0,10.0,3.0,9.0,1.0,3.0,0.5,0.4,40.0,450,9160.0,150,14,2,0,167
241118,4.0,10.0,3.0,9.0,1.0,3.0,0.5,0.4,40.0,451,9040.0,142,16,2,0,161
241118,4.0,10.0,3.0,9.0,1.0,3.0,0.5,0.4,40.0,452,8950.0,135,15,2,0,153
241118,4.0,10.0,3.0,9.0,1.0,3.0,0.5,0.4,40.0,453,8620.0,133,16,2,0,152
241118,4.0,10.0,3.0,9.0,1.0,3.0,0.5,0.4,40.0,454,8320.0,137,16,2,0,156
241118,4.0,10.0,3.0,9.0,1.0,3.0,0.5,0.4,40.0,455,8200.0,134,19,2,0,156
241118,4.0,10.0,3.0,9.0,1.0,3.0,0.5,0.4,40.0,456,8500.0,142,20,3,0,165
241118,4.0,10.0,3.0,9.0,1.0,3.0,0.5,0.4,40.0,457,8500.0,130,26,3,0,159
241118,4.0,10.0,3.0,9.0,1.0,3.0,0.5,0.4,40.0,458,8170.0,128,27,4,0,159
241118,4.0,10.0,3.0,9.0,1.0,3.0,0.5,0.4,40.0,459,8500.0,133,28,4,0,165
241118,4.0,10.0,3.0,9.0,1.0,3.0,0.5,0.4,40.0,460,8800.0,134,33,4,0,171
241118,4.0,10.0,3.0,9.0,1.0,3.0,0.5,0.4,40.0,461,9070.0,133,34,2,0,169
241118,4.0,10.0,3.0,9.0,1.0,3.0,0.5,0.4,40.0,462,8710.0,124,33,2,0,159
241118,4.0,10.0,3.0,9.0,1.0,3.0,0.5,0.4,40.0,463,8650.0,116,38,2,0,156
241118,4.0,10.0,3.0,9.0,1.0,3.0,0.5,0.4,40.0,464,8350.0,118,38,1,0,157
241118,4.0,10.0,3.0,9.0,1.0,3.0,0.5,0.4,40.0,465,8470.0,119,41,0,0,160
241118,4.0,10.0,3.0,9.0,1.0,3.0,0.5,0.4,40.0,466,8410.0,118,41,0,0,159
241118,4.0,10.0,3.0,9.0,1.0,3.0,0.5,0.4,40.0,467,8470.0,118,43,0,0,161
241118,4.0,10.0,3.0,9.0,1.0,3.0,0.5,0.4,40.0,468,8650.0,120,42,0,0,162
241118,4.0,10.0,3.0,9.0,1.0,3.0,0.5,0.4,40.0,469,8500.0,117,43,0,0,160
241118,4.0,10.0,3.0,9.0,1.0,3.0,0.5,0.4,40.0,470,8470.0,121,41,0,0,162
241118,4.0,10.0,3.0,9.0,1.0,3.0,0.5,0.4,40.0,471,8470.0,119,40,0,0,159
241118,4.0,10.0,3.0,9.0,1.0,3.0,0.5,0.4,40.0,472,8380.0,125,43,0,0,168
241118,4.0,10.0,3.0,9.0,1.0,3.0,0.5,0.4,40.0,473,8710.0,123,38,0,0,161
241118,4.0,10.0,3.0,9.0,1.0,3.0,0.5,0.4,40.0,474,8800.0,130,35,0,0,165
241118,4.0,10.0,3.0,9.0,1.0,3.0,0.5,0.4,40.0,475,8620.0,133,26,0,0,159
241118,4.0,10.0,3.0,9.0,1.0,3.0,0.5,0.4,40.0,476,8500.0,137,23,0,0,160
241118,4.0,10.0,3.0,9.0,1.0,3.0,0.5,0.4,40.0,477,8590.0,139,22,0,0,161
241118,4.0,10.0,3.0,9.0,1.0,3.0,0.5,0.4,40.0,478,8680.0,140,20,0,0,160
241118,4.0,10.0,3.0,9.0,1.0,3.0,0.5,0.4,40.0,479,8530.0,138,23,0,0,161
241118,4.0,10.0,3.0,9.0,1.0,3.0,0.5,0.4,40.0,480,8530.0,141,20,0,0,161
241118,4.0,10.0,3.0,9.0,1.0,3.0,0.5,0.4,40.0,481,8800.0,144,18,0,0,162
241118,4.0,10.0,3.0,9.0,1.0,3.0,0.5,0.4,40.0,482,8650.0,136,14,0,0,150
241118,4.0,10.0,3.0,9.0,1.0,3.0,0.5,0.4,40.0,483,8260.0,141,13,0,0,154
241118,4.0,10.0,3.0,9.0,1.0,3.0,0.5,0.4,40.0,484,8200.0,141,15,0,0,156
241118,4.0,10.0,3.0,9.0,1.0,3.0,0.5,0.4,40.0,485,8260.0,144,18,0,0,162
241118,4.0,10.0,3.0,9.0,1.0,3.0,0.5,0.4,40.0,486,8440.0,151,21,0,0,172
241118,4.0,10.0,3.0,9.0,1.0,3.0,0.5,0.4,40.0,487,8620.0,146,23,0,0,169
241118,4.0,10.0,3.0,9.0,1.0,3.0,0.5,0.4,40.0,488,9010.0,146,23,0,0,169
241118,4.0,10.0,3.0,9.0,1.0,3.0,0.5,0.4,40.0,489,8890.0,137,26,0,0,163
241118,4.0,10.0,3.0,9.0,1.0,3.0,0.5,0.4,40.0,490,8680.0,128,24,0,0,152
241118,4.0,10.0,3.0,9.0,1.0,3.0,0.5,0.4,40.0,491,8500.0,132,26,0,0,158
241118,4.0,10.0,3.0,9.0,1.0,3.0,0.5,0.4,40.0,492,8560.0,130,30,0,0,160
241118,4.0,10.0,3.0,9.0,1.0,3.0,0.5,0.4,40.0,493,8500.0,130,32,1,0,163
241118,4.0,10.0,3.0,9.0,1.0,3.0,0.5,0.4,40.0,494,8740.0,131,33,1,0,165
241118,4.0,10.0,3.0,9.0,1.0,3.0,0.5,0.4,40.0,495,8620.0,130,30,1,0,161
241118,4.0,10.0,3.0,9.0,1.0,3.0,0.5,0.4,40.0,496,8560.0,133,25,1,0,159
241118,4.0,10.0,3.0,9.0,1.0,3.0,0.5,0.4,40.0,497,8500.0,128,23,1,0,152
241118,4.0,10.0,3.0,9.0,1.0,3.0,0.5,0.4,40.0,498,8140.0,130,26,1,0,157
241118,4.0,10.0,3.0,9.0,1.0,3.0,0.5,0.4,40.0,499,8080.0,132,25,1,0,158