Exp Num,agent:svo_convergence_factor,agent:params:metabolism,agent:params:consumption_factor,agent:params:procreate_cost_factor,agent:params:procreate_req_factor,agent:params:start_energy_factor,agent:params:caught_chance,agent:params:caught_cooldown_factor,agent:params:maximum_age,Epoch,Resource,A,B,C,D,E
211946,4.0,5.0,2.0,7.0,2.0,1.0,0.30000000000000004,0.5,20.0,0,4000.0,18,30,14,30,70
211946,4.0,5.0,2.0,7.0,2.0,1.0,0.30000000000000004,0.5,20.0,1,4000.0,18,30,14,30,70
211946,4.0,5.0,2.0,7.0,2.0,1.0,0.30000000000000004,0.5,20.0,2,4000.0,18,30,14,30,70
211946,4.0,5.0,2.0,7.0,2.0,1.0,0.30000000000000004,0.5,20.0,3,4000.0,18,30,14,30,70
211946,4.0,5.0,2.0,7.0,2.0,1.0,0.30000000000000004,0.5,20.0,4,4000.0,18,30,14,30,70
211946,4.0,5.0,2.0,7.0,2.0,1.0,0.30000000000000004,0.5,20.0,5,4000.0,18,30,14,30,70
211946,4.0,5.0,2.0,7.0,2.0,1.0,0.30000000000000004,0.5,20.0,6,4000.0,18,30,14,30,70
211946,4.0,5.0,2.0,7.0,2.0,1.0,0.30000000000000004,0.5,20.0,7,4000.0,18,30,14,30,70
211946,4.0,5.0,2.0,7.0,2.0,1.0,0.30000000000000004,0.5,20.0,8,4000.0,18,30,14,30,70
211946,4.0,5.0,2.0,7.0,2.0,1.0,0.30000000000000004,0.5,20.0,9,4000.0,18,30,14,30,70
211946,4.0,5.0,2.0,7.0,2.0,1.0,0.30000000000000004,0.5,20.0,10,4000.0,18,30,14,30,70
211946,4.0,5.0,2.0,7.0,2.0,1.0,0.30000000000000004,0.5,20.0,11,4000.0,18,30,14,30,70
211946,4.0,5.0,2.0,7.0,2.0,1.0,0.30000000000000004,0.5,20.0,12,4000.0,28,46,22,40,110
211946,4.0,5.0,2.0,7.0,2.0,1.0,0.30000000000000004,0.5,20.0,13,3500.0,31,51,31,46,129
211946,4.0,5.0,2.0,7.0,2.0,1.0,0.30000000000000004,0.5,20.0,14,3145.0,33,54,33,47,136
211946,4.0,5.0,2.0,7.0,2.0,1.0,0.30000000000000004,0.5,20.0,15,3211.25,34,56,33,47,139
211946,4.0,5.0,2.0,7.0,2.0,1.0,0.30000000000000004,0.5,20.0,16,3334.0625,35,56,34,47,141
211946,4.0,5.0,2.0,7.0,2.0,1.0,0.30000000000000004,0.5,20.0,17,3567.578125,35,57,34,47,142
211946,4.0,5.0,2.0,7.0,2.0,1.0,0.30000000000000004,0.5,20.0,18,3929.47265625,35,57,35,47,143
211946,4.0,5.0,2.0,7.0,2.0,1.0,0.30000000000000004,0.5,20.0,19,4461.8408203125,37,59,35,48,147
211946,4.0,5.0,2.0,7.0,2.0,1.0,0.30000000000000004,0.5,20.0,20,5007.301025390625,23,39,25,27,101
211946,4.0,5.0,2.0,7.0,2.0,1.0,0.30000000000000004,0.5,20.0,21,5749.126281738281,21,34,22,20,85
211946,4.0,5.0,2.0,7.0,2.0,1.0,0.30000000000000004,0.5,20.0,22,6806.407852172852,17,32,23,15,79
211946,4.0,5.0,2.0,7.0,2.0,1.0,0.30000000000000004,0.5,20.0,23,8038.009815216064,17,30,21,15,75
211946,4.0,5.0,2.0,7.0,2.0,1.0,0.30000000000000004,0.5,20.0,24,9510.0,17,24,20,14,69
211946,4.0,5.0,2.0,7.0,2.0,1.0,0.30000000000000004,0.5,20.0,25,9440.0,18,24,21,12,72
211946,4.0,5.0,2.0,7.0,2.0,1.0,0.30000000000000004,0.5,20.0,26,9350.0,18,26,20,12,74
211946,4.0,5.0,2.0,7.0,2.0,1.0,0.30000000000000004,0.5,20.0,27,9330.0,20,26,17,13,73
211946,4.0,5.0,2.0,7.0,2.0,1.0,0.30000000000000004,0.5,20.0,28,9270.0,22,26,18,13,76
211946,4.0,5.0,2.0,7.0,2.0,1.0,0.30000000000000004,0.5,20.0,29,9220.0,24,29,18,13,81
211946,4.0,5.0,2.0,7.0,2.0,1.0,0.30000000000000004,0.5,20.0,30,9120.0,25,33,20,14,89
211946,4.0,5.0,2.0,7.0,2.0,1.0,0.30000000000000004,0.5,20.0,31,8990.0,29,34,22,15,96
211946,4.0,5.0,2.0,7.0,2.0,1.0,0.30000000000000004,0.5,20.0,32,8890.0,31,38,26,16,107
211946,4.0,5.0,2.0,7.0,2.0,1.0,0.30000000000000004,0.5,20.0,33,8830.0,33,36,28,16,110
211946,4.0,5.0,2.0,7.0,2.0,1.0,0.30000000000000004,0.5,20.0,34,8840.0,33,36,28,16,108
211946,4.0,5.0,2.0,7.0,2.0,1.0,0.30000000000000004,0.5,20.0,35,8860.0,32,39,26,15,107
211946,4.0,5.0,2.0,7.0,2.0,1.0,0.30000000000000004,0.5,20.0,36,8860.0,28,46,29,12,112
211946,4.0,5.0,2.0,7.0,2.0,1.0,0.30000000000000004,0.5,20.0,37,8790.0,32,49,31,13,120
211946,4.0,5.0,2.0,7.0,2.0,1.0,0.30000000000000004,0.5,20.0,38,8700.0,35,52,34,13,129
211946,4.0,5.0,2.0,7.0,2.0,1.0,0.30000000000000004,0.5,20.0,39,8610.0,42,52,37,14,140
211946,4.0,5.0,2.0,7.0,2.0,1.0,0.30000000000000004,0.5,20.0,40,8470.0,47,53,42,15,152
211946,4.0,5.0,2.0,7.0,2.0,1.0,0.30000000000000004,0.5,20.0,41,8340.0,51,55,44,17,163
211946,4.0,5.0,2.0,7.0,2.0,1.0,0.30000000000000004,0.5,20.0,42,8220.0,54,57,48,19,174
211946,4.0,5.0,2.0,7.0,2.0,1.0,0.30000000000000004,0.5,20.0,43,8130.0,57,61,49,19,183
211946,4.0,5.0,2.0,7.0,2.0,1.0,0.30000000000000004,0.5,20.0,44,8040.0,61,65,51,21,193
211946,4.0,5.0,2.0,7.0,2.0,1.0,0.30000000000000004,0.5,20.0,45,7880.0,67,72,52,24,207
211946,4.0,5.0,2.0,7.0,2.0,1.0,0.30000000000000004,0.5,20.0,46,7570.0,72,80,57,28,225
211946,4.0,5.0,2.0,7.0,2.0,1.0,0.30000000000000004,0.5,20.0,47,6992.5,75,88,61,30,240
211946,4.0,5.0,2.0,7.0,2.0,1.0,0.30000000000000004,0.5,20.0,48,6070.625,77,94,67,31,259
211946,4.0,5.0,2.0,7.0,2.0,1.0,0.30000000000000004,0.5,20.0,49,5278.28125,78,96,74,33,270
211946,4.0,5.0,2.0,7.0,2.0,1.0,0.30000000000000004,0.5,20.0,50,5087.8515625,80,99,78,34,279
211946,4.0,5.0,2.0,7.0,2.0,1.0,0.30000000000000004,0.5,20.0,51,5219.814453125,81,97,77,33,277
211946,4.0,5.0,2.0,7.0,2.0,1.0,0.30000000000000004,0.5,20.0,52,5594.76806640625,83,97,76,32,278
211946,4.0,5.0,2.0,7.0,2.0,1.0,0.30000000000000004,0.5,20.0,53,6193.4600830078125,81,97,71,31,269
211946,4.0,5.0,2.0,7.0,2.0,1.0,0.30000000000000004,0.5,20.0,54,7061.825103759766,82,93,72,32,266
211946,4.0,5.0,2.0,7.0,2.0,1.0,0.30000000000000004,0.5,20.0,55,8267.281379699707,82,91,70,27,261
211946,4.0,5.0,2.0,7.0,2.0,1.0,0.30000000000000004,0.5,20.0,56,8900.0,78,91,67,25,253
211946,4.0,5.0,2.0,7.0,2.0,1.0,0.30000000000000004,0.5,20.0,57,8870.0,75,88,62,23,242
211946,4.0,5.0,2.0,7.0,2.0,1.0,0.30000000000000004,0.5,20.0,58,8900.0,67,83,58,22,225
211946,4.0,5.0,2.0,7.0,2.0,1.0,0.30000000000000004,0.5,20.0,59,8870.0,64,76,56,22,212
211946,4.0,5.0,2.0,7.0,2.0,1.0,0.30000000000000004,0.5,20.0,60,8800.0,55,73,51,21,194
211946,4.0,5.0,2.0,7.0,2.0,1.0,0.30000000000000004,0.5,20.0,61,8710.0,47,69,49,21,181
211946,4.0,5.0,2.0,7.0,2.0,1.0,0.30000000000000004,0.5,20.0,62,8550.0,46,69,49,20,179
211946,4.0,5.0,2.0,7.0,2.0,1.0,0.30000000000000004,0.5,20.0,63,8450.0,46,68,50,18,177
211946,4.0,5.0,2.0,7.0,2.0,1.0,0.30000000000000004,0.5,20.0,64,8370.0,41,71,51,17,177
211946,4.0,5.0,2.0,7.0,2.0,1.0,0.30000000000000004,0.5,20.0,65,8280.0,40,69,54,16,179
211946,4.0,5.0,2.0,7.0,2.0,1.0,0.30000000000000004,0.5,20.0,66,8170.0,39,70,59,17,183
211946,4.0,5.0,2.0,7.0,2.0,1.0,0.30000000000000004,0.5,20.0,67,8060.0,40,77,66,16,197
211946,4.0,5.0,2.0,7.0,2.0,1.0,0.30000000000000004,0.5,20.0,68,7950.0,42,87,67,14,210
211946,4.0,5.0,2.0,7.0,2.0,1.0,0.30000000000000004,0.5,20.0,69,7787.5,43,93,69,15,220
211946,4.0,5.0,2.0,7.0,2.0,1.0,0.30000000000000004,0.5,20.0,70,7504.375,47,96,67,16,226
211946,4.0,5.0,2.0,7.0,2.0,1.0,0.30000000000000004,0.5,20.0,71,7070.46875,52,98,66,19,231
211946,4.0,5.0,2.0,7.0,2.0,1.0,0.30000000000000004,0.5,20.0,72,6458.0859375,54,104,66,18,240
211946,4.0,5.0,2.0,7.0,2.0,1.0,0.30000000000000004,0.5,20.0,73,5542.607421875,56,107,72,19,255
211946,4.0,5.0,2.0,7.0,2.0,1.0,0.30000000000000004,0.5,20.0,74,4928.25927734375,57,108,77,20,262
211946,4.0,5.0,2.0,7.0,2.0,1.0,0.30000000000000004,0.5,20.0,75,4760.3240966796875,56,113,79,20,268
211946,4.0,5.0,2.0,7.0,2.0,1.0,0.30000000000000004,0.5,20.0,76,4950.405120849609,56,115,81,20,272
211946,4.0,5.0,2.0,7.0,2.0,1.0,0.30000000000000004,0.5,20.0,77,5348.006401062012,57,115,82,19,274
211946,4.0,5.0,2.0,7.0,2.0,1.0,0.30000000000000004,0.5,20.0,78,5825.008001327515,57,116,82,20,275
211946,4.0,5.0,2.0,7.0,2.0,1.0,0.30000000000000004,0.5,20.0,79,6621.260001659393,57,113,85,21,275
211946,4.0,5.0,2.0,7.0,2.0,1.0,0.30000000000000004,0.5,20.0,80,7626.575002074242,56,110,87,22,273
211946,4.0,5.0,2.0,7.0,2.0,1.0,0.30000000000000004,0.5,20.0,81,8393.218752592802,54,105,85,22,264
211946,4.0,5.0,2.0,7.0,2.0,1.0,0.30000000000000004,0.5,20.0,82,8820.0,49,100,79,23,246
211946,4.0,5.0,2.0,7.0,2.0,1.0,0.30000000000000004,0.5,20.0,83,8830.0,44,87,72,23,221
211946,4.0,5.0,2.0,7.0,2.0,1.0,0.30000000000000004,0.5,20.0,84,8810.0,39,79,67,23,202
211946,4.0,5.0,2.0,7.0,2.0,1.0,0.30000000000000004,0.5,20.0,85,8760.0,37,69,66,24,188
211946,4.0,5.0,2.0,7.0,2.0,1.0,0.30000000000000004,0.5,20.0,86,8640.0,34,65,62,24,176
211946,4.0,5.0,2.0,7.0,2.0,1.0,0.30000000000000004,0.5,20.0,87,8500.0,33,67,66,23,179
211946,4.0,5.0,2.0,7.0,2.0,1.0,0.30000000000000004,0.5,20.0,88,8420.0,31,64,69,23,177
211946,4.0,5.0,2.0,7.0,2.0,1.0,0.30000000000000004,0.5,20.0,89,8320.0,29,65,70,23,176
211946,4.0,5.0,2.0,7.0,2.0,1.0,0.30000000000000004,0.5,20.0,90,8230.0,29,59,72,26,169
211946,4.0,5.0,2.0,7.0,2.0,1.0,0.30000000000000004,0.5,20.0,91,8220.0,26,61,73,28,170
211946,4.0,5.0,2.0,7.0,2.0,1.0,0.30000000000000004,0.5,20.0,92,8130.0,31,61,76,26,179
211946,4.0,5.0,2.0,7.0,2.0,1.0,0.30000000000000004,0.5,20.0,93,8030.0,33,66,78,29,187
211946,4.0,5.0,2.0,7.0,2.0,1.0,0.30000000000000004,0.5,20.0,94,7940.0,35,67,84,32,195
211946,4.0,5.0,2.0,7.0,2.0,1.0,0.30000000000000004,0.5,20.0,95,7775.0,36,70,90,34,202
211946,4.0,5.0,2.0,7.0,2.0,1.0,0.30000000000000004,0.5,20.0,96,7458.75,36,73,96,37,210
211946,4.0,5.0,2.0,7.0,2.0,1.0,0.30000000000000004,0.5,20.0,97,6923.4375,39,70,103,40,218
211946,4.0,5.0,2.0,7.0,2.0,1.0,0.30000000000000004,0.5,20.0,98,6114.296875,39,76,109,43,231
211946,4.0,5.0,2.0,7.0,2.0,1.0,0.30000000000000004,0.5,20.0,99,5162.87109375,38,77,115,46,239
211946,4.0,5.0,2.0,7.0,2.0,1.0,0.30000000000000004,0.5,20.0,100,4923.5888671875,43,79,119,47,250
211946,4.0,5.0,2.0,7.0,2.0,1.0,0.30000000000000004,0.5,20.0,101,5104.486083984375,45,78,116,46,248
211946,4.0,5.0,2.0,7.0,2.0,1.0,0.30000000000000004,0.5,20.0,102,5500.607604980469,48,81,115,45,253
211946,4.0,5.0,2.0,7.0,2.0,1.0,0.30000000000000004,0.5,20.0,103,5945.759506225586,48,83,115,43,255
211946,4.0,5.0,2.0,7.0,2.0,1.0,0.30000000000000004,0.5,20.0,104,6642.199382781982,49,83,117,42,258
211946,4.0,5.0,2.0,7.0,2.0,1.0,0.30000000000000004,0.5,20.0,105,7672.749228477478,49,81,114,41,253
211946,4.0,5.0,2.0,7.0,2.0,1.0,0.30000000000000004,0.5,20.0,106,8510.936535596848,50,80,109,40,248
211946,4.0,5.0,2.0,7.0,2.0,1.0,0.30000000000000004,0.5,20.0,107,8810.0,49,75,106,36,239
211946,4.0,5.0,2.0,7.0,2.0,1.0,0.30000000000000004,0.5,20.0,108,8900.0,48,75,96,34,228
211946,4.0,5.0,2.0,7.0,2.0,1.0,0.30000000000000004,0.5,20.0,109,8900.0,44,71,81,30,205
211946,4.0,5.0,2.0,7.0,2.0,1.0,0.30000000000000004,0.5,20.0,110,8850.0,42,65,75,26,191
211946,4.0,5.0,2.0,7.0,2.0,1.0,0.30000000000000004,0.5,20.0,111,8660.0,41,63,76,23,188
211946,4.0,5.0,2.0,7.0,2.0,1.0,0.30000000000000004,0.5,20.0,112,8440.0,41,63,76,22,187
211946,4.0,5.0,2.0,7.0,2.0,1.0,0.30000000000000004,0.5,20.0,113,8380.0,39,57,74,26,178
211946,4.0,5.0,2.0,7.0,2.0,1.0,0.30000000000000004,0.5,20.0,114,8260.0,37,61,74,26,179
211946,4.0,5.0,2.0,7.0,2.0,1.0,0.30000000000000004,0.5,20.0,115,8140.0,39,64,77,27,186
211946,4.0,5.0,2.0,7.0,2.0,1.0,0.30000000000000004,0.5,20.0,116,8110.0,37,62,75,26,182
211946,4.0,5.0,2.0,7.0,2.0,1.0,0.30000000000000004,0.5,20.0,117,8050.0,37,63,77,27,186
211946,4.0,5.0,2.0,7.0,2.0,1.0,0.30000000000000004,0.5,20.0,118,7990.0,38,68,77,26,191
211946,4.0,5.0,2.0,7.0,2.0,1.0,0.30000000000000004,0.5,20.0,119,7867.5,38,73,85,29,204
211946,4.0,5.0,2.0,7.0,2.0,1.0,0.30000000000000004,0.5,20.0,120,7594.375,40,74,90,31,211
211946,4.0,5.0,2.0,7.0,2.0,1.0,0.30000000000000004,0.5,20.0,121,7122.96875,41,82,97,31,227
211946,4.0,5.0,2.0,7.0,2.0,1.0,0.30000000000000004,0.5,20.0,122,6413.7109375,42,92,101,32,241
211946,4.0,5.0,2.0,7.0,2.0,1.0,0.30000000000000004,0.5,20.0,123,5397.138671875,47,95,103,34,252
211946,4.0,5.0,2.0,7.0,2.0,1.0,0.30000000000000004,0.5,20.0,124,4816.42333984375,53,98,107,36,265
211946,4.0,5.0,2.0,7.0,2.0,1.0,0.30000000000000004,0.5,20.0,125,4960.5291748046875,55,98,109,37,269
211946,4.0,5.0,2.0,7.0,2.0,1.0,0.30000000000000004,0.5,20.0,126,5340.661468505859,54,98,108,38,267
211946,4.0,5.0,2.0,7.0,2.0,1.0,0.30000000000000004,0.5,20.0,127,5865.826835632324,54,97,109,38,267
211946,4.0,5.0,2.0,7.0,2.0,1.0,0.30000000000000004,0.5,20.0,128,6582.283544540405,53,100,111,38,271
211946,4.0,5.0,2.0,7.0,2.0,1.0,0.30000000000000004,0.5,20.0,129,7577.854430675507,50,98,108,38,263
211946,4.0,5.0,2.0,7.0,2.0,1.0,0.30000000000000004,0.5,20.0,130,8552.318038344383,50,99,103,36,259
211946,4.0,5.0,2.0,7.0,2.0,1.0,0.30000000000000004,0.5,20.0,131,8880.0,45,92,92,34,236
211946,4.0,5.0,2.0,7.0,2.0,1.0,0.30000000000000004,0.5,20.0,132,8910.0,43,86,87,32,223
211946,4.0,5.0,2.0,7.0,2.0,1.0,0.30000000000000004,0.5,20.0,133,8910.0,38,79,82,31,206
211946,4.0,5.0,2.0,7.0,2.0,1.0,0.30000000000000004,0.5,20.0,134,8860.0,38,69,75,30,189
211946,4.0,5.0,2.0,7.0,2.0,1.0,0.30000000000000004,0.5,20.0,135,8780.0,37,67,78,25,188
211946,4.0,5.0,2.0,7.0,2.0,1.0,0.30000000000000004,0.5,20.0,136,8650.0,32,62,78,24,178
211946,4.0,5.0,2.0,7.0,2.0,1.0,0.30000000000000004,0.5,20.0,137,8520.0,28,61,82,23,176
211946,4.0,5.0,2.0,7.0,2.0,1.0,0.30000000000000004,0.5,20.0,138,8410.0,30,61,79,19,176
211946,4.0,5.0,2.0,7.0,2.0,1.0,0.30000000000000004,0.5,20.0,139,8230.0,31,65,79,17,182
211946,4.0,5.0,2.0,7.0,2.0,1.0,0.30000000000000004,0.5,20.0,140,8200.0,33,67,74,15,182
211946,4.0,5.0,2.0,7.0,2.0,1.0,0.30000000000000004,0.5,20.0,141,8170.0,34,72,74,16,188
211946,4.0,5.0,2.0,7.0,2.0,1.0,0.30000000000000004,0.5,20.0,142,8080.0,36,77,78,16,198
211946,4.0,5.0,2.0,7.0,2.0,1.0,0.30000000000000004,0.5,20.0,143,7970.0,35,82,81,17,205
211946,4.0,5.0,2.0,7.0,2.0,1.0,0.30000000000000004,0.5,20.0,144,7822.5,38,90,80,19,215
211946,4.0,5.0,2.0,7.0,2.0,1.0,0.30000000000000004,0.5,20.0,145,7548.125,36,94,81,21,218
211946,4.0,5.0,2.0,7.0,2.0,1.0,0.30000000000000004,0.5,20.0,146,7155.15625,36,99,84,20,228
211946,4.0,5.0,2.0,7.0,2.0,1.0,0.30000000000000004,0.5,20.0,147,6543.9453125,40,104,85,20,240
211946,4.0,5.0,2.0,7.0,2.0,1.0,0.30000000000000004,0.5,20.0,148,5629.931640625,44,112,89,21,257
211946,4.0,5.0,2.0,7.0,2.0,1.0,0.30000000000000004,0.5,20.0,149,4917.41455078125,47,120,95,21,274
211946,4.0,5.0,2.0,7.0,2.0,1.0,0.30000000000000004,0.5,20.0,150,4886.7681884765625,49,123,95,21,279
211946,4.0,5.0,2.0,7.0,2.0,1.0,0.30000000000000004,0.5,20.0,151,5168.460235595703,48,123,99,21,282
211946,4.0,5.0,2.0,7.0,2.0,1.0,0.30000000000000004,0.5,20.0,152,5450.575294494629,49,123,99,21,283
211946,4.0,5.0,2.0,7.0,2.0,1.0,0.30000000000000004,0.5,20.0,153,6013.219118118286,48,122,98,21,280
211946,4.0,5.0,2.0,7.0,2.0,1.0,0.30000000000000004,0.5,20.0,154,6936.523897647858,47,122,96,21,277
211946,4.0,5.0,2.0,7.0,2.0,1.0,0.30000000000000004,0.5,20.0,155,8130.654872059822,47,118,94,20,270
211946,4.0,5.0,2.0,7.0,2.0,1.0,0.30000000000000004,0.5,20.0,156,8990.0,43,113,87,20,254
211946,4.0,5.0,2.0,7.0,2.0,1.0,0.30000000000000004,0.5,20.0,157,8990.0,40,109,80,20,240
211946,4.0,5.0,2.0,7.0,2.0,1.0,0.30000000000000004,0.5,20.0,158,9000.0,34,100,74,20,219
211946,4.0,5.0,2.0,7.0,2.0,1.0,0.30000000000000004,0.5,20.0,159,8950.0,32,91,71,21,204
211946,4.0,5.0,2.0,7.0,2.0,1.0,0.30000000000000004,0.5,20.0,160,8930.0,29,94,63,16,193
211946,4.0,5.0,2.0,7.0,2.0,1.0,0.30000000000000004,0.5,20.0,161,8790.0,26,90,66,17,187
211946,4.0,5.0,2.0,7.0,2.0,1.0,0.30000000000000004,0.5,20.0,162,8700.0,23,82,65,16,175
211946,4.0,5.0,2.0,7.0,2.0,1.0,0.30000000000000004,0.5,20.0,163,8610.0,24,73,68,15,170
211946,4.0,5.0,2.0,7.0,2.0,1.0,0.30000000000000004,0.5,20.0,164,8520.0,22,64,69,15,161
211946,4.0,5.0,2.0,7.0,2.0,1.0,0.30000000000000004,0.5,20.0,165,8380.0,19,65,71,19,161
211946,4.0,5.0,2.0,7.0,2.0,1.0,0.30000000000000004,0.5,20.0,166,8370.0,22,61,72,19,161
211946,4.0,5.0,2.0,7.0,2.0,1.0,0.30000000000000004,0.5,20.0,167,8310.0,24,62,73,20,166
211946,4.0,5.0,2.0,7.0,2.0,1.0,0.30000000000000004,0.5,20.0,168,8260.0,29,61,77,19,174
211946,4.0,5.0,2.0,7.0,2.0,1.0,0.30000000000000004,0.5,20.0,169,8140.0,30,68,82,19,186
211946,4.0,5.0,2.0,7.0,2.0,1.0,0.30000000000000004,0.5,20.0,170,8050.0,28,74,84,17,193
211946,4.0,5.0,2.0,7.0,2.0,1.0,0.30000000000000004,0.5,20.0,171,8020.0,30,72,87,17,197
211946,4.0,5.0,2.0,7.0,2.0,1.0,0.30000000000000004,0.5,20.0,172,7940.0,32,75,89,17,205
211946,4.0,5.0,2.0,7.0,2.0,1.0,0.30000000000000004,0.5,20.0,173,7765.0,33,77,99,17,218
211946,4.0,5.0,2.0,7.0,2.0,1.0,0.30000000000000004,0.5,20.0,174,7396.25,39,83,103,18,234
211946,4.0,5.0,2.0,7.0,2.0,1.0,0.30000000000000004,0.5,20.0,175,6765.3125,43,90,108,20,251
211946,4.0,5.0,2.0,7.0,2.0,1.0,0.30000000000000004,0.5,20.0,176,5796.640625,50,93,115,24,270
211946,4.0,5.0,2.0,7.0,2.0,1.0,0.30000000000000004,0.5,20.0,177,5295.80078125,54,97,120,27,283
211946,4.0,5.0,2.0,7.0,2.0,1.0,0.30000000000000004,0.5,20.0,178,5359.7509765625,54,101,123,29,290
211946,4.0,5.0,2.0,7.0,2.0,1.0,0.30000000000000004,0.5,20.0,179,5739.688720703125,56,100,122,30,290
211946,4.0,5.0,2.0,7.0,2.0,1.0,0.30000000000000004,0.5,20.0,180,6324.610900878906,57,98,122,29,289
211946,4.0,5.0,2.0,7.0,2.0,1.0,0.30000000000000004,0.5,20.0,181,7125.763626098633,55,95,121,31,283
211946,4.0,5.0,2.0,7.0,2.0,1.0,0.30000000000000004,0.5,20.0,182,8177.204532623291,56,93,120,29,281
211946,4.0,5.0,2.0,7.0,2.0,1.0,0.30000000000000004,0.5,20.0,183,8850.0,55,90,114,30,271
211946,4.0,5.0,2.0,7.0,2.0,1.0,0.30000000000000004,0.5,20.0,184,8710.0,53,86,105,29,256
211946,4.0,5.0,2.0,7.0,2.0,1.0,0.30000000000000004,0.5,20.0,185,8770.0,50,84,95,30,241
211946,4.0,5.0,2.0,7.0,2.0,1.0,0.30000000000000004,0.5,20.0,186,8780.0,43,81,86,28,222
211946,4.0,5.0,2.0,7.0,2.0,1.0,0.30000000000000004,0.5,20.0,187,8680.0,42,78,80,26,213
211946,4.0,5.0,2.0,7.0,2.0,1.0,0.30000000000000004,0.5,20.0,188,8680.0,40,72,69,25,195
211946,4.0,5.0,2.0,7.0,2.0,1.0,0.30000000000000004,0.5,20.0,189,8530.0,33,69,67,26,184
211946,4.0,5.0,2.0,7.0,2.0,1.0,0.30000000000000004,0.5,20.0,190,8340.0,31,65,66,29,178
211946,4.0,5.0,2.0,7.0,2.0,1.0,0.30000000000000004,0.5,20.0,191,8200.0,31,64,66,31,177
211946,4.0,5.0,2.0,7.0,2.0,1.0,0.30000000000000004,0.5,20.0,192,8090.0,33,69,64,31,184
211946,4.0,5.0,2.0,7.0,2.0,1.0,0.30000000000000004,0.5,20.0,193,8000.0,34,72,66,34,190
211946,4.0,5.0,2.0,7.0,2.0,1.0,0.30000000000000004,0.5,20.0,194,7890.0,37,70,73,37,196
211946,4.0,5.0,2.0,7.0,2.0,1.0,0.30000000000000004,0.5,20.0,195,7642.5,38,70,77,41,201
211946,4.0,5.0,2.0,7.0,2.0,1.0,0.30000000000000004,0.5,20.0,196,7183.125,43,72,81,44,214
211946,4.0,5.0,2.0,7.0,2.0,1.0,0.30000000000000004,0.5,20.0,197,6538.90625,45,77,79,46,218
211946,4.0,5.0,2.0,7.0,2.0,1.0,0.30000000000000004,0.5,20.0,198,5643.6328125,48,79,82,44,227
211946,4.0,5.0,2.0,7.0,2.0,1.0,0.30000000000000004,0.5,20.0,199,4964.541015625,50,86,81,42,239
211946,4.0,5.0,2.0,7.0,2.0,1.0,0.30000000000000004,0.5,20.0,200,4835.67626953125,52,86,80,46,241
211946,4.0,5.0,2.0,7.0,2.0,1.0,0.30000000000000004,0.5,20.0,201,4874.5953369140625,54,85,79,43,241
211946,4.0,5.0,2.0,7.0,2.0,1.0,0.30000000000000004,0.5,20.0,202,5233.244171142578,53,84,80,41,240
211946,4.0,5.0,2.0,7.0,2.0,1.0,0.30000000000000004,0.5,20.0,203,5881.555213928223,53,85,79,43,240
211946,4.0,5.0,2.0,7.0,2.0,1.0,0.30000000000000004,0.5,20.0,204,6681.944017410278,53,88,76,43,240
211946,4.0,5.0,2.0,7.0,2.0,1.0,0.30000000000000004,0.5,20.0,205,7732.430021762848,54,90,76,41,243
211946,4.0,5.0,2.0,7.0,2.0,1.0,0.30000000000000004,0.5,20.0,206,8475.53752720356,54,84,73,41,234
211946,4.0,5.0,2.0,7.0,2.0,1.0,0.30000000000000004,0.5,20.0,207,8830.0,52,79,72,36,226
211946,4.0,5.0,2.0,7.0,2.0,1.0,0.30000000000000004,0.5,20.0,208,8770.0,49,75,71,35,215
211946,4.0,5.0,2.0,7.0,2.0,1.0,0.30000000000000004,0.5,20.0,209,8810.0,47,64,63,35,193
211946,4.0,5.0,2.0,7.0,2.0,1.0,0.30000000000000004,0.5,20.0,210,8680.0,44,61,62,32,186
211946,4.0,5.0,2.0,7.0,2.0,1.0,0.30000000000000004,0.5,20.0,211,8580.0,42,61,64,28,187
211946,4.0,5.0,2.0,7.0,2.0,1.0,0.30000000000000004,0.5,20.0,212,8450.0,43,52,64,30,177
211946,4.0,5.0,2.0,7.0,2.0,1.0,0.30000000000000004,0.5,20.0,213,8320.0,42,49,63,31,172
211946,4.0,5.0,2.0,7.0,2.0,1.0,0.30000000000000004,0.5,20.0,214,8210.0,46,50,61,32,174
211946,4.0,5.0,2.0,7.0,2.0,1.0,0.30000000000000004,0.5,20.0,215,8090.0,47,51,59,28,174
211946,4.0,5.0,2.0,7.0,2.0,1.0,0.30000000000000004,0.5,20.0,216,8100.0,49,55,56,27,179
211946,4.0,5.0,2.0,7.0,2.0,1.0,0.30000000000000004,0.5,20.0,217,8060.0,48,61,58,28,190
211946,4.0,5.0,2.0,7.0,2.0,1.0,0.30000000000000004,0.5,20.0,218,7880.0,48,67,62,34,201
211946,4.0,5.0,2.0,7.0,2.0,1.0,0.30000000000000004,0.5,20.0,219,7600.0,51,73,66,32,215
211946,4.0,5.0,2.0,7.0,2.0,1.0,0.30000000000000004,0.5,20.0,220,7160.0,54,73,63,34,219
211946,4.0,5.0,2.0,7.0,2.0,1.0,0.30000000000000004,0.5,20.0,221,6530.0,58,73,67,35,227
211946,4.0,5.0,2.0,7.0,2.0,1.0,0.30000000000000004,0.5,20.0,222,5652.5,62,76,71,33,238
211946,4.0,5.0,2.0,7.0,2.0,1.0,0.30000000000000004,0.5,20.0,223,5015.625,64,79,72,35,245
211946,4.0,5.0,2.0,7.0,2.0,1.0,0.30000000000000004,0.5,20.0,224,4939.53125,65,85,76,34,256
211946,4.0,5.0,2.0,7.0,2.0,1.0,0.30000000000000004,0.5,20.0,225,5204.4140625,65,85,79,33,260
211946,4.0,5.0,2.0,7.0,2.0,1.0,0.30000000000000004,0.5,20.0,226,5635.517578125,63,84,81,34,261
211946,4.0,5.0,2.0,7.0,2.0,1.0,0.30000000000000004,0.5,20.0,227,6124.39697265625,64,84,84,34,265
211946,4.0,5.0,2.0,7.0,2.0,1.0,0.30000000000000004,0.5,20.0,228,6825.4962158203125,64,82,86,34,264
211946,4.0,5.0,2.0,7.0,2.0,1.0,0.30000000000000004,0.5,20.0,229,7671.870269775391,64,80,83,33,259
211946,4.0,5.0,2.0,7.0,2.0,1.0,0.30000000000000004,0.5,20.0,230,8329.837837219238,66,77,82,34,257
211946,4.0,5.0,2.0,7.0,2.0,1.0,0.30000000000000004,0.5,20.0,231,8660.0,62,67,81,31,242
211946,4.0,5.0,2.0,7.0,2.0,1.0,0.30000000000000004,0.5,20.0,232,8650.0,62,58,76,29,228
211946,4.0,5.0,2.0,7.0,2.0,1.0,0.30000000000000004,0.5,20.0,233,8590.0,58,56,70,27,216
211946,4.0,5.0,2.0,7.0,2.0,1.0,0.30000000000000004,0.5,20.0,234,8530.0,54,54,64,22,204
211946,4.0,5.0,2.0,7.0,2.0,1.0,0.30000000000000004,0.5,20.0,235,8340.0,47,54,65,26,198
211946,4.0,5.0,2.0,7.0,2.0,1.0,0.30000000000000004,0.5,20.0,236,8140.0,45,55,68,28,199
211946,4.0,5.0,2.0,7.0,2.0,1.0,0.30000000000000004,0.5,20.0,237,8030.0,44,59,67,28,200
211946,4.0,5.0,2.0,7.0,2.0,1.0,0.30000000000000004,0.5,20.0,238,8030.0,47,53,68,29,197
211946,4.0,5.0,2.0,7.0,2.0,1.0,0.30000000000000004,0.5,20.0,239,7960.0,48,51,72,26,201
211946,4.0,5.0,2.0,7.0,2.0,1.0,0.30000000000000004,0.5,20.0,240,7800.0,48,55,76,28,209
211946,4.0,5.0,2.0,7.0,2.0,1.0,0.30000000000000004,0.5,20.0,241,7520.0,49,61,82,28,220
211946,4.0,5.0,2.0,7.0,2.0,1.0,0.30000000000000004,0.5,20.0,242,7040.0,53,68,83,28,231
211946,4.0,5.0,2.0,7.0,2.0,1.0,0.30000000000000004,0.5,20.0,243,6310.0,54,77,87,28,243
211946,4.0,5.0,2.0,7.0,2.0,1.0,0.30000000000000004,0.5,20.0,244,5257.5,55,81,89,29,251
211946,4.0,5.0,2.0,7.0,2.0,1.0,0.30000000000000004,0.5,20.0,245,4781.875,56,85,85,27,252
211946,4.0,5.0,2.0,7.0,2.0,1.0,0.30000000000000004,0.5,20.0,246,4927.34375,57,87,85,25,255
211946,4.0,5.0,2.0,7.0,2.0,1.0,0.30000000000000004,0.5,20.0,247,5179.1796875,56,90,83,24,255
211946,4.0,5.0,2.0,7.0,2.0,1.0,0.30000000000000004,0.5,20.0,248,5603.974609375,54,93,83,24,254
211946,4.0,5.0,2.0,7.0,2.0,1.0,0.30000000000000004,0.5,20.0,249,6274.96826171875,52,93,82,24,250
211946,4.0,5.0,2.0,7.0,2.0,1.0,0.30000000000000004,0.5,20.0,250,7083.7103271484375,53,96,79,25,251
211946,4.0,5.0,2.0,7.0,2.0,1.0,0.30000000000000004,0.5,20.0,251,7804.637908935547,50,97,79,25,249
211946,4.0,5.0,2.0,7.0,2.0,1.0,0.30000000000000004,0.5,20.0,252,8535.797386169434,50,98,75,20,246
211946,4.0,5.0,2.0,7.0,2.0,1.0,0.30000000000000004,0.5,20.0,253,8800.0,46,98,69,20,236
211946,4.0,5.0,2.0,7.0,2.0,1.0,0.30000000000000004,0.5,20.0,254,8760.0,44,98,62,20,226
211946,4.0,5.0,2.0,7.0,2.0,1.0,0.30000000000000004,0.5,20.0,255,8760.0,42,93,56,18,212
211946,4.0,5.0,2.0,7.0,2.0,1.0,0.30000000000000004,0.5,20.0,256,8520.0,41,90,58,18,207
211946,4.0,5.0,2.0,7.0,2.0,1.0,0.30000000000000004,0.5,20.0,257,8410.0,39,90,56,16,202
211946,4.0,5.0,2.0,7.0,2.0,1.0,0.30000000000000004,0.5,20.0,258,8270.0,37,87,58,13,199
211946,4.0,5.0,2.0,7.0,2.0,1.0,0.30000000000000004,0.5,20.0,259,8180.0,42,85,56,13,199
211946,4.0,5.0,2.0,7.0,2.0,1.0,0.30000000000000004,0.5,20.0,260,8170.0,40,86,52,14,195
211946,4.0,5.0,2.0,7.0,2.0,1.0,0.30000000000000004,0.5,20.0,261,8110.0,40,90,54,15,203
211946,4.0,5.0,2.0,7.0,2.0,1.0,0.30000000000000004,0.5,20.0,262,7950.0,43,94,59,18,212
211946,4.0,5.0,2.0,7.0,2.0,1.0,0.30000000000000004,0.5,20.0,263,7797.5,44,95,64,18,219
211946,4.0,5.0,2.0,7.0,2.0,1.0,0.30000000000000004,0.5,20.0,264,7476.875,45,102,63,21,229
211946,4.0,5.0,2.0,7.0,2.0,1.0,0.30000000000000004,0.5,20.0,265,6906.09375,49,106,67,25,239
211946,4.0,5.0,2.0,7.0,2.0,1.0,0.30000000000000004,0.5,20.0,266,6042.6171875,54,109,70,27,250
211946,4.0,5.0,2.0,7.0,2.0,1.0,0.30000000000000004,0.5,20.0,267,5183.271484375,56,112,76,24,260
211946,4.0,5.0,2.0,7.0,2.0,1.0,0.30000000000000004,0.5,20.0,268,4759.08935546875,60,114,79,25,269
211946,4.0,5.0,2.0,7.0,2.0,1.0,0.30000000000000004,0.5,20.0,269,4788.8616943359375,61,115,85,25,278
211946,4.0,5.0,2.0,7.0,2.0,1.0,0.30000000000000004,0.5,20.0,270,5016.077117919922,60,116,86,25,279
211946,4.0,5.0,2.0,7.0,2.0,1.0,0.30000000000000004,0.5,20.0,271,5520.096397399902,58,111,86,25,272
211946,4.0,5.0,2.0,7.0,2.0,1.0,0.30000000000000004,0.5,20.0,272,6250.120496749878,57,109,88,24,271
211946,4.0,5.0,2.0,7.0,2.0,1.0,0.30000000000000004,0.5,20.0,273,7302.650620937347,55,108,90,24,270
211946,4.0,5.0,2.0,7.0,2.0,1.0,0.30000000000000004,0.5,20.0,274,8408.313276171684,54,105,90,23,266
211946,4.0,5.0,2.0,7.0,2.0,1.0,0.30000000000000004,0.5,20.0,275,9040.0,46,96,87,23,246
211946,4.0,5.0,2.0,7.0,2.0,1.0,0.30000000000000004,0.5,20.0,276,9120.0,43,81,77,22,218
211946,4.0,5.0,2.0,7.0,2.0,1.0,0.30000000000000004,0.5,20.0,277,9040.0,40,71,79,21,207
211946,4.0,5.0,2.0,7.0,2.0,1.0,0.30000000000000004,0.5,20.0,278,9120.0,35,64,73,20,185
211946,4.0,5.0,2.0,7.0,2.0,1.0,0.30000000000000004,0.5,20.0,279,9070.0,27,61,64,16,166
211946,4.0,5.0,2.0,7.0,2.0,1.0,0.30000000000000004,0.5,20.0,280,8910.0,23,59,62,15,159
211946,4.0,5.0,2.0,7.0,2.0,1.0,0.30000000000000004,0.5,20.0,281,8810.0,21,56,61,13,152
211946,4.0,5.0,2.0,7.0,2.0,1.0,0.30000000000000004,0.5,20.0,282,8660.0,23,55,60,13,154
211946,4.0,5.0,2.0,7.0,2.0,1.0,0.30000000000000004,0.5,20.0,283,8590.0,25,52,59,11,154
211946,4.0,5.0,2.0,7.0,2.0,1.0,0.30000000000000004,0.5,20.0,284,8620.0,29,48,56,9,149
211946,4.0,5.0,2.0,7.0,2.0,1.0,0.30000000000000004,0.5,20.0,285,8600.0,28,46,58,8,145
211946,4.0,5.0,2.0,7.0,2.0,1.0,0.30000000000000004,0.5,20.0,286,8580.0,29,45,60,9,148
211946,4.0,5.0,2.0,7.0,2.0,1.0,0.30000000000000004,0.5,20.0,287,8490.0,28,47,67,9,156
211946,4.0,5.0,2.0,7.0,2.0,1.0,0.30000000000000004,0.5,20.0,288,8400.0,27,50,70,9,163
211946,4.0,5.0,2.0,7.0,2.0,1.0,0.30000000000000004,0.5,20.0,289,8350.0,26,53,75,9,172
211946,4.0,5.0,2.0,7.0,2.0,1.0,0.30000000000000004,0.5,20.0,290,8250.0,26,57,78,9,179
211946,4.0,5.0,2.0,7.0,2.0,1.0,0.30000000000000004,0.5,20.0,291,8180.0,30,61,79,10,188
211946,4.0,5.0,2.0,7.0,2.0,1.0,0.30000000000000004,0.5,20.0,292,8120.0,33,59,81,11,190
211946,4.0,5.0,2.0,7.0,2.0,1.0,0.30000000000000004,0.5,20.0,293,8060.0,35,64,86,13,201
211946,4.0,5.0,2.0,7.0,2.0,1.0,0.30000000000000004,0.5,20.0,294,7920.0,38,67,91,17,213
211946,4.0,5.0,2.0,7.0,2.0,1.0,0.30000000000000004,0.5,20.0,295,7610.0,39,71,101,20,232
211946,4.0,5.0,2.0,7.0,2.0,1.0,0.30000000000000004,0.5,20.0,296,7022.5,42,73,111,22,250
211946,4.0,5.0,2.0,7.0,2.0,1.0,0.30000000000000004,0.5,20.0,297,6068.125,46,78,118,24,269
211946,4.0,5.0,2.0,7.0,2.0,1.0,0.30000000000000004,0.5,20.0,298,5405.15625,53,83,121,25,285
211946,4.0,5.0,2.0,7.0,2.0,1.0,0.30000000000000004,0.5,20.0,299,5396.4453125,54,88,119,25,290
211946,4.0,5.0,2.0,7.0,2.0,1.0,0.30000000000000004,0.5,20.0,300,5705.556640625,55,89,117,24,290
211946,4.0,5.0,2.0,7.0,2.0,1.0,0.30000000000000004,0.5,20.0,301,6171.94580078125,56,86,115,23,286
211946,4.0,5.0,2.0,7.0,2.0,1.0,0.30000000000000004,0.5,20.0,302,6924.9322509765625,57,84,117,22,284
211946,4.0,5.0,2.0,7.0,2.0,1.0,0.30000000000000004,0.5,20.0,303,7836.165313720703,55,84,114,22,278
211946,4.0,5.0,2.0,7.0,2.0,1.0,0.30000000000000004,0.5,20.0,304,8545.206642150879,55,81,113,23,274
211946,4.0,5.0,2.0,7.0,2.0,1.0,0.30000000000000004,0.5,20.0,305,8600.0,49,82,107,24,262
211946,4.0,5.0,2.0,7.0,2.0,1.0,0.30000000000000004,0.5,20.0,306,8650.0,45,82,102,25,251
211946,4.0,5.0,2.0,7.0,2.0,1.0,0.30000000000000004,0.5,20.0,307,8580.0,42,78,99,24,239
211946,4.0,5.0,2.0,7.0,2.0,1.0,0.30000000000000004,0.5,20.0,308,8470.0,41,74,94,23,229
211946,4.0,5.0,2.0,7.0,2.0,1.0,0.30000000000000004,0.5,20.0,309,8350.0,38,70,96,21,222
211946,4.0,5.0,2.0,7.0,2.0,1.0,0.30000000000000004,0.5,20.0,310,8190.0,35,75,93,21,223
211946,4.0,5.0,2.0,7.0,2.0,1.0,0.30000000000000004,0.5,20.0,311,7900.0,37,77,95,22,228
211946,4.0,5.0,2.0,7.0,2.0,1.0,0.30000000000000004,0.5,20.0,312,7655.0,38,79,93,24,229
211946,4.0,5.0,2.0,7.0,2.0,1.0,0.30000000000000004,0.5,20.0,313,7228.75,34,80,97,25,229
211946,4.0,5.0,2.0,7.0,2.0,1.0,0.30000000000000004,0.5,20.0,314,6665.9375,33,87,97,26,236
211946,4.0,5.0,2.0,7.0,2.0,1.0,0.30000000000000004,0.5,20.0,315,5842.421875,36,95,99,29,250
211946,4.0,5.0,2.0,7.0,2.0,1.0,0.30000000000000004,0.5,20.0,316,5053.02734375,39,100,103,26,262
211946,4.0,5.0,2.0,7.0,2.0,1.0,0.30000000000000004,0.5,20.0,317,4876.2841796875,42,97,105,29,262
211946,4.0,5.0,2.0,7.0,2.0,1.0,0.30000000000000004,0.5,20.0,318,5065.355224609375,44,93,102,28,255
211946,4.0,5.0,2.0,7.0,2.0,1.0,0.30000000000000004,0.5,20.0,319,5371.694030761719,44,91,97,27,245
211946,4.0,5.0,2.0,7.0,2.0,1.0,0.30000000000000004,0.5,20.0,320,5814.617538452148,44,90,97,27,244
211946,4.0,5.0,2.0,7.0,2.0,1.0,0.30000000000000004,0.5,20.0,321,6458.271923065186,43,90,99,27,244
211946,4.0,5.0,2.0,7.0,2.0,1.0,0.30000000000000004,0.5,20.0,322,7242.839903831482,40,85,99,25,235
211946,4.0,5.0,2.0,7.0,2.0,1.0,0.30000000000000004,0.5,20.0,323,7843.549879789352,38,83,98,25,230
211946,4.0,5.0,2.0,7.0,2.0,1.0,0.30000000000000004,0.5,20.0,324,8594.43734973669,38,78,95,24,222
211946,4.0,5.0,2.0,7.0,2.0,1.0,0.30000000000000004,0.5,20.0,325,8810.0,38,75,89,25,213
211946,4.0,5.0,2.0,7.0,2.0,1.0,0.30000000000000004,0.5,20.0,326,8790.0,36,75,81,18,205
211946,4.0,5.0,2.0,7.0,2.0,1.0,0.30000000000000004,0.5,20.0,327,8650.0,34,73,79,18,200
211946,4.0,5.0,2.0,7.0,2.0,1.0,0.30000000000000004,0.5,20.0,328,8610.0,35,65,74,19,187
211946,4.0,5.0,2.0,7.0,2.0,1.0,0.30000000000000004,0.5,20.0,329,8450.0,30,63,74,21,180
211946,4.0,5.0,2.0,7.0,2.0,1.0,0.30000000000000004,0.5,20.0,330,8270.0,31,64,73,22,181
211946,4.0,5.0,2.0,7.0,2.0,1.0,0.30000000000000004,0.5,20.0,331,8180.0,28,65,74,23,180
211946,4.0,5.0,2.0,7.0,2.0,1.0,0.30000000000000004,0.5,20.0,332,8120.0,27,70,75,24,186
211946,4.0,5.0,2.0,7.0,2.0,1.0,0.30000000000000004,0.5,20.0,333,8010.0,33,71,75,25,197
211946,4.0,5.0,2.0,7.0,2.0,1.0,0.30000000000000004,0.5,20.0,334,7840.0,38,73,83,27,214
211946,4.0,5.0,2.0,7.0,2.0,1.0,0.30000000000000004,0.5,20.0,335,7470.0,41,72,91,29,226
211946,4.0,5.0,2.0,7.0,2.0,1.0,0.30000000000000004,0.5,20.0,336,6877.5,42,76,98,27,239
211946,4.0,5.0,2.0,7.0,2.0,1.0,0.30000000000000004,0.5,20.0,337,5996.875,47,80,101,31,251
211946,4.0,5.0,2.0,7.0,2.0,1.0,0.30000000000000004,0.5,20.0,338,5276.09375,52,79,104,31,259
211946,4.0,5.0,2.0,7.0,2.0,1.0,0.30000000000000004,0.5,20.0,339,5075.1171875,54,76,98,30,252
211946,4.0,5.0,2.0,7.0,2.0,1.0,0.30000000000000004,0.5,20.0,340,5093.896484375,57,78,97,30,255
211946,4.0,5.0,2.0,7.0,2.0,1.0,0.30000000000000004,0.5,20.0,341,5307.37060546875,60,82,91,30,256
211946,4.0,5.0,2.0,7.0,2.0,1.0,0.30000000000000004,0.5,20.0,342,5484.2132568359375,59,83,90,30,254
211946,4.0,5.0,2.0,7.0,2.0,1.0,0.30000000000000004,0.5,20.0,343,5745.266571044922,61,86,90,29,260
211946,4.0,5.0,2.0,7.0,2.0,1.0,0.30000000000000004,0.5,20.0,344,6161.583213806152,62,87,91,29,263
211946,4.0,5.0,2.0,7.0,2.0,1.0,0.30000000000000004,0.5,20.0,345,6641.97901725769,62,87,88,29,260
211946,4.0,5.0,2.0,7.0,2.0,1.0,0.30000000000000004,0.5,20.0,346,7292.473771572113,59,89,82,27,254
211946,4.0,5.0,2.0,7.0,2.0,1.0,0.30000000000000004,0.5,20.0,347,7815.592214465141,54,83,75,23,235
211946,4.0,5.0,2.0,7.0,2.0,1.0,0.30000000000000004,0.5,20.0,348,8379.490268081427,57,82,72,23,231
211946,4.0,5.0,2.0,7.0,2.0,1.0,0.30000000000000004,0.5,20.0,349,8610.0,53,79,65,21,217
211946,4.0,5.0,2.0,7.0,2.0,1.0,0.30000000000000004,0.5,20.0,350,8450.0,53,78,63,20,214
211946,4.0,5.0,2.0,7.0,2.0,1.0,0.30000000000000004,0.5,20.0,351,8220.0,54,81,60,20,215
211946,4.0,5.0,2.0,7.0,2.0,1.0,0.30000000000000004,0.5,20.0,352,8140.0,54,84,59,21,216
211946,4.0,5.0,2.0,7.0,2.0,1.0,0.30000000000000004,0.5,20.0,353,7980.0,55,83,64,19,222
211946,4.0,5.0,2.0,7.0,2.0,1.0,0.30000000000000004,0.5,20.0,354,7885.0,54,79,66,18,220
211946,4.0,5.0,2.0,7.0,2.0,1.0,0.30000000000000004,0.5,20.0,355,7696.25,55,88,63,17,225
211946,4.0,5.0,2.0,7.0,2.0,1.0,0.30000000000000004,0.5,20.0,356,7440.3125,57,93,63,16,228
211946,4.0,5.0,2.0,7.0,2.0,1.0,0.30000000000000004,0.5,20.0,357,7020.390625,58,101,61,16,235
211946,4.0,5.0,2.0,7.0,2.0,1.0,0.30000000000000004,0.5,20.0,358,6365.48828125,60,110,62,17,246
211946,4.0,5.0,2.0,7.0,2.0,1.0,0.30000000000000004,0.5,20.0,359,5406.8603515625,59,120,70,18,262
211946,4.0,5.0,2.0,7.0,2.0,1.0,0.30000000000000004,0.5,20.0,360,4918.575439453125,60,125,70,19,265
211946,4.0,5.0,2.0,7.0,2.0,1.0,0.30000000000000004,0.5,20.0,361,4788.219299316406,58,128,70,20,265
211946,4.0,5.0,2.0,7.0,2.0,1.0,0.30000000000000004,0.5,20.0,362,4985.274124145508,57,125,70,21,262
211946,4.0,5.0,2.0,7.0,2.0,1.0,0.30000000000000004,0.5,20.0,363,5401.592655181885,55,126,69,21,261
211946,4.0,5.0,2.0,7.0,2.0,1.0,0.30000000000000004,0.5,20.0,364,5961.990818977356,55,126,67,21,260
211946,4.0,5.0,2.0,7.0,2.0,1.0,0.30000000000000004,0.5,20.0,365,6792.488523721695,55,125,67,22,259
211946,4.0,5.0,2.0,7.0,2.0,1.0,0.30000000000000004,0.5,20.0,366,7870.610654652119,52,122,65,21,250
211946,4.0,5.0,2.0,7.0,2.0,1.0,0.30000000000000004,0.5,20.0,367,8908.263318315148,53,116,64,20,243
211946,4.0,5.0,2.0,7.0,2.0,1.0,0.30000000000000004,0.5,20.0,368,9090.0,50,105,62,18,227
211946,4.0,5.0,2.0,7.0,2.0,1.0,0.30000000000000004,0.5,20.0,369,9100.0,47,96,59,17,212
211946,4.0,5.0,2.0,7.0,2.0,1.0,0.30000000000000004,0.5,20.0,370,9080.0,39,92,53,15,194
211946,4.0,5.0,2.0,7.0,2.0,1.0,0.30000000000000004,0.5,20.0,371,9000.0,33,83,52,15,180
211946,4.0,5.0,2.0,7.0,2.0,1.0,0.30000000000000004,0.5,20.0,372,8900.0,31,75,51,14,168
211946,4.0,5.0,2.0,7.0,2.0,1.0,0.30000000000000004,0.5,20.0,373,8740.0,30,68,51,16,161
211946,4.0,5.0,2.0,7.0,2.0,1.0,0.30000000000000004,0.5,20.0,374,8710.0,29,63,53,16,155
211946,4.0,5.0,2.0,7.0,2.0,1.0,0.30000000000000004,0.5,20.0,375,8560.0,29,62,53,16,155
211946,4.0,5.0,2.0,7.0,2.0,1.0,0.30000000000000004,0.5,20.0,376,8430.0,29,63,56,16,161
211946,4.0,5.0,2.0,7.0,2.0,1.0,0.30000000000000004,0.5,20.0,377,8370.0,29,63,58,17,164
211946,4.0,5.0,2.0,7.0,2.0,1.0,0.30000000000000004,0.5,20.0,378,8300.0,30,67,59,19,169
211946,4.0,5.0,2.0,7.0,2.0,1.0,0.30000000000000004,0.5,20.0,379,8180.0,32,72,60,21,178
211946,4.0,5.0,2.0,7.0,2.0,1.0,0.30000000000000004,0.5,20.0,380,8100.0,33,72,62,23,183
211946,4.0,5.0,2.0,7.0,2.0,1.0,0.30000000000000004,0.5,20.0,381,8040.0,35,71,65,24,188
211946,4.0,5.0,2.0,7.0,2.0,1.0,0.30000000000000004,0.5,20.0,382,7950.0,36,75,68,26,196
211946,4.0,5.0,2.0,7.0,2.0,1.0,0.30000000000000004,0.5,20.0,383,7777.5,40,76,73,26,208
211946,4.0,5.0,2.0,7.0,2.0,1.0,0.30000000000000004,0.5,20.0,384,7471.875,41,78,76,27,216
211946,4.0,5.0,2.0,7.0,2.0,1.0,0.30000000000000004,0.5,20.0,385,6989.84375,44,81,83,29,228
211946,4.0,5.0,2.0,7.0,2.0,1.0,0.30000000000000004,0.5,20.0,386,6237.3046875,45,87,86,34,239
211946,4.0,5.0,2.0,7.0,2.0,1.0,0.30000000000000004,0.5,20.0,387,5276.630859375,49,95,91,37,258
211946,4.0,5.0,2.0,7.0,2.0,1.0,0.30000000000000004,0.5,20.0,388,4915.78857421875,50,97,93,38,265
211946,4.0,5.0,2.0,7.0,2.0,1.0,0.30000000000000004,0.5,20.0,389,5114.7357177734375,50,100,95,38,270
211946,4.0,5.0,2.0,7.0,2.0,1.0,0.30000000000000004,0.5,20.0,390,5493.419647216797,48,102,95,39,270
211946,4.0,5.0,2.0,7.0,2.0,1.0,0.30000000000000004,0.5,20.0,391,6166.774559020996,48,102,96,39,271
211946,4.0,5.0,2.0,7.0,2.0,1.0,0.30000000000000004,0.5,20.0,392,7098.468198776245,47,98,95,39,264
211946,4.0,5.0,2.0,7.0,2.0,1.0,0.30000000000000004,0.5,20.0,393,8353.085248470306,47,96,92,38,258
211946,4.0,5.0,2.0,7.0,2.0,1.0,0.30000000000000004,0.5,20.0,394,8860.0,46,95,88,37,252
211946,4.0,5.0,2.0,7.0,2.0,1.0,0.30000000000000004,0.5,20.0,395,8900.0,42,95,81,33,241
211946,4.0,5.0,2.0,7.0,2.0,1.0,0.30000000000000004,0.5,20.0,396,8950.0,37,90,75,30,224
211946,4.0,5.0,2.0,7.0,2.0,1.0,0.30000000000000004,0.5,20.0,397,8930.0,38,76,69,29,204
211946,4.0,5.0,2.0,7.0,2.0,1.0,0.30000000000000004,0.5,20.0,398,8890.0,36,68,61,28,185
211946,4.0,5.0,2.0,7.0,2.0,1.0,0.30000000000000004,0.5,20.0,399,8880.0,34,62,57,28,173
211946,4.0,5.0,2.0,7.0,2.0,1.0,0.30000000000000004,0.5,20.0,400,8770.0,32,59,52,23,165
211946,4.0,5.0,2.0,7.0,2.0,1.0,0.30000000000000004,0.5,20.0,401,8630.0,32,61,47,21,162
211946,4.0,5.0,2.0,7.0,2.0,1.0,0.30000000000000004,0.5,20.0,402,8530.0,33,60,47,21,161
211946,4.0,5.0,2.0,7.0,2.0,1.0,0.30000000000000004,0.5,20.0,403,8400.0,34,60,43,21,159
211946,4.0,5.0,2.0,7.0,2.0,1.0,0.30000000000000004,0.5,20.0,404,8290.0,35,61,44,23,163
211946,4.0,5.0,2.0,7.0,2.0,1.0,0.30000000000000004,0.5,20.0,405,8250.0,36,64,49,20,172
211946,4.0,5.0,2.0,7.0,2.0,1.0,0.30000000000000004,0.5,20.0,406,8230.0,35,68,50,20,174
211946,4.0,5.0,2.0,7.0,2.0,1.0,0.30000000000000004,0.5,20.0,407,8170.0,33,71,54,20,180
211946,4.0,5.0,2.0,7.0,2.0,1.0,0.30000000000000004,0.5,20.0,408,8080.0,35,74,57,18,190
211946,4.0,5.0,2.0,7.0,2.0,1.0,0.30000000000000004,0.5,20.0,409,8040.0,35,77,57,20,191
211946,4.0,5.0,2.0,7.0,2.0,1.0,0.30000000000000004,0.5,20.0,410,7960.0,38,81,62,20,202
211946,4.0,5.0,2.0,7.0,2.0,1.0,0.30000000000000004,0.5,20.0,411,7810.0,38,85,65,22,209
211946,4.0,5.0,2.0,7.0,2.0,1.0,0.30000000000000004,0.5,20.0,412,7502.5,38,95,70,24,224
211946,4.0,5.0,2.0,7.0,2.0,1.0,0.30000000000000004,0.5,20.0,413,6958.125,40,107,72,25,242
211946,4.0,5.0,2.0,7.0,2.0,1.0,0.30000000000000004,0.5,20.0,414,6057.65625,42,116,78,30,262
211946,4.0,5.0,2.0,7.0,2.0,1.0,0.30000000000000004,0.5,20.0,415,5342.0703125,42,122,84,34,275
211946,4.0,5.0,2.0,7.0,2.0,1.0,0.30000000000000004,0.5,20.0,416,5257.587890625,45,120,87,37,280
211946,4.0,5.0,2.0,7.0,2.0,1.0,0.30000000000000004,0.5,20.0,417,5591.98486328125,46,123,86,38,283
211946,4.0,5.0,2.0,7.0,2.0,1.0,0.30000000000000004,0.5,20.0,418,6119.9810791015625,45,126,85,38,284
211946,4.0,5.0,2.0,7.0,2.0,1.0,0.30000000000000004,0.5,20.0,419,6919.976348876953,41,126,84,37,279
211946,4.0,5.0,2.0,7.0,2.0,1.0,0.30000000000000004,0.5,20.0,420,7829.970436096191,42,123,82,37,274
211946,4.0,5.0,2.0,7.0,2.0,1.0,0.30000000000000004,0.5,20.0,421,8797.46304512024,39,123,79,38,266
211946,4.0,5.0,2.0,7.0,2.0,1.0,0.30000000000000004,0.5,20.0,422,8680.0,37,121,80,36,261
211946,4.0,5.0,2.0,7.0,2.0,1.0,0.30000000000000004,0.5,20.0,423,8740.0,36,112,80,32,250
211946,4.0,5.0,2.0,7.0,2.0,1.0,0.30000000000000004,0.5,20.0,424,8780.0,32,99,70,31,222
211946,4.0,5.0,2.0,7.0,2.0,1.0,0.30000000000000004,0.5,20.0,425,8710.0,29,92,61,30,202
211946,4.0,5.0,2.0,7.0,2.0,1.0,0.30000000000000004,0.5,20.0,426,8630.0,29,90,56,28,193
211946,4.0,5.0,2.0,7.0,2.0,1.0,0.30000000000000004,0.5,20.0,427,8490.0,27,91,53,26,189
211946,4.0,5.0,2.0,7.0,2.0,1.0,0.30000000000000004,0.5,20.0,428,8360.0,29,90,55,24,193
211946,4.0,5.0,2.0,7.0,2.0,1.0,0.30000000000000004,0.5,20.0,429,8230.0,26,91,55,25,190
211946,4.0,5.0,2.0,7.0,2.0,1.0,0.30000000000000004,0.5,20.0,430,8170.0,25,89,59,24,187
211946,4.0,5.0,2.0,7.0,2.0,1.0,0.30000000000000004,0.5,20.0,431,8060.0,28,91,63,23,195
211946,4.0,5.0,2.0,7.0,2.0,1.0,0.30000000000000004,0.5,20.0,432,7960.0,28,96,59,24,199
211946,4.0,5.0,2.0,7.0,2.0,1.0,0.30000000000000004,0.5,20.0,433,7820.0,29,106,60,24,211
211946,4.0,5.0,2.0,7.0,2.0,1.0,0.30000000000000004,0.5,20.0,434,7495.0,34,113,60,24,225
211946,4.0,5.0,2.0,7.0,2.0,1.0,0.30000000000000004,0.5,20.0,435,6978.75,37,120,65,21,240
211946,4.0,5.0,2.0,7.0,2.0,1.0,0.30000000000000004,0.5,20.0,436,6253.4375,40,123,69,19,250
211946,4.0,5.0,2.0,7.0,2.0,1.0,0.30000000000000004,0.5,20.0,437,5236.796875,43,127,74,20,261
211946,4.0,5.0,2.0,7.0,2.0,1.0,0.30000000000000004,0.5,20.0,438,4895.99609375,45,127,75,17,266
211946,4.0,5.0,2.0,7.0,2.0,1.0,0.30000000000000004,0.5,20.0,439,4899.9951171875,49,123,76,17,267
211946,4.0,5.0,2.0,7.0,2.0,1.0,0.30000000000000004,0.5,20.0,440,5214.993896484375,49,126,76,17,271
211946,4.0,5.0,2.0,7.0,2.0,1.0,0.30000000000000004,0.5,20.0,441,5608.742370605469,49,129,78,17,276
211946,4.0,5.0,2.0,7.0,2.0,1.0,0.30000000000000004,0.5,20.0,442,6240.927963256836,48,129,81,17,278
211946,4.0,5.0,2.0,7.0,2.0,1.0,0.30000000000000004,0.5,20.0,443,6991.159954071045,48,130,83,16,281
211946,4.0,5.0,2.0,7.0,2.0,1.0,0.30000000000000004,0.5,20.0,444,8028.949942588806,46,129,76,16,271
211946,4.0,5.0,2.0,7.0,2.0,1.0,0.30000000000000004,0.5,20.0,445,8860.0,43,120,76,14,260
211946,4.0,5.0,2.0,7.0,2.0,1.0,0.30000000000000004,0.5,20.0,446,8850.0,41,112,73,13,247
211946,4.0,5.0,2.0,7.0,2.0,1.0,0.30000000000000004,0.5,20.0,447,8870.0,38,105,63,11,225
211946,4.0,5.0,2.0,7.0,2.0,1.0,0.30000000000000004,0.5,20.0,448,8830.0,32,99,60,11,208
211946,4.0,5.0,2.0,7.0,2.0,1.0,0.30000000000000004,0.5,20.0,449,8710.0,27,94,60,12,199
211946,4.0,5.0,2.0,7.0,2.0,1.0,0.30000000000000004,0.5,20.0,450,8510.0,23,92,63,13,196
211946,4.0,5.0,2.0,7.0,2.0,1.0,0.30000000000000004,0.5,20.0,451,8310.0,23,90,67,16,199
211946,4.0,5.0,2.0,7.0,2.0,1.0,0.30000000000000004,0.5,20.0,452,8250.0,22,89,64,16,194
211946,4.0,5.0,2.0,7.0,2.0,1.0,0.30000000000000004,0.5,20.0,453,8140.0,24,88,66,17,196
211946,4.0,5.0,2.0,7.0,2.0,1.0,0.30000000000000004,0.5,20.0,454,8100.0,23,87,70,14,199
211946,4.0,5.0,2.0,7.0,2.0,1.0,0.30000000000000004,0.5,20.0,455,7980.0,23,91,70,14,205
211946,4.0,5.0,2.0,7.0,2.0,1.0,0.30000000000000004,0.5,20.0,456,7955.0,26,98,65,15,210
211946,4.0,5.0,2.0,7.0,2.0,1.0,0.30000000000000004,0.5,20.0,457,7753.75,27,108,70,16,226
211946,4.0,5.0,2.0,7.0,2.0,1.0,0.30000000000000004,0.5,20.0,458,7362.1875,29,117,74,16,239
211946,4.0,5.0,2.0,7.0,2.0,1.0,0.30000000000000004,0.5,20.0,459,6732.734375,28,118,82,20,247
211946,4.0,5.0,2.0,7.0,2.0,1.0,0.30000000000000004,0.5,20.0,460,5865.91796875,27,120,91,20,257
211946,4.0,5.0,2.0,7.0,2.0,1.0,0.30000000000000004,0.5,20.0,461,5072.3974609375,26,119,99,20,265
211946,4.0,5.0,2.0,7.0,2.0,1.0,0.30000000000000004,0.5,20.0,462,4920.496826171875,25,121,99,20,266
211946,4.0,5.0,2.0,7.0,2.0,1.0,0.30000000000000004,0.5,20.0,463,5100.621032714844,27,120,99,21,266
211946,4.0,5.0,2.0,7.0,2.0,1.0,0.30000000000000004,0.5,20.0,464,5415.776290893555,31,120,95,21,266
211946,4.0,5.0,2.0,7.0,2.0,1.0,0.30000000000000004,0.5,20.0,465,5869.720363616943,33,121,95,21,269
211946,4.0,5.0,2.0,7.0,2.0,1.0,0.30000000000000004,0.5,20.0,466,6467.150454521179,35,120,93,21,268
211946,4.0,5.0,2.0,7.0,2.0,1.0,0.30000000000000004,0.5,20.0,467,7323.938068151474,34,115,94,22,262
211946,4.0,5.0,2.0,7.0,2.0,1.0,0.30000000000000004,0.5,20.0,468,8134.9225851893425,35,113,93,21,260
211946,4.0,5.0,2.0,7.0,2.0,1.0,0.30000000000000004,0.5,20.0,469,8780.0,34,111,89,19,253
211946,4.0,5.0,2.0,7.0,2.0,1.0,0.30000000000000004,0.5,20.0,470,8690.0,35,106,85,18,245
211946,4.0,5.0,2.0,7.0,2.0,1.0,0.30000000000000004,0.5,20.0,471,8740.0,37,102,76,15,232
211946,4.0,5.0,2.0,7.0,2.0,1.0,0.30000000000000004,0.5,20.0,472,8610.0,37,104,66,14,224
211946,4.0,5.0,2.0,7.0,2.0,1.0,0.30000000000000004,0.5,20.0,473,8520.0,40,98,57,12,212
211946,4.0,5.0,2.0,7.0,2.0,1.0,0.30000000000000004,0.5,20.0,474,8410.0,40,92,54,14,201
211946,4.0,5.0,2.0,7.0,2.0,1.0,0.30000000000000004,0.5,20.0,475,8310.0,39,87,56,15,196
211946,4.0,5.0,2.0,7.0,2.0,1.0,0.30000000000000004,0.5,20.0,476,8190.0,40,86,55,18,195
211946,4.0,5.0,2.0,7.0,2.0,1.0,0.30000000000000004,0.5,20.0,477,8140.0,41,85,56,17,193
211946,4.0,5.0,2.0,7.0,2.0,1.0,0.30000000000000004,0.5,20.0,478,8030.0,41,94,58,16,202
211946,4.0,5.0,2.0,7.0,2.0,1.0,0.30000000000000004,0.5,20.0,479,7950.0,43,100,59,16,211
211946,4.0,5.0,2.0,7.0,2.0,1.0,0.30000000000000004,0.5,20.0,480,7757.5,49,106,59,15,223
211946,4.0,5.0,2.0,7.0,2.0,1.0,0.30000000000000004,0.5,20.0,481,7396.875,52,115,63,14,237
211946,4.0,5.0,2.0,7.0,2.0,1.0,0.30000000000000004,0.5,20.0,482,6866.09375,56,118,63,14,243
211946,4.0,5.0,2.0,7.0,2.0,1.0,0.30000000000000004,0.5,20.0,483,6062.6171875,57,126,67,17,255
211946,4.0,5.0,2.0,7.0,2.0,1.0,0.30000000000000004,0.5,20.0,484,5118.271484375,60,129,69,19,263
211946,4.0,5.0,2.0,7.0,2.0,1.0,0.30000000000000004,0.5,20.0,485,4787.83935546875,60,132,70,19,267
211946,4.0,5.0,2.0,7.0,2.0,1.0,0.30000000000000004,0.5,20.0,486,4784.7991943359375,62,131,72,20,270
211946,4.0,5.0,2.0,7.0,2.0,1.0,0.30000000000000004,0.5,20.0,487,5070.998992919922,62,129,75,20,271
211946,4.0,5.0,2.0,7.0,2.0,1.0,0.30000000000000004,0.5,20.0,488,5478.748741149902,61,131,75,20,273
211946,4.0,5.0,2.0,7.0,2.0,1.0,0.30000000000000004,0.5,20.0,489,6008.435926437378,63,131,75,20,275
211946,4.0,5.0,2.0,7.0,2.0,1.0,0.30000000000000004,0.5,20.0,490,6830.544908046722,64,136,74,20,280
211946,4.0,5.0,2.0,7.0,2.0,1.0,0.30000000000000004,0.5,20.0,491,7798.181135058403,65,133,73,20,277
211946,4.0,5.0,2.0,7.0,2.0,1.0,0.30000000000000004,0.5,20.0,492,8747.726418823004,61,124,67,20,258
211946,4.0,5.0,2.0,7.0,2.0,1.0,0.30000000000000004,0.5,20.0,493,8960.0,57,119,61,19,243
211946,4.0,5.0,2.0,7.0,2.0,1.0,0.30000000000000004,0.5,20.0,494,9010.0,47,110,58,16,221
211946,4.0,5.0,2.0,7.0,2.0,1.0,0.30000000000000004,0.5,20.0,495,8970.0,47,99,53,15,205
211946,4.0,5.0,2.0,7.0,2.0,1.0,0.30000000000000004,0.5,20.0,496,8920.0,46,89,48,14,188
211946,4.0,5.0,2.0,7.0,2.0,1.0,0.30000000000000004,0.5,20.0,497,8720.0,48,82,49,12,187
211946,4.0,5.0,2.0,7.0,2.0,1.0,0.30000000000000004,0.5,20.0,498,8520.0,49,79,47,13,182
211946,4.0,5.0,2.0,7.0,2.0,1.0,0.30000000000000004,0.5,20.0,499,8490.0,48,73,43,11,173