Exp Num,agent:svo_convergence_factor,agent:params:metabolism,agent:params:consumption_factor,agent:params:procreate_cost_factor,agent:params:procreate_req_factor,agent:params:start_energy_factor,agent:params:caught_chance,agent:params:caught_cooldown_factor,agent:params:maximum_age,Epoch,Resource,A,B,C,D,E
240999,4.0,10.0,3.0,9.0,1.0,2.0,0.5,0.5,50.0,0,4310.0,18,23,13,31,69
240999,4.0,10.0,3.0,9.0,1.0,2.0,0.5,0.5,50.0,1,3977.5,11,15,11,27,51
240999,4.0,10.0,3.0,9.0,1.0,2.0,0.5,0.5,50.0,2,4401.875,11,13,10,26,48
240999,4.0,10.0,3.0,9.0,1.0,2.0,0.5,0.5,50.0,3,5112.34375,12,13,10,26,49
240999,4.0,10.0,3.0,9.0,1.0,2.0,0.5,0.5,50.0,4,5640.4296875,10,10,8,23,41
240999,4.0,10.0,3.0,9.0,1.0,2.0,0.5,0.5,50.0,5,6000.537109375,6,7,7,21,33
240999,4.0,10.0,3.0,9.0,1.0,2.0,0.5,0.5,50.0,6,6240.67138671875,7,5,8,20,32
240999,4.0,10.0,3.0,9.0,1.0,2.0,0.5,0.5,50.0,7,6480.8392333984375,9,5,10,24,39
240999,4.0,10.0,3.0,9.0,1.0,2.0,0.5,0.5,50.0,8,6421.049041748047,10,6,11,28,45
240999,4.0,10.0,3.0,9.0,1.0,2.0,0.5,0.5,50.0,9,5866.311302185059,13,7,16,34,55
240999,4.0,10.0,3.0,9.0,1.0,2.0,0.5,0.5,50.0,10,5112.889127731323,16,8,19,40,64
240999,4.0,10.0,3.0,9.0,1.0,2.0,0.5,0.5,50.0,11,5461.111409664154,16,10,27,43,74
240999,4.0,10.0,3.0,9.0,1.0,2.0,0.5,0.5,50.0,12,5926.389262080193,17,10,34,46,82
240999,4.0,10.0,3.0,9.0,1.0,2.0,0.5,0.5,50.0,13,6657.986577600241,16,11,40,49,88
240999,4.0,10.0,3.0,9.0,1.0,2.0,0.5,0.5,50.0,14,7332.483222000301,13,14,43,49,88
240999,4.0,10.0,3.0,9.0,1.0,2.0,0.5,0.5,50.0,15,8175.604027500376,13,16,44,44,92
240999,4.0,10.0,3.0,9.0,1.0,2.0,0.5,0.5,50.0,16,9010.0,12,19,45,36,94
240999,4.0,10.0,3.0,9.0,1.0,2.0,0.5,0.5,50.0,17,8710.0,9,21,44,34,93
240999,4.0,10.0,3.0,9.0,1.0,2.0,0.5,0.5,50.0,18,8500.0,6,24,45,35,94
240999,4.0,10.0,3.0,9.0,1.0,2.0,0.5,0.5,50.0,19,8470.0,4,27,49,31,97
240999,4.0,10.0,3.0,9.0,1.0,2.0,0.5,0.5,50.0,20,8140.0,5,27,53,31,103
240999,4.0,10.0,3.0,9.0,1.0,2.0,0.5,0.5,50.0,21,7780.0,4,29,59,26,111
240999,4.0,10.0,3.0,9.0,1.0,2.0,0.5,0.5,50.0,22,7475.0,4,34,65,25,123
240999,4.0,10.0,3.0,9.0,1.0,2.0,0.5,0.5,50.0,23,7873.75,5,33,76,25,133
240999,4.0,10.0,3.0,9.0,1.0,2.0,0.5,0.5,50.0,24,8342.1875,4,32,82,24,137
240999,4.0,10.0,3.0,9.0,1.0,2.0,0.5,0.5,50.0,25,8830.0,4,32,91,24,147
240999,4.0,10.0,3.0,9.0,1.0,2.0,0.5,0.5,50.0,26,9280.0,5,32,88,22,147
240999,4.0,10.0,3.0,9.0,1.0,2.0,0.5,0.5,50.0,27,9220.0,6,31,82,22,141
240999,4.0,10.0,3.0,9.0,1.0,2.0,0.5,0.5,50.0,28,9130.0,8,30,77,21,137
240999,4.0,10.0,3.0,9.0,1.0,2.0,0.5,0.5,50.0,29,9010.0,5,29,74,20,130
240999,4.0,10.0,3.0,9.0,1.0,2.0,0.5,0.5,50.0,30,8920.0,7,27,68,20,125
240999,4.0,10.0,3.0,9.0,1.0,2.0,0.5,0.5,50.0,31,8530.0,7,26,65,20,122
240999,4.0,10.0,3.0,9.0,1.0,2.0,0.5,0.5,50.0,32,8470.0,7,27,66,20,123
240999,4.0,10.0,3.0,9.0,1.0,2.0,0.5,0.5,50.0,33,8500.0,8,25,60,21,117
240999,4.0,10.0,3.0,9.0,1.0,2.0,0.5,0.5,50.0,34,8170.0,9,25,55,22,113
240999,4.0,10.0,3.0,9.0,1.0,2.0,0.5,0.5,50.0,35,7690.0,10,27,53,22,114
240999,4.0,10.0,3.0,9.0,1.0,2.0,0.5,0.5,50.0,36,7572.5,13,32,55,24,125
240999,4.0,10.0,3.0,9.0,1.0,2.0,0.5,0.5,50.0,37,7695.625,16,34,54,25,129
240999,4.0,10.0,3.0,9.0,1.0,2.0,0.5,0.5,50.0,38,7939.53125,20,38,62,24,144
240999,4.0,10.0,3.0,9.0,1.0,2.0,0.5,0.5,50.0,39,8844.4140625,21,39,67,23,151
240999,4.0,10.0,3.0,9.0,1.0,2.0,0.5,0.5,50.0,40,8440.0,21,45,68,23,157
240999,4.0,10.0,3.0,9.0,1.0,2.0,0.5,0.5,50.0,41,8860.0,23,45,62,23,153
240999,4.0,10.0,3.0,9.0,1.0,2.0,0.5,0.5,50.0,42,9160.0,23,45,63,22,153
240999,4.0,10.0,3.0,9.0,1.0,2.0,0.5,0.5,50.0,43,8950.0,26,40,62,18,150
240999,4.0,10.0,3.0,9.0,1.0,2.0,0.5,0.5,50.0,44,9040.0,25,36,59,17,142
240999,4.0,10.0,3.0,9.0,1.0,2.0,0.5,0.5,50.0,45,9250.0,23,36,57,14,137
240999,4.0,10.0,3.0,9.0,1.0,2.0,0.5,0.5,50.0,46,9070.0,22,33,51,12,126
240999,4.0,10.0,3.0,9.0,1.0,2.0,0.5,0.5,50.0,47,8830.0,20,32,50,10,121
240999,4.0,10.0,3.0,9.0,1.0,2.0,0.5,0.5,50.0,48,8950.0,18,30,41,9,107
240999,4.0,10.0,3.0,9.0,1.0,2.0,0.5,0.5,50.0,49,8680.0,15,30,42,9,105
240999,4.0,10.0,3.0,9.0,1.0,2.0,0.5,0.5,50.0,50,8380.0,12,35,40,8,105
240999,4.0,10.0,3.0,9.0,1.0,2.0,0.5,0.5,50.0,51,8170.0,11,43,40,9,111
240999,4.0,10.0,3.0,9.0,1.0,2.0,0.5,0.5,50.0,52,7660.0,9,52,43,7,121
240999,4.0,10.0,3.0,9.0,1.0,2.0,0.5,0.5,50.0,53,6995.0,8,64,48,7,137
240999,4.0,10.0,3.0,9.0,1.0,2.0,0.5,0.5,50.0,54,6973.75,9,75,53,6,153
240999,4.0,10.0,3.0,9.0,1.0,2.0,0.5,0.5,50.0,55,7277.1875,8,85,58,5,168
240999,4.0,10.0,3.0,9.0,1.0,2.0,0.5,0.5,50.0,56,7716.484375,8,93,59,6,175
240999,4.0,10.0,3.0,9.0,1.0,2.0,0.5,0.5,50.0,57,8385.60546875,7,93,56,5,171
240999,4.0,10.0,3.0,9.0,1.0,2.0,0.5,0.5,50.0,58,9130.0,6,95,53,5,169
240999,4.0,10.0,3.0,9.0,1.0,2.0,0.5,0.5,50.0,59,8950.0,6,92,50,5,162
240999,4.0,10.0,3.0,9.0,1.0,2.0,0.5,0.5,50.0,60,9040.0,5,93,52,5,164
240999,4.0,10.0,3.0,9.0,1.0,2.0,0.5,0.5,50.0,61,9250.0,5,92,48,5,159
240999,4.0,10.0,3.0,9.0,1.0,2.0,0.5,0.5,50.0,62,9310.0,4,84,39,5,141
240999,4.0,10.0,3.0,9.0,1.0,2.0,0.5,0.5,50.0,63,9220.0,4,73,34,5,125
240999,4.0,10.0,3.0,9.0,1.0,2.0,0.5,0.5,50.0,64,9100.0,4,63,28,5,108
240999,4.0,10.0,3.0,9.0,1.0,2.0,0.5,0.5,50.0,65,9070.0,5,58,28,3,103
240999,4.0,10.0,3.0,9.0,1.0,2.0,0.5,0.5,50.0,66,8590.0,7,54,31,3,104
240999,4.0,10.0,3.0,9.0,1.0,2.0,0.5,0.5,50.0,67,8260.0,7,55,31,1,105
240999,4.0,10.0,3.0,9.0,1.0,2.0,0.5,0.5,50.0,68,8050.0,8,55,27,2,102
240999,4.0,10.0,3.0,9.0,1.0,2.0,0.5,0.5,50.0,69,7480.0,10,59,30,3,115
240999,4.0,10.0,3.0,9.0,1.0,2.0,0.5,0.5,50.0,70,6590.0,14,63,39,5,132
240999,4.0,10.0,3.0,9.0,1.0,2.0,0.5,0.5,50.0,71,6827.5,16,66,49,7,147
240999,4.0,10.0,3.0,9.0,1.0,2.0,0.5,0.5,50.0,72,6824.375,19,72,55,9,162
240999,4.0,10.0,3.0,9.0,1.0,2.0,0.5,0.5,50.0,73,7360.46875,20,72,61,9,168
240999,4.0,10.0,3.0,9.0,1.0,2.0,0.5,0.5,50.0,74,8270.5859375,18,69,66,9,168
240999,4.0,10.0,3.0,9.0,1.0,2.0,0.5,0.5,50.0,75,9190.0,20,65,63,9,162
240999,4.0,10.0,3.0,9.0,1.0,2.0,0.5,0.5,50.0,76,9280.0,20,59,64,10,156
240999,4.0,10.0,3.0,9.0,1.0,2.0,0.5,0.5,50.0,77,9190.0,21,51,61,11,146
240999,4.0,10.0,3.0,9.0,1.0,2.0,0.5,0.5,50.0,78,8950.0,19,48,60,9,140
240999,4.0,10.0,3.0,9.0,1.0,2.0,0.5,0.5,50.0,79,8830.0,20,45,55,8,132
240999,4.0,10.0,3.0,9.0,1.0,2.0,0.5,0.5,50.0,80,8740.0,19,44,52,8,127
240999,4.0,10.0,3.0,9.0,1.0,2.0,0.5,0.5,50.0,81,8620.0,19,45,48,9,124
240999,4.0,10.0,3.0,9.0,1.0,2.0,0.5,0.5,50.0,82,8290.0,19,48,44,7,123
240999,4.0,10.0,3.0,9.0,1.0,2.0,0.5,0.5,50.0,83,8110.0,17,50,47,7,126
240999,4.0,10.0,3.0,9.0,1.0,2.0,0.5,0.5,50.0,84,7630.0,19,55,47,8,133
240999,4.0,10.0,3.0,9.0,1.0,2.0,0.5,0.5,50.0,85,7437.5,16,65,51,8,143
240999,4.0,10.0,3.0,9.0,1.0,2.0,0.5,0.5,50.0,86,7676.875,18,72,56,8,157
240999,4.0,10.0,3.0,9.0,1.0,2.0,0.5,0.5,50.0,87,8186.09375,18,78,56,8,162
240999,4.0,10.0,3.0,9.0,1.0,2.0,0.5,0.5,50.0,88,8950.0,20,79,55,8,163
240999,4.0,10.0,3.0,9.0,1.0,2.0,0.5,0.5,50.0,89,9040.0,22,78,53,8,161
240999,4.0,10.0,3.0,9.0,1.0,2.0,0.5,0.5,50.0,90,9040.0,22,77,53,7,160
240999,4.0,10.0,3.0,9.0,1.0,2.0,0.5,0.5,50.0,91,8950.0,20,78,50,6,156
240999,4.0,10.0,3.0,9.0,1.0,2.0,0.5,0.5,50.0,92,9160.0,19,76,50,4,153
240999,4.0,10.0,3.0,9.0,1.0,2.0,0.5,0.5,50.0,93,8890.0,18,74,49,5,149
240999,4.0,10.0,3.0,9.0,1.0,2.0,0.5,0.5,50.0,94,8740.0,17,70,45,4,140
240999,4.0,10.0,3.0,9.0,1.0,2.0,0.5,0.5,50.0,95,8620.0,17,63,40,5,128
240999,4.0,10.0,3.0,9.0,1.0,2.0,0.5,0.5,50.0,96,8590.0,17,53,42,5,120
240999,4.0,10.0,3.0,9.0,1.0,2.0,0.5,0.5,50.0,97,8320.0,18,48,42,5,116
240999,4.0,10.0,3.0,9.0,1.0,2.0,0.5,0.5,50.0,98,7930.0,19,54,46,6,127
240999,4.0,10.0,3.0,9.0,1.0,2.0,0.5,0.5,50.0,99,7362.5,20,61,49,8,138
240999,4.0,10.0,3.0,9.0,1.0,2.0,0.5,0.5,50.0,100,7763.125,20,67,54,8,148
240999,4.0,10.0,3.0,9.0,1.0,2.0,0.5,0.5,50.0,101,8383.90625,21,70,57,7,155
240999,4.0,10.0,3.0,9.0,1.0,2.0,0.5,0.5,50.0,102,8470.0,18,73,62,7,160
240999,4.0,10.0,3.0,9.0,1.0,2.0,0.5,0.5,50.0,103,8620.0,18,74,62,8,161
240999,4.0,10.0,3.0,9.0,1.0,2.0,0.5,0.5,50.0,104,9130.0,18,76,62,9,163
240999,4.0,10.0,3.0,9.0,1.0,2.0,0.5,0.5,50.0,105,9130.0,17,66,61,11,150
240999,4.0,10.0,3.0,9.0,1.0,2.0,0.5,0.5,50.0,106,8920.0,13,66,63,13,148
240999,4.0,10.0,3.0,9.0,1.0,2.0,0.5,0.5,50.0,107,8830.0,9,65,62,12,142
240999,4.0,10.0,3.0,9.0,1.0,2.0,0.5,0.5,50.0,108,8770.0,7,62,61,12,135
240999,4.0,10.0,3.0,9.0,1.0,2.0,0.5,0.5,50.0,109,8500.0,6,54,65,12,130
240999,4.0,10.0,3.0,9.0,1.0,2.0,0.5,0.5,50.0,110,8140.0,4,52,67,12,128
240999,4.0,10.0,3.0,9.0,1.0,2.0,0.5,0.5,50.0,111,7990.0,5,47,74,11,131
240999,4.0,10.0,3.0,9.0,1.0,2.0,0.5,0.5,50.0,112,7677.5,5,46,81,11,136
240999,4.0,10.0,3.0,9.0,1.0,2.0,0.5,0.5,50.0,113,7706.875,4,50,89,10,147
240999,4.0,10.0,3.0,9.0,1.0,2.0,0.5,0.5,50.0,114,8253.59375,6,51,95,12,156
240999,4.0,10.0,3.0,9.0,1.0,2.0,0.5,0.5,50.0,115,8800.0,5,55,95,13,160
240999,4.0,10.0,3.0,9.0,1.0,2.0,0.5,0.5,50.0,116,9040.0,6,58,93,12,162
240999,4.0,10.0,3.0,9.0,1.0,2.0,0.5,0.5,50.0,117,9040.0,5,59,90,12,160
240999,4.0,10.0,3.0,9.0,1.0,2.0,0.5,0.5,50.0,118,9220.0,6,55,88,12,156
240999,4.0,10.0,3.0,9.0,1.0,2.0,0.5,0.5,50.0,119,9010.0,6,49,88,14,151
240999,4.0,10.0,3.0,9.0,1.0,2.0,0.5,0.5,50.0,120,9220.0,5,40,77,14,131
240999,4.0,10.0,3.0,9.0,1.0,2.0,0.5,0.5,50.0,121,9280.0,5,37,70,13,122
240999,4.0,10.0,3.0,9.0,1.0,2.0,0.5,0.5,50.0,122,8890.0,4,34,65,12,115
240999,4.0,10.0,3.0,9.0,1.0,2.0,0.5,0.5,50.0,123,9010.0,4,30,58,13,105
240999,4.0,10.0,3.0,9.0,1.0,2.0,0.5,0.5,50.0,124,8740.0,4,27,55,15,101
240999,4.0,10.0,3.0,9.0,1.0,2.0,0.5,0.5,50.0,125,8500.0,5,26,51,18,97
240999,4.0,10.0,3.0,9.0,1.0,2.0,0.5,0.5,50.0,126,8320.0,4,26,45,20,89
240999,4.0,10.0,3.0,9.0,1.0,2.0,0.5,0.5,50.0,127,7810.0,7,23,46,24,93
240999,4.0,10.0,3.0,9.0,1.0,2.0,0.5,0.5,50.0,128,6912.5,9,25,51,30,105
240999,4.0,10.0,3.0,9.0,1.0,2.0,0.5,0.5,50.0,129,7020.625,12,31,58,39,122
240999,4.0,10.0,3.0,9.0,1.0,2.0,0.5,0.5,50.0,130,7425.78125,13,33,59,44,125
240999,4.0,10.0,3.0,9.0,1.0,2.0,0.5,0.5,50.0,131,8082.2265625,15,34,63,48,132
240999,4.0,10.0,3.0,9.0,1.0,2.0,0.5,0.5,50.0,132,8980.0,15,36,64,49,134
240999,4.0,10.0,3.0,9.0,1.0,2.0,0.5,0.5,50.0,133,8950.0,12,35,68,46,133
240999,4.0,10.0,3.0,9.0,1.0,2.0,0.5,0.5,50.0,134,9010.0,10,37,66,44,131
240999,4.0,10.0,3.0,9.0,1.0,2.0,0.5,0.5,50.0,135,9250.0,10,34,62,44,124
240999,4.0,10.0,3.0,9.0,1.0,2.0,0.5,0.5,50.0,136,9250.0,10,34,57,43,117
240999,4.0,10.0,3.0,9.0,1.0,2.0,0.5,0.5,50.0,137,9310.0,10,31,50,39,107
240999,4.0,10.0,3.0,9.0,1.0,2.0,0.5,0.5,50.0,138,9460.0,9,30,43,37,97
240999,4.0,10.0,3.0,9.0,1.0,2.0,0.5,0.5,50.0,139,9400.0,8,27,40,32,89
240999,4.0,10.0,3.0,9.0,1.0,2.0,0.5,0.5,50.0,140,9280.0,7,25,37,27,81
240999,4.0,10.0,3.0,9.0,1.0,2.0,0.5,0.5,50.0,141,8650.0,4,26,30,26,71
240999,4.0,10.0,3.0,9.0,1.0,2.0,0.5,0.5,50.0,142,8560.0,4,25,31,22,71
240999,4.0,10.0,3.0,9.0,1.0,2.0,0.5,0.5,50.0,143,8320.0,4,24,37,22,77
240999,4.0,10.0,3.0,9.0,1.0,2.0,0.5,0.5,50.0,144,8050.0,4,23,35,25,76
240999,4.0,10.0,3.0,9.0,1.0,2.0,0.5,0.5,50.0,145,7510.0,4,24,39,31,81
240999,4.0,10.0,3.0,9.0,1.0,2.0,0.5,0.5,50.0,146,6477.5,4,28,47,36,97
240999,4.0,10.0,3.0,9.0,1.0,2.0,0.5,0.5,50.0,147,6986.875,4,32,57,39,115
240999,4.0,10.0,3.0,9.0,1.0,2.0,0.5,0.5,50.0,148,7653.59375,5,37,62,40,126
240999,4.0,10.0,3.0,9.0,1.0,2.0,0.5,0.5,50.0,149,8426.9921875,6,41,63,38,133
240999,4.0,10.0,3.0,9.0,1.0,2.0,0.5,0.5,50.0,150,8770.0,7,42,64,37,137
240999,4.0,10.0,3.0,9.0,1.0,2.0,0.5,0.5,50.0,151,9040.0,7,38,63,36,133
240999,4.0,10.0,3.0,9.0,1.0,2.0,0.5,0.5,50.0,152,8980.0,7,37,61,36,129
240999,4.0,10.0,3.0,9.0,1.0,2.0,0.5,0.5,50.0,153,9130.0,7,34,58,37,123
240999,4.0,10.0,3.0,9.0,1.0,2.0,0.5,0.5,50.0,154,9160.0,8,29,59,37,120
240999,4.0,10.0,3.0,9.0,1.0,2.0,0.5,0.5,50.0,155,8740.0,6,26,58,33,113
240999,4.0,10.0,3.0,9.0,1.0,2.0,0.5,0.5,50.0,156,8830.0,6,24,54,30,107
240999,4.0,10.0,3.0,9.0,1.0,2.0,0.5,0.5,50.0,157,8770.0,5,20,54,28,101
240999,4.0,10.0,3.0,9.0,1.0,2.0,0.5,0.5,50.0,158,8530.0,4,22,51,27,98
240999,4.0,10.0,3.0,9.0,1.0,2.0,0.5,0.5,50.0,159,8200.0,2,23,58,25,104
240999,4.0,10.0,3.0,9.0,1.0,2.0,0.5,0.5,50.0,160,7870.0,2,24,63,24,110
240999,4.0,10.0,3.0,9.0,1.0,2.0,0.5,0.5,50.0,161,7587.5,2,26,69,26,118
240999,4.0,10.0,3.0,9.0,1.0,2.0,0.5,0.5,50.0,162,7564.375,3,29,78,23,129
240999,4.0,10.0,3.0,9.0,1.0,2.0,0.5,0.5,50.0,163,7805.46875,3,32,86,25,140
240999,4.0,10.0,3.0,9.0,1.0,2.0,0.5,0.5,50.0,164,8406.8359375,3,33,91,25,146
240999,4.0,10.0,3.0,9.0,1.0,2.0,0.5,0.5,50.0,165,8920.0,3,34,92,25,148
240999,4.0,10.0,3.0,9.0,1.0,2.0,0.5,0.5,50.0,166,8770.0,4,37,89,24,149
240999,4.0,10.0,3.0,9.0,1.0,2.0,0.5,0.5,50.0,167,8860.0,4,35,90,21,148
240999,4.0,10.0,3.0,9.0,1.0,2.0,0.5,0.5,50.0,168,9190.0,4,32,90,20,145
240999,4.0,10.0,3.0,9.0,1.0,2.0,0.5,0.5,50.0,169,9010.0,4,32,88,17,141
240999,4.0,10.0,3.0,9.0,1.0,2.0,0.5,0.5,50.0,170,9190.0,4,29,83,15,133
240999,4.0,10.0,3.0,9.0,1.0,2.0,0.5,0.5,50.0,171,9100.0,2,25,82,14,126
240999,4.0,10.0,3.0,9.0,1.0,2.0,0.5,0.5,50.0,172,8980.0,1,22,75,12,115
240999,4.0,10.0,3.0,9.0,1.0,2.0,0.5,0.5,50.0,173,8620.0,1,17,76,11,110
240999,4.0,10.0,3.0,9.0,1.0,2.0,0.5,0.5,50.0,174,8800.0,0,16,75,8,106
240999,4.0,10.0,3.0,9.0,1.0,2.0,0.5,0.5,50.0,175,8530.0,0,13,79,6,107
240999,4.0,10.0,3.0,9.0,1.0,2.0,0.5,0.5,50.0,176,8230.0,0,12,84,6,110
240999,4.0,10.0,3.0,9.0,1.0,2.0,0.5,0.5,50.0,177,7750.0,0,12,91,8,116
240999,4.0,10.0,3.0,9.0,1.0,2.0,0.5,0.5,50.0,178,7017.5,0,16,102,9,130
240999,4.0,10.0,3.0,9.0,1.0,2.0,0.5,0.5,50.0,179,7421.875,0,18,117,9,147
240999,4.0,10.0,3.0,9.0,1.0,2.0,0.5,0.5,50.0,180,7987.34375,0,19,123,7,153
240999,4.0,10.0,3.0,9.0,1.0,2.0,0.5,0.5,50.0,181,8574.1796875,0,19,134,6,163
240999,4.0,10.0,3.0,9.0,1.0,2.0,0.5,0.5,50.0,182,9070.0,0,17,135,7,161
240999,4.0,10.0,3.0,9.0,1.0,2.0,0.5,0.5,50.0,183,9040.0,0,16,134,7,159
240999,4.0,10.0,3.0,9.0,1.0,2.0,0.5,0.5,50.0,184,9070.0,0,15,129,9,153
240999,4.0,10.0,3.0,9.0,1.0,2.0,0.5,0.5,50.0,185,8980.0,0,13,120,11,142
240999,4.0,10.0,3.0,9.0,1.0,2.0,0.5,0.5,50.0,186,8920.0,0,12,118,12,139
240999,4.0,10.0,3.0,9.0,1.0,2.0,0.5,0.5,50.0,187,8890.0,0,11,109,12,128
240999,4.0,10.0,3.0,9.0,1.0,2.0,0.5,0.5,50.0,188,8680.0,0,6,104,12,118
240999,4.0,10.0,3.0,9.0,1.0,2.0,0.5,0.5,50.0,189,8680.0,0,5,104,11,117
240999,4.0,10.0,3.0,9.0,1.0,2.0,0.5,0.5,50.0,190,8170.0,0,6,99,13,113
240999,4.0,10.0,3.0,9.0,1.0,2.0,0.5,0.5,50.0,191,7960.0,0,9,97,14,113
240999,4.0,10.0,3.0,9.0,1.0,2.0,0.5,0.5,50.0,192,7400.0,0,13,99,16,119
240999,4.0,10.0,3.0,9.0,1.0,2.0,0.5,0.5,50.0,193,7300.0,1,16,111,18,135
240999,4.0,10.0,3.0,9.0,1.0,2.0,0.5,0.5,50.0,194,7985.0,2,17,120,18,147
240999,4.0,10.0,3.0,9.0,1.0,2.0,0.5,0.5,50.0,195,8871.25,3,18,124,19,154
240999,4.0,10.0,3.0,9.0,1.0,2.0,0.5,0.5,50.0,196,9070.0,3,19,124,18,155
240999,4.0,10.0,3.0,9.0,1.0,2.0,0.5,0.5,50.0,197,9010.0,3,21,119,18,152
240999,4.0,10.0,3.0,9.0,1.0,2.0,0.5,0.5,50.0,198,9130.0,3,20,113,19,145
240999,4.0,10.0,3.0,9.0,1.0,2.0,0.5,0.5,50.0,199,9070.0,4,20,107,17,139
240999,4.0,10.0,3.0,9.0,1.0,2.0,0.5,0.5,50.0,200,8980.0,5,20,100,17,132
240999,4.0,10.0,3.0,9.0,1.0,2.0,0.5,0.5,50.0,201,8950.0,7,20,87,18,120
240999,4.0,10.0,3.0,9.0,1.0,2.0,0.5,0.5,50.0,202,8890.0,7,22,77,17,112
240999,4.0,10.0,3.0,9.0,1.0,2.0,0.5,0.5,50.0,203,8740.0,8,22,71,17,108
240999,4.0,10.0,3.0,9.0,1.0,2.0,0.5,0.5,50.0,204,8530.0,9,23,65,15,104
240999,4.0,10.0,3.0,9.0,1.0,2.0,0.5,0.5,50.0,205,8260.0,11,23,62,15,103
240999,4.0,10.0,3.0,9.0,1.0,2.0,0.5,0.5,50.0,206,7750.0,12,23,62,18,105
240999,4.0,10.0,3.0,9.0,1.0,2.0,0.5,0.5,50.0,207,7017.5,12,27,68,22,114
240999,4.0,10.0,3.0,9.0,1.0,2.0,0.5,0.5,50.0,208,7031.875,13,32,77,26,130
240999,4.0,10.0,3.0,9.0,1.0,2.0,0.5,0.5,50.0,209,7409.84375,15,36,83,25,142
240999,4.0,10.0,3.0,9.0,1.0,2.0,0.5,0.5,50.0,210,7822.3046875,16,40,83,26,146
240999,4.0,10.0,3.0,9.0,1.0,2.0,0.5,0.5,50.0,211,8847.880859375,16,44,84,24,151
240999,4.0,10.0,3.0,9.0,1.0,2.0,0.5,0.5,50.0,212,8890.0,15,46,82,24,149
240999,4.0,10.0,3.0,9.0,1.0,2.0,0.5,0.5,50.0,213,9160.0,15,48,75,23,143
240999,4.0,10.0,3.0,9.0,1.0,2.0,0.5,0.5,50.0,214,9160.0,10,47,77,18,139
240999,4.0,10.0,3.0,9.0,1.0,2.0,0.5,0.5,50.0,215,9130.0,9,46,77,17,137
240999,4.0,10.0,3.0,9.0,1.0,2.0,0.5,0.5,50.0,216,8980.0,8,43,70,17,127
240999,4.0,10.0,3.0,9.0,1.0,2.0,0.5,0.5,50.0,217,8770.0,6,39,65,16,116
240999,4.0,10.0,3.0,9.0,1.0,2.0,0.5,0.5,50.0,218,8590.0,7,41,62,15,117
240999,4.0,10.0,3.0,9.0,1.0,2.0,0.5,0.5,50.0,219,8320.0,8,41,61,15,117
240999,4.0,10.0,3.0,9.0,1.0,2.0,0.5,0.5,50.0,220,8020.0,5,44,64,14,120
240999,4.0,10.0,3.0,9.0,1.0,2.0,0.5,0.5,50.0,221,7540.0,6,44,66,12,122
240999,4.0,10.0,3.0,9.0,1.0,2.0,0.5,0.5,50.0,222,7145.0,6,47,78,13,137
240999,4.0,10.0,3.0,9.0,1.0,2.0,0.5,0.5,50.0,223,7671.25,5,46,91,14,148
240999,4.0,10.0,3.0,9.0,1.0,2.0,0.5,0.5,50.0,224,8359.0625,5,50,93,16,154
240999,4.0,10.0,3.0,9.0,1.0,2.0,0.5,0.5,50.0,225,8590.0,5,55,96,16,163
240999,4.0,10.0,3.0,9.0,1.0,2.0,0.5,0.5,50.0,226,8890.0,3,54,96,16,160
240999,4.0,10.0,3.0,9.0,1.0,2.0,0.5,0.5,50.0,227,9040.0,3,53,91,16,154
240999,4.0,10.0,3.0,9.0,1.0,2.0,0.5,0.5,50.0,228,9160.0,4,49,91,15,152
240999,4.0,10.0,3.0,9.0,1.0,2.0,0.5,0.5,50.0,229,9190.0,4,45,87,14,145
240999,4.0,10.0,3.0,9.0,1.0,2.0,0.5,0.5,50.0,230,8980.0,5,41,84,12,139
240999,4.0,10.0,3.0,9.0,1.0,2.0,0.5,0.5,50.0,231,8830.0,6,37,82,12,134
240999,4.0,10.0,3.0,9.0,1.0,2.0,0.5,0.5,50.0,232,8860.0,5,34,75,13,123
240999,4.0,10.0,3.0,9.0,1.0,2.0,0.5,0.5,50.0,233,8890.0,5,31,71,12,116
240999,4.0,10.0,3.0,9.0,1.0,2.0,0.5,0.5,50.0,234,8500.0,5,29,71,12,115
240999,4.0,10.0,3.0,9.0,1.0,2.0,0.5,0.5,50.0,235,8320.0,5,25,67,13,107
240999,4.0,10.0,3.0,9.0,1.0,2.0,0.5,0.5,50.0,236,7990.0,5,27,67,14,111
240999,4.0,10.0,3.0,9.0,1.0,2.0,0.5,0.5,50.0,237,7587.5,5,30,70,16,119
240999,4.0,10.0,3.0,9.0,1.0,2.0,0.5,0.5,50.0,238,7174.375,7,32,79,19,134
240999,4.0,10.0,3.0,9.0,1.0,2.0,0.5,0.5,50.0,239,7647.96875,8,36,87,20,150
240999,4.0,10.0,3.0,9.0,1.0,2.0,0.5,0.5,50.0,240,8209.9609375,6,40,92,20,158
240999,4.0,10.0,3.0,9.0,1.0,2.0,0.5,0.5,50.0,241,8740.0,7,42,92,19,162
240999,4.0,10.0,3.0,9.0,1.0,2.0,0.5,0.5,50.0,242,8950.0,7,39,95,18,161
240999,4.0,10.0,3.0,9.0,1.0,2.0,0.5,0.5,50.0,243,9100.0,7,35,91,18,153
240999,4.0,10.0,3.0,9.0,1.0,2.0,0.5,0.5,50.0,244,9100.0,6,33,89,16,147
240999,4.0,10.0,3.0,9.0,1.0,2.0,0.5,0.5,50.0,245,9100.0,5,30,86,15,140
240999,4.0,10.0,3.0,9.0,1.0,2.0,0.5,0.5,50.0,246,9010.0,6,27,85,15,137
240999,4.0,10.0,3.0,9.0,1.0,2.0,0.5,0.5,50.0,247,8920.0,7,27,75,13,127
240999,4.0,10.0,3.0,9.0,1.0,2.0,0.5,0.5,50.0,248,8740.0,6,26,71,13,120
240999,4.0,10.0,3.0,9.0,1.0,2.0,0.5,0.5,50.0,249,8470.0,6,23,68,13,113
240999,4.0,10.0,3.0,9.0,1.0,2.0,0.5,0.5,50.0,250,8260.0,5,25,64,14,109
240999,4.0,10.0,3.0,9.0,1.0,2.0,0.5,0.5,50.0,251,8110.0,6,30,60,14,110
240999,4.0,10.0,3.0,9.0,1.0,2.0,0.5,0.5,50.0,252,7450.0,7,37,67,13,125
240999,4.0,10.0,3.0,9.0,1.0,2.0,0.5,0.5,50.0,253,7272.5,10,44,75,14,144
240999,4.0,10.0,3.0,9.0,1.0,2.0,0.5,0.5,50.0,254,7860.625,13,49,77,13,153
240999,4.0,10.0,3.0,9.0,1.0,2.0,0.5,0.5,50.0,255,8535.78125,12,54,80,13,160
240999,4.0,10.0,3.0,9.0,1.0,2.0,0.5,0.5,50.0,256,8770.0,13,59,81,11,167
240999,4.0,10.0,3.0,9.0,1.0,2.0,0.5,0.5,50.0,257,9190.0,14,55,81,9,163
240999,4.0,10.0,3.0,9.0,1.0,2.0,0.5,0.5,50.0,258,9310.0,14,56,75,10,158
240999,4.0,10.0,3.0,9.0,1.0,2.0,0.5,0.5,50.0,259,9070.0,14,53,70,9,150
240999,4.0,10.0,3.0,9.0,1.0,2.0,0.5,0.5,50.0,260,9160.0,14,50,64,5,141
240999,4.0,10.0,3.0,9.0,1.0,2.0,0.5,0.5,50.0,261,9400.0,14,49,56,4,132
240999,4.0,10.0,3.0,9.0,1.0,2.0,0.5,0.5,50.0,262,9190.0,12,42,52,3,118
240999,4.0,10.0,3.0,9.0,1.0,2.0,0.5,0.5,50.0,263,9010.0,10,42,47,2,109
240999,4.0,10.0,3.0,9.0,1.0,2.0,0.5,0.5,50.0,264,8860.0,10,42,45,2,107
240999,4.0,10.0,3.0,9.0,1.0,2.0,0.5,0.5,50.0,265,8350.0,9,44,44,3,107
240999,4.0,10.0,3.0,9.0,1.0,2.0,0.5,0.5,50.0,266,8320.0,4,47,37,3,98
240999,4.0,10.0,3.0,9.0,1.0,2.0,0.5,0.5,50.0,267,7750.0,6,52,37,5,104
240999,4.0,10.0,3.0,9.0,1.0,2.0,0.5,0.5,50.0,268,6927.5,5,62,40,8,118
240999,4.0,10.0,3.0,9.0,1.0,2.0,0.5,0.5,50.0,269,6649.375,5,75,45,11,136
240999,4.0,10.0,3.0,9.0,1.0,2.0,0.5,0.5,50.0,270,7021.71875,7,85,47,12,151
240999,4.0,10.0,3.0,9.0,1.0,2.0,0.5,0.5,50.0,271,7457.1484375,10,92,46,12,159
240999,4.0,10.0,3.0,9.0,1.0,2.0,0.5,0.5,50.0,272,8181.435546875,13,96,46,12,166
240999,4.0,10.0,3.0,9.0,1.0,2.0,0.5,0.5,50.0,273,9040.0,14,94,42,12,161
240999,4.0,10.0,3.0,9.0,1.0,2.0,0.5,0.5,50.0,274,9040.0,13,93,42,12,159
240999,4.0,10.0,3.0,9.0,1.0,2.0,0.5,0.5,50.0,275,9130.0,11,88,38,11,148
240999,4.0,10.0,3.0,9.0,1.0,2.0,0.5,0.5,50.0,276,9040.0,11,84,40,10,146
240999,4.0,10.0,3.0,9.0,1.0,2.0,0.5,0.5,50.0,277,8800.0,9,80,41,9,140
240999,4.0,10.0,3.0,9.0,1.0,2.0,0.5,0.5,50.0,278,8740.0,9,74,39,8,132
240999,4.0,10.0,3.0,9.0,1.0,2.0,0.5,0.5,50.0,279,8650.0,6,66,39,8,121
240999,4.0,10.0,3.0,9.0,1.0,2.0,0.5,0.5,50.0,280,8350.0,5,69,41,7,125
240999,4.0,10.0,3.0,9.0,1.0,2.0,0.5,0.5,50.0,281,8110.0,4,73,43,3,130
240999,4.0,10.0,3.0,9.0,1.0,2.0,0.5,0.5,50.0,282,7510.0,3,82,44,3,139
240999,4.0,10.0,3.0,9.0,1.0,2.0,0.5,0.5,50.0,283,7617.5,4,93,45,3,151
240999,4.0,10.0,3.0,9.0,1.0,2.0,0.5,0.5,50.0,284,7901.875,5,98,45,4,157
240999,4.0,10.0,3.0,9.0,1.0,2.0,0.5,0.5,50.0,285,8647.34375,7,104,46,2,166
240999,4.0,10.0,3.0,9.0,1.0,2.0,0.5,0.5,50.0,286,8800.0,8,98,49,2,165
240999,4.0,10.0,3.0,9.0,1.0,2.0,0.5,0.5,50.0,287,8980.0,8,97,49,2,164
240999,4.0,10.0,3.0,9.0,1.0,2.0,0.5,0.5,50.0,288,8980.0,8,95,45,2,158
240999,4.0,10.0,3.0,9.0,1.0,2.0,0.5,0.5,50.0,289,9040.0,8,95,43,2,156
240999,4.0,10.0,3.0,9.0,1.0,2.0,0.5,0.5,50.0,290,8860.0,9,94,44,2,157
240999,4.0,10.0,3.0,9.0,1.0,2.0,0.5,0.5,50.0,291,8830.0,12,83,39,1,143
240999,4.0,10.0,3.0,9.0,1.0,2.0,0.5,0.5,50.0,292,8350.0,15,86,35,1,144
240999,4.0,10.0,3.0,9.0,1.0,2.0,0.5,0.5,50.0,293,8470.0,14,83,30,1,135
240999,4.0,10.0,3.0,9.0,1.0,2.0,0.5,0.5,50.0,294,7780.0,19,83,31,1,140
240999,4.0,10.0,3.0,9.0,1.0,2.0,0.5,0.5,50.0,295,7355.0,23,89,27,1,144
240999,4.0,10.0,3.0,9.0,1.0,2.0,0.5,0.5,50.0,296,7333.75,27,96,27,2,155
240999,4.0,10.0,3.0,9.0,1.0,2.0,0.5,0.5,50.0,297,7817.1875,31,101,30,2,166
240999,4.0,10.0,3.0,9.0,1.0,2.0,0.5,0.5,50.0,298,8451.484375,35,102,34,2,174
240999,4.0,10.0,3.0,9.0,1.0,2.0,0.5,0.5,50.0,299,8950.0,35,97,33,2,169
240999,4.0,10.0,3.0,9.0,1.0,2.0,0.5,0.5,50.0,300,8890.0,36,98,31,3,169
240999,4.0,10.0,3.0,9.0,1.0,2.0,0.5,0.5,50.0,301,9490.0,34,99,30,3,167
240999,4.0,10.0,3.0,9.0,1.0,2.0,0.5,0.5,50.0,302,9220.0,28,91,28,4,151
240999,4.0,10.0,3.0,9.0,1.0,2.0,0.5,0.5,50.0,303,9010.0,24,88,27,5,144
240999,4.0,10.0,3.0,9.0,1.0,2.0,0.5,0.5,50.0,304,9010.0,17,87,24,6,134
240999,4.0,10.0,3.0,9.0,1.0,2.0,0.5,0.5,50.0,305,8860.0,16,76,21,6,120
240999,4.0,10.0,3.0,9.0,1.0,2.0,0.5,0.5,50.0,306,8740.0,13,72,20,8,113
240999,4.0,10.0,3.0,9.0,1.0,2.0,0.5,0.5,50.0,307,8290.0,10,69,22,10,110
240999,4.0,10.0,3.0,9.0,1.0,2.0,0.5,0.5,50.0,308,8050.0,10,72,23,11,115
240999,4.0,10.0,3.0,9.0,1.0,2.0,0.5,0.5,50.0,309,7480.0,8,77,28,13,123
240999,4.0,10.0,3.0,9.0,1.0,2.0,0.5,0.5,50.0,310,7190.0,9,83,29,13,133
240999,4.0,10.0,3.0,9.0,1.0,2.0,0.5,0.5,50.0,311,7577.5,10,90,32,14,144
240999,4.0,10.0,3.0,9.0,1.0,2.0,0.5,0.5,50.0,312,8361.875,15,88,34,14,149
240999,4.0,10.0,3.0,9.0,1.0,2.0,0.5,0.5,50.0,313,8980.0,19,92,33,13,156
240999,4.0,10.0,3.0,9.0,1.0,2.0,0.5,0.5,50.0,314,8680.0,22,93,34,12,161
240999,4.0,10.0,3.0,9.0,1.0,2.0,0.5,0.5,50.0,315,9070.0,24,89,34,11,158
240999,4.0,10.0,3.0,9.0,1.0,2.0,0.5,0.5,50.0,316,9160.0,24,86,36,11,157
240999,4.0,10.0,3.0,9.0,1.0,2.0,0.5,0.5,50.0,317,9190.0,24,81,35,11,151
240999,4.0,10.0,3.0,9.0,1.0,2.0,0.5,0.5,50.0,318,9430.0,23,72,30,10,136
240999,4.0,10.0,3.0,9.0,1.0,2.0,0.5,0.5,50.0,319,9340.0,25,64,23,9,123
240999,4.0,10.0,3.0,9.0,1.0,2.0,0.5,0.5,50.0,320,9250.0,28,58,18,7,115
240999,4.0,10.0,3.0,9.0,1.0,2.0,0.5,0.5,50.0,321,9040.0,29,53,13,7,105
240999,4.0,10.0,3.0,9.0,1.0,2.0,0.5,0.5,50.0,322,8740.0,30,46,12,6,97
240999,4.0,10.0,3.0,9.0,1.0,2.0,0.5,0.5,50.0,323,8380.0,32,45,10,6,96
240999,4.0,10.0,3.0,9.0,1.0,2.0,0.5,0.5,50.0,324,8020.0,32,48,12,6,102
240999,4.0,10.0,3.0,9.0,1.0,2.0,0.5,0.5,50.0,325,7600.0,35,53,11,8,111
240999,4.0,10.0,3.0,9.0,1.0,2.0,0.5,0.5,50.0,326,6740.0,41,55,13,8,124
240999,4.0,10.0,3.0,9.0,1.0,2.0,0.5,0.5,50.0,327,6925.0,47,65,15,10,145
240999,4.0,10.0,3.0,9.0,1.0,2.0,0.5,0.5,50.0,328,7156.25,53,66,17,12,155
240999,4.0,10.0,3.0,9.0,1.0,2.0,0.5,0.5,50.0,329,7805.3125,54,63,18,13,157
240999,4.0,10.0,3.0,9.0,1.0,2.0,0.5,0.5,50.0,330,8826.640625,52,64,20,14,159
240999,4.0,10.0,3.0,9.0,1.0,2.0,0.5,0.5,50.0,331,9190.0,50,61,23,11,157
240999,4.0,10.0,3.0,9.0,1.0,2.0,0.5,0.5,50.0,332,8980.0,47,56,25,11,151
240999,4.0,10.0,3.0,9.0,1.0,2.0,0.5,0.5,50.0,333,9040.0,44,54,24,12,145
240999,4.0,10.0,3.0,9.0,1.0,2.0,0.5,0.5,50.0,334,8830.0,43,50,26,10,142
240999,4.0,10.0,3.0,9.0,1.0,2.0,0.5,0.5,50.0,335,8500.0,37,49,27,11,136
240999,4.0,10.0,3.0,9.0,1.0,2.0,0.5,0.5,50.0,336,8380.0,31,53,26,11,132
240999,4.0,10.0,3.0,9.0,1.0,2.0,0.5,0.5,50.0,337,8050.0,31,55,29,12,137
240999,4.0,10.0,3.0,9.0,1.0,2.0,0.5,0.5,50.0,338,7960.0,27,63,30,12,142
240999,4.0,10.0,3.0,9.0,1.0,2.0,0.5,0.5,50.0,339,8300.0,23,72,33,12,149
240999,4.0,10.0,3.0,9.0,1.0,2.0,0.5,0.5,50.0,340,8530.0,19,77,37,11,154
240999,4.0,10.0,3.0,9.0,1.0,2.0,0.5,0.5,50.0,341,8770.0,17,78,41,12,157
240999,4.0,10.0,3.0,9.0,1.0,2.0,0.5,0.5,50.0,342,8950.0,14,76,45,12,156
240999,4.0,10.0,3.0,9.0,1.0,2.0,0.5,0.5,50.0,343,8890.0,11,80,47,10,159
240999,4.0,10.0,3.0,9.0,1.0,2.0,0.5,0.5,50.0,344,9040.0,10,76,50,10,157
240999,4.0,10.0,3.0,9.0,1.0,2.0,0.5,0.5,50.0,345,8890.0,10,68,48,10,147
240999,4.0,10.0,3.0,9.0,1.0,2.0,0.5,0.5,50.0,346,8800.0,11,60,45,8,137
240999,4.0,10.0,3.0,9.0,1.0,2.0,0.5,0.5,50.0,347,8530.0,13,55,44,9,132
240999,4.0,10.0,3.0,9.0,1.0,2.0,0.5,0.5,50.0,348,8470.0,15,52,46,10,132
240999,4.0,10.0,3.0,9.0,1.0,2.0,0.5,0.5,50.0,349,8350.0,17,54,45,9,134
240999,4.0,10.0,3.0,9.0,1.0,2.0,0.5,0.5,50.0,350,8020.0,21,57,45,11,140
240999,4.0,10.0,3.0,9.0,1.0,2.0,0.5,0.5,50.0,351,7990.0,23,59,42,9,141
240999,4.0,10.0,3.0,9.0,1.0,2.0,0.5,0.5,50.0,352,8097.5,25,66,39,9,147
240999,4.0,10.0,3.0,9.0,1.0,2.0,0.5,0.5,50.0,353,8230.0,26,71,40,8,153
240999,4.0,10.0,3.0,9.0,1.0,2.0,0.5,0.5,50.0,354,8380.0,29,76,39,8,161
240999,4.0,10.0,3.0,9.0,1.0,2.0,0.5,0.5,50.0,355,9130.0,34,79,36,8,167
240999,4.0,10.0,3.0,9.0,1.0,2.0,0.5,0.5,50.0,356,8620.0,33,76,36,9,163
240999,4.0,10.0,3.0,9.0,1.0,2.0,0.5,0.5,50.0,357,8710.0,34,78,33,10,163
240999,4.0,10.0,3.0,9.0,1.0,2.0,0.5,0.5,50.0,358,9280.0,30,77,34,10,160
240999,4.0,10.0,3.0,9.0,1.0,2.0,0.5,0.5,50.0,359,9070.0,27,72,33,9,152
240999,4.0,10.0,3.0,9.0,1.0,2.0,0.5,0.5,50.0,360,8860.0,29,60,31,8,139
240999,4.0,10.0,3.0,9.0,1.0,2.0,0.5,0.5,50.0,361,9100.0,30,55,32,8,135
240999,4.0,10.0,3.0,9.0,1.0,2.0,0.5,0.5,50.0,362,8830.0,29,53,27,7,128
240999,4.0,10.0,3.0,9.0,1.0,2.0,0.5,0.5,50.0,363,8800.0,25,50,24,6,116
240999,4.0,10.0,3.0,9.0,1.0,2.0,0.5,0.5,50.0,364,8770.0,24,44,25,6,112
240999,4.0,10.0,3.0,9.0,1.0,2.0,0.5,0.5,50.0,365,8380.0,27,41,23,7,113
240999,4.0,10.0,3.0,9.0,1.0,2.0,0.5,0.5,50.0,366,7870.0,28,45,24,8,120
240999,4.0,10.0,3.0,9.0,1.0,2.0,0.5,0.5,50.0,367,7317.5,30,42,29,9,128
240999,4.0,10.0,3.0,9.0,1.0,2.0,0.5,0.5,50.0,368,7376.875,31,46,37,9,144
240999,4.0,10.0,3.0,9.0,1.0,2.0,0.5,0.5,50.0,369,8201.09375,31,48,38,10,148
240999,4.0,10.0,3.0,9.0,1.0,2.0,0.5,0.5,50.0,370,8980.0,32,48,40,12,152
240999,4.0,10.0,3.0,9.0,1.0,2.0,0.5,0.5,50.0,371,8830.0,28,44,43,13,148
240999,4.0,10.0,3.0,9.0,1.0,2.0,0.5,0.5,50.0,372,8530.0,24,37,44,16,139
240999,4.0,10.0,3.0,9.0,1.0,2.0,0.5,0.5,50.0,373,8500.0,25,32,47,19,138
240999,4.0,10.0,3.0,9.0,1.0,2.0,0.5,0.5,50.0,374,8590.0,26,33,50,21,142
240999,4.0,10.0,3.0,9.0,1.0,2.0,0.5,0.5,50.0,375,8740.0,25,31,52,22,141
240999,4.0,10.0,3.0,9.0,1.0,2.0,0.5,0.5,50.0,376,8800.0,25,26,53,21,136
240999,4.0,10.0,3.0,9.0,1.0,2.0,0.5,0.5,50.0,377,8380.0,25,24,50,23,131
240999,4.0,10.0,3.0,9.0,1.0,2.0,0.5,0.5,50.0,378,8290.0,26,25,50,21,132
240999,4.0,10.0,3.0,9.0,1.0,2.0,0.5,0.5,50.0,379,8170.0,28,27,49,18,136
240999,4.0,10.0,3.0,9.0,1.0,2.0,0.5,0.5,50.0,380,8110.0,28,31,48,19,136
240999,4.0,10.0,3.0,9.0,1.0,2.0,0.5,0.5,50.0,381,8260.0,32,33,51,18,145
240999,4.0,10.0,3.0,9.0,1.0,2.0,0.5,0.5,50.0,382,8620.0,31,40,49,19,149
240999,4.0,10.0,3.0,9.0,1.0,2.0,0.5,0.5,50.0,383,8890.0,32,42,52,18,155
240999,4.0,10.0,3.0,9.0,1.0,2.0,0.5,0.5,50.0,384,8740.0,33,44,48,16,154
240999,4.0,10.0,3.0,9.0,1.0,2.0,0.5,0.5,50.0,385,9460.0,32,45,46,16,152
240999,4.0,10.0,3.0,9.0,1.0,2.0,0.5,0.5,50.0,386,9130.0,29,44,42,15,141
240999,4.0,10.0,3.0,9.0,1.0,2.0,0.5,0.5,50.0,387,9070.0,27,40,37,17,130
240999,4.0,10.0,3.0,9.0,1.0,2.0,0.5,0.5,50.0,388,9070.0,29,37,35,17,127
240999,4.0,10.0,3.0,9.0,1.0,2.0,0.5,0.5,50.0,389,8560.0,32,37,29,17,124
240999,4.0,10.0,3.0,9.0,1.0,2.0,0.5,0.5,50.0,390,8650.0,33,33,29,17,121
240999,4.0,10.0,3.0,9.0,1.0,2.0,0.5,0.5,50.0,391,8620.0,30,29,26,17,113
240999,4.0,10.0,3.0,9.0,1.0,2.0,0.5,0.5,50.0,392,7990.0,32,27,25,20,113
240999,4.0,10.0,3.0,9.0,1.0,2.0,0.5,0.5,50.0,393,7947.5,38,24,20,22,110
240999,4.0,10.0,3.0,9.0,1.0,2.0,0.5,0.5,50.0,394,7354.375,41,24,21,28,116
240999,4.0,10.0,3.0,9.0,1.0,2.0,0.5,0.5,50.0,395,7572.96875,44,25,25,30,127
240999,4.0,10.0,3.0,9.0,1.0,2.0,0.5,0.5,50.0,396,8146.2109375,46,27,27,31,133
240999,4.0,10.0,3.0,9.0,1.0,2.0,0.5,0.5,50.0,397,8980.0,47,35,32,30,147
240999,4.0,10.0,3.0,9.0,1.0,2.0,0.5,0.5,50.0,398,8920.0,46,33,31,29,142
240999,4.0,10.0,3.0,9.0,1.0,2.0,0.5,0.5,50.0,399,9160.0,40,32,33,29,137
240999,4.0,10.0,3.0,9.0,1.0,2.0,0.5,0.5,50.0,400,8950.0,37,32,32,29,133
240999,4.0,10.0,3.0,9.0,1.0,2.0,0.5,0.5,50.0,401,9100.0,36,35,31,28,134
240999,4.0,10.0,3.0,9.0,1.0,2.0,0.5,0.5,50.0,402,8860.0,31,34,29,27,125
240999,4.0,10.0,3.0,9.0,1.0,2.0,0.5,0.5,50.0,403,8650.0,28,35,26,28,119
240999,4.0,10.0,3.0,9.0,1.0,2.0,0.5,0.5,50.0,404,8560.0,22,36,24,31,111
240999,4.0,10.0,3.0,9.0,1.0,2.0,0.5,0.5,50.0,405,8440.0,18,37,26,28,109
240999,4.0,10.0,3.0,9.0,1.0,2.0,0.5,0.5,50.0,406,8380.0,19,35,27,26,109
240999,4.0,10.0,3.0,9.0,1.0,2.0,0.5,0.5,50.0,407,7900.0,20,38,28,26,114
240999,4.0,10.0,3.0,9.0,1.0,2.0,0.5,0.5,50.0,408,7805.0,21,48,29,25,126
240999,4.0,10.0,3.0,9.0,1.0,2.0,0.5,0.5,50.0,409,8106.25,22,53,30,22,134
240999,4.0,10.0,3.0,9.0,1.0,2.0,0.5,0.5,50.0,410,8290.0,26,55,31,22,141
240999,4.0,10.0,3.0,9.0,1.0,2.0,0.5,0.5,50.0,411,8470.0,28,57,30,19,144
240999,4.0,10.0,3.0,9.0,1.0,2.0,0.5,0.5,50.0,412,8560.0,30,62,32,19,153
240999,4.0,10.0,3.0,9.0,1.0,2.0,0.5,0.5,50.0,413,8800.0,26,64,31,16,151
240999,4.0,10.0,3.0,9.0,1.0,2.0,0.5,0.5,50.0,414,8740.0,27,68,31,15,156
240999,4.0,10.0,3.0,9.0,1.0,2.0,0.5,0.5,50.0,415,8920.0,22,68,29,16,149
240999,4.0,10.0,3.0,9.0,1.0,2.0,0.5,0.5,50.0,416,8920.0,17,67,30,15,142
240999,4.0,10.0,3.0,9.0,1.0,2.0,0.5,0.5,50.0,417,8800.0,19,65,30,13,140
240999,4.0,10.0,3.0,9.0,1.0,2.0,0.5,0.5,50.0,418,8620.0,19,64,28,12,136
240999,4.0,10.0,3.0,9.0,1.0,2.0,0.5,0.5,50.0,419,8380.0,19,65,27,10,136
240999,4.0,10.0,3.0,9.0,1.0,2.0,0.5,0.5,50.0,420,8230.0,16,71,23,9,134
240999,4.0,10.0,3.0,9.0,1.0,2.0,0.5,0.5,50.0,421,8050.0,16,80,21,7,141
240999,4.0,10.0,3.0,9.0,1.0,2.0,0.5,0.5,50.0,422,7960.0,18,84,22,6,146
240999,4.0,10.0,3.0,9.0,1.0,2.0,0.5,0.5,50.0,423,7970.0,20,89,23,6,154
240999,4.0,10.0,3.0,9.0,1.0,2.0,0.5,0.5,50.0,424,8462.5,23,93,28,5,166
240999,4.0,10.0,3.0,9.0,1.0,2.0,0.5,0.5,50.0,425,8770.0,23,93,33,4,169
240999,4.0,10.0,3.0,9.0,1.0,2.0,0.5,0.5,50.0,426,8890.0,24,93,37,4,172
240999,4.0,10.0,3.0,9.0,1.0,2.0,0.5,0.5,50.0,427,9190.0,22,90,37,3,167
240999,4.0,10.0,3.0,9.0,1.0,2.0,0.5,0.5,50.0,428,9040.0,19,84,33,3,153
240999,4.0,10.0,3.0,9.0,1.0,2.0,0.5,0.5,50.0,429,8590.0,18,81,34,3,149
240999,4.0,10.0,3.0,9.0,1.0,2.0,0.5,0.5,50.0,430,8710.0,16,79,35,3,146
240999,4.0,10.0,3.0,9.0,1.0,2.0,0.5,0.5,50.0,431,8710.0,12,82,34,1,144
240999,4.0,10.0,3.0,9.0,1.0,2.0,0.5,0.5,50.0,432,8350.0,8,83,34,1,141
240999,4.0,10.0,3.0,9.0,1.0,2.0,0.5,0.5,50.0,433,8140.0,9,86,36,1,147
240999,4.0,10.0,3.0,9.0,1.0,2.0,0.5,0.5,50.0,434,7900.0,9,88,36,1,147
240999,4.0,10.0,3.0,9.0,1.0,2.0,0.5,0.5,50.0,435,7775.0,7,93,34,1,147
240999,4.0,10.0,3.0,9.0,1.0,2.0,0.5,0.5,50.0,436,7858.75,8,104,36,1,161
240999,4.0,10.0,3.0,9.0,1.0,2.0,0.5,0.5,50.0,437,8203.4375,9,106,38,2,166
240999,4.0,10.0,3.0,9.0,1.0,2.0,0.5,0.5,50.0,438,8710.0,13,112,37,2,175
240999,4.0,10.0,3.0,9.0,1.0,2.0,0.5,0.5,50.0,439,8860.0,14,110,32,2,169
240999,4.0,10.0,3.0,9.0,1.0,2.0,0.5,0.5,50.0,440,8560.0,16,113,33,2,174
240999,4.0,10.0,3.0,9.0,1.0,2.0,0.5,0.5,50.0,441,8950.0,14,116,31,2,172
240999,4.0,10.0,3.0,9.0,1.0,2.0,0.5,0.5,50.0,442,8890.0,12,115,29,2,167
240999,4.0,10.0,3.0,9.0,1.0,2.0,0.5,0.5,50.0,443,9010.0,12,109,28,1,160
240999,4.0,10.0,3.0,9.0,1.0,2.0,0.5,0.5,50.0,444,9160.0,10,101,30,1,151
240999,4.0,10.0,3.0,9.0,1.0,2.0,0.5,0.5,50.0,445,8830.0,8,94,29,2,141
240999,4.0,10.0,3.0,9.0,1.0,2.0,0.5,0.5,50.0,446,8920.0,7,86,26,2,129
240999,4.0,10.0,3.0,9.0,1.0,2.0,0.5,0.5,50.0,447,8530.0,6,82,29,1,126
240999,4.0,10.0,3.0,9.0,1.0,2.0,0.5,0.5,50.0,448,8320.0,8,75,30,1,119
240999,4.0,10.0,3.0,9.0,1.0,2.0,0.5,0.5,50.0,449,7990.0,7,82,35,1,129
240999,4.0,10.0,3.0,9.0,1.0,2.0,0.5,0.5,50.0,450,7497.5,8,86,39,1,137
240999,4.0,10.0,3.0,9.0,1.0,2.0,0.5,0.5,50.0,451,7331.875,9,96,42,1,151
240999,4.0,10.0,3.0,9.0,1.0,2.0,0.5,0.5,50.0,452,7724.84375,14,100,46,2,164
240999,4.0,10.0,3.0,9.0,1.0,2.0,0.5,0.5,50.0,453,8576.0546875,17,103,47,2,170
240999,4.0,10.0,3.0,9.0,1.0,2.0,0.5,0.5,50.0,454,9190.0,19,100,47,1,169
240999,4.0,10.0,3.0,9.0,1.0,2.0,0.5,0.5,50.0,455,9070.0,20,99,43,2,164
240999,4.0,10.0,3.0,9.0,1.0,2.0,0.5,0.5,50.0,456,9010.0,19,94,39,2,154
240999,4.0,10.0,3.0,9.0,1.0,2.0,0.5,0.5,50.0,457,9010.0,18,97,36,3,153
240999,4.0,10.0,3.0,9.0,1.0,2.0,0.5,0.5,50.0,458,8860.0,16,94,33,4,145
240999,4.0,10.0,3.0,9.0,1.0,2.0,0.5,0.5,50.0,459,8710.0,17,91,34,4,144
240999,4.0,10.0,3.0,9.0,1.0,2.0,0.5,0.5,50.0,460,8530.0,15,87,30,4,135
240999,4.0,10.0,3.0,9.0,1.0,2.0,0.5,0.5,50.0,461,8110.0,14,93,27,3,137
240999,4.0,10.0,3.0,9.0,1.0,2.0,0.5,0.5,50.0,462,7810.0,11,97,27,4,137
240999,4.0,10.0,3.0,9.0,1.0,2.0,0.5,0.5,50.0,463,7272.5,11,104,26,5,143
240999,4.0,10.0,3.0,9.0,1.0,2.0,0.5,0.5,50.0,464,7590.625,11,111,25,6,148
240999,4.0,10.0,3.0,9.0,1.0,2.0,0.5,0.5,50.0,465,8018.28125,13,114,26,7,154
240999,4.0,10.0,3.0,9.0,1.0,2.0,0.5,0.5,50.0,466,8560.0,15,119,25,7,160
240999,4.0,10.0,3.0,9.0,1.0,2.0,0.5,0.5,50.0,467,8980.0,15,121,27,7,164
240999,4.0,10.0,3.0,9.0,1.0,2.0,0.5,0.5,50.0,468,9130.0,16,122,26,7,165
240999,4.0,10.0,3.0,9.0,1.0,2.0,0.5,0.5,50.0,469,9220.0,15,125,24,7,165
240999,4.0,10.0,3.0,9.0,1.0,2.0,0.5,0.5,50.0,470,9100.0,15,116,23,7,155
240999,4.0,10.0,3.0,9.0,1.0,2.0,0.5,0.5,50.0,471,9280.0,13,111,21,7,145
240999,4.0,10.0,3.0,9.0,1.0,2.0,0.5,0.5,50.0,472,9010.0,13,104,21,6,138
240999,4.0,10.0,3.0,9.0,1.0,2.0,0.5,0.5,50.0,473,8830.0,12,100,18,7,130
240999,4.0,10.0,3.0,9.0,1.0,2.0,0.5,0.5,50.0,474,8590.0,11,99,16,4,126
240999,4.0,10.0,3.0,9.0,1.0,2.0,0.5,0.5,50.0,475,8320.0,9,100,14,4,123
240999,4.0,10.0,3.0,9.0,1.0,2.0,0.5,0.5,50.0,476,8170.0,12,98,12,4,122
240999,4.0,10.0,3.0,9.0,1.0,2.0,0.5,0.5,50.0,477,7630.0,13,107,12,4,132
240999,4.0,10.0,3.0,9.0,1.0,2.0,0.5,0.5,50.0,478,7167.5,12,119,13,4,144
240999,4.0,10.0,3.0,9.0,1.0,2.0,0.5,0.5,50.0,479,7429.375,13,125,13,4,151
240999,4.0,10.0,3.0,9.0,1.0,2.0,0.5,0.5,50.0,480,8026.71875,15,133,14,5,162
240999,4.0,10.0,3.0,9.0,1.0,2.0,0.5,0.5,50.0,481,8890.0,16,138,15,5,169
240999,4.0,10.0,3.0,9.0,1.0,2.0,0.5,0.5,50.0,482,9310.0,18,133,13,5,164
240999,4.0,10.0,3.0,9.0,1.0,2.0,0.5,0.5,50.0,483,9190.0,16,129,12,5,157
240999,4.0,10.0,3.0,9.0,1.0,2.0,0.5,0.5,50.0,484,9100.0,15,126,12,5,153
240999,4.0,10.0,3.0,9.0,1.0,2.0,0.5,0.5,50.0,485,8920.0,15,120,12,5,147
240999,4.0,10.0,3.0,9.0,1.0,2.0,0.5,0.5,50.0,486,8680.0,15,121,11,4,147
240999,4.0,10.0,3.0,9.0,1.0,2.0,0.5,0.5,50.0,487,8590.0,16,112,9,3,137
240999,4.0,10.0,3.0,9.0,1.0,2.0,0.5,0.5,50.0,488,8410.0,17,108,6,3,131
240999,4.0,10.0,3.0,9.0,1.0,2.0,0.5,0.5,50.0,489,8050.0,19,104,6,2,129
240999,4.0,10.0,3.0,9.0,1.0,2.0,0.5,0.5,50.0,490,7510.0,21,107,6,2,134
240999,4.0,10.0,3.0,9.0,1.0,2.0,0.5,0.5,50.0,491,7167.5,27,118,4,1,149
240999,4.0,10.0,3.0,9.0,1.0,2.0,0.5,0.5,50.0,492,7309.375,33,130,4,1,167
240999,4.0,10.0,3.0,9.0,1.0,2.0,0.5,0.5,50.0,493,7876.71875,35,129,4,0,168
240999,4.0,10.0,3.0,9.0,1.0,2.0,0.5,0.5,50.0,494,8525.8984375,39,128,5,0,172
240999,4.0,10.0,3.0,9.0,1.0,2.0,0.5,0.5,50.0,495,9220.0,42,128,5,0,175
240999,4.0,10.0,3.0,9.0,1.0,2.0,0.5,0.5,50.0,496,9040.0,38,119,5,0,162
240999,4.0,10.0,3.0,9.0,1.0,2.0,0.5,0.5,50.0,497,8890.0,38,118,6,0,162
240999,4.0,10.0,3.0,9.0,1.0,2.0,0.5,0.5,50.0,498,8920.0,38,113,6,0,157
240999,4.0,10.0,3.0,9.0,1.0,2.0,0.5,0.5,50.0,499,8680.0,42,112,6,0,160