Exp Num,agent:svo_convergence_factor,agent:params:metabolism,agent:params:consumption_factor,agent:params:procreate_cost_factor,agent:params:procreate_req_factor,agent:params:start_energy_factor,agent:params:caught_chance,agent:params:caught_cooldown_factor,agent:params:maximum_age,Epoch,Resource,A,B,C,D,E
232712,4.0,10.0,2.0,3.0,3.0,2.0,0.4,0.30000000000000004,30.0,0,3660.0,16,26,14,24,76
232712,4.0,10.0,2.0,3.0,3.0,2.0,0.4,0.30000000000000004,30.0,1,3315.0,11,22,13,24,65
232712,4.0,10.0,2.0,3.0,3.0,2.0,0.4,0.30000000000000004,30.0,2,3303.75,11,21,13,24,64
232712,4.0,10.0,2.0,3.0,3.0,2.0,0.4,0.30000000000000004,30.0,3,3169.6875,8,19,13,21,58
232712,4.0,10.0,2.0,3.0,3.0,2.0,0.4,0.30000000000000004,30.0,4,3242.109375,6,19,13,21,56
232712,4.0,10.0,2.0,3.0,3.0,2.0,0.4,0.30000000000000004,30.0,5,3272.63671875,5,13,10,20,46
232712,4.0,10.0,2.0,3.0,3.0,2.0,0.4,0.30000000000000004,30.0,6,3390.7958984375,7,14,8,21,47
232712,4.0,10.0,2.0,3.0,3.0,2.0,0.4,0.30000000000000004,30.0,7,3218.494873046875,7,13,7,25,44
232712,4.0,10.0,2.0,3.0,3.0,2.0,0.4,0.30000000000000004,30.0,8,2963.1185913085938,7,13,7,26,44
232712,4.0,10.0,2.0,3.0,3.0,2.0,0.4,0.30000000000000004,30.0,9,2563.898239135742,6,12,7,29,45
232712,4.0,10.0,2.0,3.0,3.0,2.0,0.4,0.30000000000000004,30.0,10,2644.8727989196777,7,13,9,29,49
232712,4.0,10.0,2.0,3.0,3.0,2.0,0.4,0.30000000000000004,30.0,11,2926.090998649597,7,13,9,28,48
232712,4.0,10.0,2.0,3.0,3.0,2.0,0.4,0.30000000000000004,30.0,12,3337.6137483119965,7,13,9,28,48
232712,4.0,10.0,2.0,3.0,3.0,2.0,0.4,0.30000000000000004,30.0,13,3812.0171853899956,7,13,10,28,48
232712,4.0,10.0,2.0,3.0,3.0,2.0,0.4,0.30000000000000004,30.0,14,4225.0214817374945,7,12,10,29,47
232712,4.0,10.0,2.0,3.0,3.0,2.0,0.4,0.30000000000000004,30.0,15,4481.276852171868,7,10,10,28,43
232712,4.0,10.0,2.0,3.0,3.0,2.0,0.4,0.30000000000000004,30.0,16,4901.596065214835,8,6,7,28,37
232712,4.0,10.0,2.0,3.0,3.0,2.0,0.4,0.30000000000000004,30.0,17,5286.995081518544,6,5,6,24,33
232712,4.0,10.0,2.0,3.0,3.0,2.0,0.4,0.30000000000000004,30.0,18,5688.74385189818,6,4,6,25,31
232712,4.0,10.0,2.0,3.0,3.0,2.0,0.4,0.30000000000000004,30.0,19,6150.929814872725,8,3,6,27,32
232712,4.0,10.0,2.0,3.0,3.0,2.0,0.4,0.30000000000000004,30.0,20,6588.662268590906,8,2,8,28,38
232712,4.0,10.0,2.0,3.0,3.0,2.0,0.4,0.30000000000000004,30.0,21,6915.827835738633,8,3,10,31,41
232712,4.0,10.0,2.0,3.0,3.0,2.0,0.4,0.30000000000000004,30.0,22,7204.784794673291,10,4,11,35,49
232712,4.0,10.0,2.0,3.0,3.0,2.0,0.4,0.30000000000000004,30.0,23,7325.9809933416145,10,4,16,38,61
232712,4.0,10.0,2.0,3.0,3.0,2.0,0.4,0.30000000000000004,30.0,24,7177.476241677017,11,5,18,42,66
232712,4.0,10.0,2.0,3.0,3.0,2.0,0.4,0.30000000000000004,30.0,25,6811.845302096272,15,7,21,48,78
232712,4.0,10.0,2.0,3.0,3.0,2.0,0.4,0.30000000000000004,30.0,26,5994.806627620339,15,7,22,58,91
232712,4.0,10.0,2.0,3.0,3.0,2.0,0.4,0.30000000000000004,30.0,27,5733.508284525424,15,8,23,62,94
232712,4.0,10.0,2.0,3.0,3.0,2.0,0.4,0.30000000000000004,30.0,28,5926.885355656779,17,10,26,64,103
232712,4.0,10.0,2.0,3.0,3.0,2.0,0.4,0.30000000000000004,30.0,29,6408.606694570974,17,10,27,66,106
232712,4.0,10.0,2.0,3.0,3.0,2.0,0.4,0.30000000000000004,30.0,30,7130.758368213717,17,10,27,64,101
232712,4.0,10.0,2.0,3.0,3.0,2.0,0.4,0.30000000000000004,30.0,31,7913.447960267147,16,11,27,61,102
232712,4.0,10.0,2.0,3.0,3.0,2.0,0.4,0.30000000000000004,30.0,32,8751.809950333934,17,12,26,59,101
232712,4.0,10.0,2.0,3.0,3.0,2.0,0.4,0.30000000000000004,30.0,33,8380.0,16,11,24,56,98
232712,4.0,10.0,2.0,3.0,3.0,2.0,0.4,0.30000000000000004,30.0,34,8240.0,15,9,20,54,89
232712,4.0,10.0,2.0,3.0,3.0,2.0,0.4,0.30000000000000004,30.0,35,7960.0,13,9,20,52,89
232712,4.0,10.0,2.0,3.0,3.0,2.0,0.4,0.30000000000000004,30.0,36,7630.0,12,10,18,52,92
232712,4.0,10.0,2.0,3.0,3.0,2.0,0.4,0.30000000000000004,30.0,37,6877.5,13,11,20,55,100
232712,4.0,10.0,2.0,3.0,3.0,2.0,0.4,0.30000000000000004,30.0,38,5956.875,14,13,25,57,111
232712,4.0,10.0,2.0,3.0,3.0,2.0,0.4,0.30000000000000004,30.0,39,6206.09375,14,14,27,60,118
232712,4.0,10.0,2.0,3.0,3.0,2.0,0.4,0.30000000000000004,30.0,40,6717.6171875,15,13,27,62,118
232712,4.0,10.0,2.0,3.0,3.0,2.0,0.4,0.30000000000000004,30.0,41,7537.021484375,15,13,28,64,121
232712,4.0,10.0,2.0,3.0,3.0,2.0,0.4,0.30000000000000004,30.0,42,8381.27685546875,15,13,27,66,124
232712,4.0,10.0,2.0,3.0,3.0,2.0,0.4,0.30000000000000004,30.0,43,8940.0,16,13,27,67,126
232712,4.0,10.0,2.0,3.0,3.0,2.0,0.4,0.30000000000000004,30.0,44,8900.0,14,9,24,61,119
232712,4.0,10.0,2.0,3.0,3.0,2.0,0.4,0.30000000000000004,30.0,45,8520.0,10,8,21,57,111
232712,4.0,10.0,2.0,3.0,3.0,2.0,0.4,0.30000000000000004,30.0,46,8420.0,8,6,19,46,103
232712,4.0,10.0,2.0,3.0,3.0,2.0,0.4,0.30000000000000004,30.0,47,7880.0,7,5,18,46,106
232712,4.0,10.0,2.0,3.0,3.0,2.0,0.4,0.30000000000000004,30.0,48,7450.0,6,5,18,46,112
232712,4.0,10.0,2.0,3.0,3.0,2.0,0.4,0.30000000000000004,30.0,49,6472.5,6,6,17,46,115
232712,4.0,10.0,2.0,3.0,3.0,2.0,0.4,0.30000000000000004,30.0,50,6170.625,8,5,18,46,121
232712,4.0,10.0,2.0,3.0,3.0,2.0,0.4,0.30000000000000004,30.0,51,6453.28125,8,6,18,49,125
232712,4.0,10.0,2.0,3.0,3.0,2.0,0.4,0.30000000000000004,30.0,52,6766.6015625,8,7,18,51,124
232712,4.0,10.0,2.0,3.0,3.0,2.0,0.4,0.30000000000000004,30.0,53,7158.251953125,9,6,20,52,126
232712,4.0,10.0,2.0,3.0,3.0,2.0,0.4,0.30000000000000004,30.0,54,7467.81494140625,9,7,21,51,136
232712,4.0,10.0,2.0,3.0,3.0,2.0,0.4,0.30000000000000004,30.0,55,7714.7686767578125,10,7,18,49,133
232712,4.0,10.0,2.0,3.0,3.0,2.0,0.4,0.30000000000000004,30.0,56,7923.460845947266,10,5,19,45,131
232712,4.0,10.0,2.0,3.0,3.0,2.0,0.4,0.30000000000000004,30.0,57,8024.326057434082,10,5,19,41,136
232712,4.0,10.0,2.0,3.0,3.0,2.0,0.4,0.30000000000000004,30.0,58,7600.0,9,5,21,35,139
232712,4.0,10.0,2.0,3.0,3.0,2.0,0.4,0.30000000000000004,30.0,59,6980.0,10,5,24,36,147
232712,4.0,10.0,2.0,3.0,3.0,2.0,0.4,0.30000000000000004,30.0,60,6785.0,13,5,24,35,155
232712,4.0,10.0,2.0,3.0,3.0,2.0,0.4,0.30000000000000004,30.0,61,7101.25,12,7,24,35,155
232712,4.0,10.0,2.0,3.0,3.0,2.0,0.4,0.30000000000000004,30.0,62,7236.5625,14,7,24,37,154
232712,4.0,10.0,2.0,3.0,3.0,2.0,0.4,0.30000000000000004,30.0,63,7525.703125,15,7,25,37,161
232712,4.0,10.0,2.0,3.0,3.0,2.0,0.4,0.30000000000000004,30.0,64,7667.12890625,15,7,28,37,163
232712,4.0,10.0,2.0,3.0,3.0,2.0,0.4,0.30000000000000004,30.0,65,7783.9111328125,17,7,27,34,162
232712,4.0,10.0,2.0,3.0,3.0,2.0,0.4,0.30000000000000004,30.0,66,7629.888916015625,16,8,28,36,163
232712,4.0,10.0,2.0,3.0,3.0,2.0,0.4,0.30000000000000004,30.0,67,7337.361145019531,16,9,24,31,163
232712,4.0,10.0,2.0,3.0,3.0,2.0,0.4,0.30000000000000004,30.0,68,6991.701431274414,17,11,21,30,161
232712,4.0,10.0,2.0,3.0,3.0,2.0,0.4,0.30000000000000004,30.0,69,7139.626789093018,17,11,21,29,157
232712,4.0,10.0,2.0,3.0,3.0,2.0,0.4,0.30000000000000004,30.0,70,7104.533486366272,18,12,21,31,159
232712,4.0,10.0,2.0,3.0,3.0,2.0,0.4,0.30000000000000004,30.0,71,7380.66685795784,19,14,21,30,159
232712,4.0,10.0,2.0,3.0,3.0,2.0,0.4,0.30000000000000004,30.0,72,7345.8335724473,20,15,22,31,164
232712,4.0,10.0,2.0,3.0,3.0,2.0,0.4,0.30000000000000004,30.0,73,7542.291965559125,21,13,22,32,166
232712,4.0,10.0,2.0,3.0,3.0,2.0,0.4,0.30000000000000004,30.0,74,7487.864956948906,21,15,23,31,165
232712,4.0,10.0,2.0,3.0,3.0,2.0,0.4,0.30000000000000004,30.0,75,7459.831196186133,22,13,20,32,160
232712,4.0,10.0,2.0,3.0,3.0,2.0,0.4,0.30000000000000004,30.0,76,7304.788995232666,20,12,20,31,162
232712,4.0,10.0,2.0,3.0,3.0,2.0,0.4,0.30000000000000004,30.0,77,7170.986244040832,18,14,20,29,161
232712,4.0,10.0,2.0,3.0,3.0,2.0,0.4,0.30000000000000004,30.0,78,7023.7328050510405,17,15,17,29,161
232712,4.0,10.0,2.0,3.0,3.0,2.0,0.4,0.30000000000000004,30.0,79,7059.666006313801,18,17,17,24,164
232712,4.0,10.0,2.0,3.0,3.0,2.0,0.4,0.30000000000000004,30.0,80,7224.58250789225,18,18,16,26,162
232712,4.0,10.0,2.0,3.0,3.0,2.0,0.4,0.30000000000000004,30.0,81,7270.728134865312,16,20,16,25,162
232712,4.0,10.0,2.0,3.0,3.0,2.0,0.4,0.30000000000000004,30.0,82,7448.41016858164,17,21,16,24,160
232712,4.0,10.0,2.0,3.0,3.0,2.0,0.4,0.30000000000000004,30.0,83,7530.512710727051,17,19,16,24,156
232712,4.0,10.0,2.0,3.0,3.0,2.0,0.4,0.30000000000000004,30.0,84,7393.140888408814,18,21,21,22,166
232712,4.0,10.0,2.0,3.0,3.0,2.0,0.4,0.30000000000000004,30.0,85,7121.426110511018,17,22,20,23,164
232712,4.0,10.0,2.0,3.0,3.0,2.0,0.4,0.30000000000000004,30.0,86,6781.782638138773,17,22,19,25,154
232712,4.0,10.0,2.0,3.0,3.0,2.0,0.4,0.30000000000000004,30.0,87,6737.228297673466,19,22,20,22,158
232712,4.0,10.0,2.0,3.0,3.0,2.0,0.4,0.30000000000000004,30.0,88,6601.535372091832,21,23,20,21,158
232712,4.0,10.0,2.0,3.0,3.0,2.0,0.4,0.30000000000000004,30.0,89,6691.919215114791,22,24,19,21,157
232712,4.0,10.0,2.0,3.0,3.0,2.0,0.4,0.30000000000000004,30.0,90,6704.899018893488,22,25,20,22,157
232712,4.0,10.0,2.0,3.0,3.0,2.0,0.4,0.30000000000000004,30.0,91,6961.123773616859,22,27,19,20,154
232712,4.0,10.0,2.0,3.0,3.0,2.0,0.4,0.30000000000000004,30.0,92,7081.404717021072,22,29,19,21,157
232712,4.0,10.0,2.0,3.0,3.0,2.0,0.4,0.30000000000000004,30.0,93,7331.75589627634,23,26,17,22,154
232712,4.0,10.0,2.0,3.0,3.0,2.0,0.4,0.30000000000000004,30.0,94,7324.694870345425,22,26,14,23,145
232712,4.0,10.0,2.0,3.0,3.0,2.0,0.4,0.30000000000000004,30.0,95,7495.868587931782,18,27,14,21,145
232712,4.0,10.0,2.0,3.0,3.0,2.0,0.4,0.30000000000000004,30.0,96,7169.835734914726,19,27,13,21,143
232712,4.0,10.0,2.0,3.0,3.0,2.0,0.4,0.30000000000000004,30.0,97,6942.294668643408,19,27,13,22,142
232712,4.0,10.0,2.0,3.0,3.0,2.0,0.4,0.30000000000000004,30.0,98,6217.86833580426,16,28,13,25,142
232712,4.0,10.0,2.0,3.0,3.0,2.0,0.4,0.30000000000000004,30.0,99,6072.335419755325,17,31,13,26,145
232712,4.0,10.0,2.0,3.0,3.0,2.0,0.4,0.30000000000000004,30.0,100,6350.419274694157,18,33,13,27,146
232712,4.0,10.0,2.0,3.0,3.0,2.0,0.4,0.30000000000000004,30.0,101,6718.024093367696,18,34,14,30,146
232712,4.0,10.0,2.0,3.0,3.0,2.0,0.4,0.30000000000000004,30.0,102,6957.53011670962,18,34,16,28,147
232712,4.0,10.0,2.0,3.0,3.0,2.0,0.4,0.30000000000000004,30.0,103,7396.912645887025,18,36,18,30,150
232712,4.0,10.0,2.0,3.0,3.0,2.0,0.4,0.30000000000000004,30.0,104,7666.140807358781,19,38,18,32,149
232712,4.0,10.0,2.0,3.0,3.0,2.0,0.4,0.30000000000000004,30.0,105,8082.676009198476,18,35,16,27,143
232712,4.0,10.0,2.0,3.0,3.0,2.0,0.4,0.30000000000000004,30.0,106,8200.0,16,31,15,25,136
232712,4.0,10.0,2.0,3.0,3.0,2.0,0.4,0.30000000000000004,30.0,107,8180.0,12,29,18,28,133
232712,4.0,10.0,2.0,3.0,3.0,2.0,0.4,0.30000000000000004,30.0,108,7620.0,11,32,19,28,133
232712,4.0,10.0,2.0,3.0,3.0,2.0,0.4,0.30000000000000004,30.0,109,7225.0,13,31,19,29,135
232712,4.0,10.0,2.0,3.0,3.0,2.0,0.4,0.30000000000000004,30.0,110,6431.25,14,36,23,32,146
232712,4.0,10.0,2.0,3.0,3.0,2.0,0.4,0.30000000000000004,30.0,111,6499.0625,14,35,24,33,145
232712,4.0,10.0,2.0,3.0,3.0,2.0,0.4,0.30000000000000004,30.0,112,6663.828125,14,37,24,32,147
232712,4.0,10.0,2.0,3.0,3.0,2.0,0.4,0.30000000000000004,30.0,113,6909.78515625,16,38,25,33,152
232712,4.0,10.0,2.0,3.0,3.0,2.0,0.4,0.30000000000000004,30.0,114,7197.2314453125,16,40,25,33,151
232712,4.0,10.0,2.0,3.0,3.0,2.0,0.4,0.30000000000000004,30.0,115,7476.539306640625,17,40,29,34,156
232712,4.0,10.0,2.0,3.0,3.0,2.0,0.4,0.30000000000000004,30.0,116,7625.674133300781,17,39,29,30,157
232712,4.0,10.0,2.0,3.0,3.0,2.0,0.4,0.30000000000000004,30.0,117,7612.092666625977,20,35,29,30,159
232712,4.0,10.0,2.0,3.0,3.0,2.0,0.4,0.30000000000000004,30.0,118,7495.115833282471,18,33,29,28,158
232712,4.0,10.0,2.0,3.0,3.0,2.0,0.4,0.30000000000000004,30.0,119,7008.894791603088,18,33,30,28,163
232712,4.0,10.0,2.0,3.0,3.0,2.0,0.4,0.30000000000000004,30.0,120,6801.1184895038605,21,31,29,24,162
232712,4.0,10.0,2.0,3.0,3.0,2.0,0.4,0.30000000000000004,30.0,121,6681.398111879826,21,31,30,25,161
232712,4.0,10.0,2.0,3.0,3.0,2.0,0.4,0.30000000000000004,30.0,122,6971.747639849782,22,29,33,22,163
232712,4.0,10.0,2.0,3.0,3.0,2.0,0.4,0.30000000000000004,30.0,123,7214.6845498122275,22,31,34,22,164
232712,4.0,10.0,2.0,3.0,3.0,2.0,0.4,0.30000000000000004,30.0,124,7598.355687265284,23,33,34,21,165
232712,4.0,10.0,2.0,3.0,3.0,2.0,0.4,0.30000000000000004,30.0,125,7797.944609081605,25,34,35,22,169
232712,4.0,10.0,2.0,3.0,3.0,2.0,0.4,0.30000000000000004,30.0,126,8227.430761352007,25,32,36,19,165
232712,4.0,10.0,2.0,3.0,3.0,2.0,0.4,0.30000000000000004,30.0,127,8220.0,22,31,34,19,156
232712,4.0,10.0,2.0,3.0,3.0,2.0,0.4,0.30000000000000004,30.0,128,8200.0,20,30,33,17,150
232712,4.0,10.0,2.0,3.0,3.0,2.0,0.4,0.30000000000000004,30.0,129,7780.0,20,32,31,19,151
232712,4.0,10.0,2.0,3.0,3.0,2.0,0.4,0.30000000000000004,30.0,130,7545.0,19,31,37,19,154
232712,4.0,10.0,2.0,3.0,3.0,2.0,0.4,0.30000000000000004,30.0,131,6911.25,21,34,40,24,156
232712,4.0,10.0,2.0,3.0,3.0,2.0,0.4,0.30000000000000004,30.0,132,6479.0625,20,36,38,28,156
232712,4.0,10.0,2.0,3.0,3.0,2.0,0.4,0.30000000000000004,30.0,133,6458.828125,23,37,35,29,159
232712,4.0,10.0,2.0,3.0,3.0,2.0,0.4,0.30000000000000004,30.0,134,6813.53515625,23,39,36,31,162
232712,4.0,10.0,2.0,3.0,3.0,2.0,0.4,0.30000000000000004,30.0,135,7196.9189453125,24,40,37,30,165
232712,4.0,10.0,2.0,3.0,3.0,2.0,0.4,0.30000000000000004,30.0,136,7956.148681640625,25,40,38,30,166
232712,4.0,10.0,2.0,3.0,3.0,2.0,0.4,0.30000000000000004,30.0,137,8965.185852050781,28,40,34,30,162
232712,4.0,10.0,2.0,3.0,3.0,2.0,0.4,0.30000000000000004,30.0,138,9100.0,31,33,29,29,150
232712,4.0,10.0,2.0,3.0,3.0,2.0,0.4,0.30000000000000004,30.0,139,8800.0,25,32,26,28,137
232712,4.0,10.0,2.0,3.0,3.0,2.0,0.4,0.30000000000000004,30.0,140,8640.0,25,28,23,25,128
232712,4.0,10.0,2.0,3.0,3.0,2.0,0.4,0.30000000000000004,30.0,141,8100.0,24,22,19,23,117
232712,4.0,10.0,2.0,3.0,3.0,2.0,0.4,0.30000000000000004,30.0,142,8000.0,24,21,16,20,109
232712,4.0,10.0,2.0,3.0,3.0,2.0,0.4,0.30000000000000004,30.0,143,7840.0,23,19,15,23,105
232712,4.0,10.0,2.0,3.0,3.0,2.0,0.4,0.30000000000000004,30.0,144,7460.0,24,18,16,23,109
232712,4.0,10.0,2.0,3.0,3.0,2.0,0.4,0.30000000000000004,30.0,145,6785.0,25,20,21,24,115
232712,4.0,10.0,2.0,3.0,3.0,2.0,0.4,0.30000000000000004,30.0,146,5781.25,28,20,24,26,126
232712,4.0,10.0,2.0,3.0,3.0,2.0,0.4,0.30000000000000004,30.0,147,5646.5625,29,22,29,25,134
232712,4.0,10.0,2.0,3.0,3.0,2.0,0.4,0.30000000000000004,30.0,148,5758.203125,31,23,31,25,136
232712,4.0,10.0,2.0,3.0,3.0,2.0,0.4,0.30000000000000004,30.0,149,6257.75390625,33,24,31,26,140
232712,4.0,10.0,2.0,3.0,3.0,2.0,0.4,0.30000000000000004,30.0,150,6842.1923828125,33,26,33,27,139
232712,4.0,10.0,2.0,3.0,3.0,2.0,0.4,0.30000000000000004,30.0,151,7592.740478515625,33,29,33,29,142
232712,4.0,10.0,2.0,3.0,3.0,2.0,0.4,0.30000000000000004,30.0,152,8490.925598144531,31,30,31,27,135
232712,4.0,10.0,2.0,3.0,3.0,2.0,0.4,0.30000000000000004,30.0,153,8600.0,29,26,30,25,128
232712,4.0,10.0,2.0,3.0,3.0,2.0,0.4,0.30000000000000004,30.0,154,8260.0,25,24,31,26,120
232712,4.0,10.0,2.0,3.0,3.0,2.0,0.4,0.30000000000000004,30.0,155,8040.0,25,20,29,27,117
232712,4.0,10.0,2.0,3.0,3.0,2.0,0.4,0.30000000000000004,30.0,156,7860.0,23,21,28,27,117
232712,4.0,10.0,2.0,3.0,3.0,2.0,0.4,0.30000000000000004,30.0,157,7465.0,24,19,28,30,119
232712,4.0,10.0,2.0,3.0,3.0,2.0,0.4,0.30000000000000004,30.0,158,6691.25,20,20,32,32,124
232712,4.0,10.0,2.0,3.0,3.0,2.0,0.4,0.30000000000000004,30.0,159,5924.0625,21,23,35,35,134
232712,4.0,10.0,2.0,3.0,3.0,2.0,0.4,0.30000000000000004,30.0,160,6245.078125,22,25,36,35,140
232712,4.0,10.0,2.0,3.0,3.0,2.0,0.4,0.30000000000000004,30.0,161,6806.34765625,21,25,37,35,138
232712,4.0,10.0,2.0,3.0,3.0,2.0,0.4,0.30000000000000004,30.0,162,7467.9345703125,21,26,38,36,140
232712,4.0,10.0,2.0,3.0,3.0,2.0,0.4,0.30000000000000004,30.0,163,8214.918212890625,22,29,40,34,146
232712,4.0,10.0,2.0,3.0,3.0,2.0,0.4,0.30000000000000004,30.0,164,8740.0,23,28,42,32,150
232712,4.0,10.0,2.0,3.0,3.0,2.0,0.4,0.30000000000000004,30.0,165,8400.0,20,27,37,29,140
232712,4.0,10.0,2.0,3.0,3.0,2.0,0.4,0.30000000000000004,30.0,166,8520.0,18,29,33,27,139
232712,4.0,10.0,2.0,3.0,3.0,2.0,0.4,0.30000000000000004,30.0,167,8020.0,17,27,34,25,136
232712,4.0,10.0,2.0,3.0,3.0,2.0,0.4,0.30000000000000004,30.0,168,7800.0,14,29,31,26,133
232712,4.0,10.0,2.0,3.0,3.0,2.0,0.4,0.30000000000000004,30.0,169,7230.0,15,34,32,26,142
232712,4.0,10.0,2.0,3.0,3.0,2.0,0.4,0.30000000000000004,30.0,170,6457.5,13,35,37,26,150
232712,4.0,10.0,2.0,3.0,3.0,2.0,0.4,0.30000000000000004,30.0,171,6331.875,13,34,39,30,152
232712,4.0,10.0,2.0,3.0,3.0,2.0,0.4,0.30000000000000004,30.0,172,6874.84375,14,38,38,31,157
232712,4.0,10.0,2.0,3.0,3.0,2.0,0.4,0.30000000000000004,30.0,173,7233.5546875,16,38,39,31,160
232712,4.0,10.0,2.0,3.0,3.0,2.0,0.4,0.30000000000000004,30.0,174,7901.943359375,17,38,40,31,162
232712,4.0,10.0,2.0,3.0,3.0,2.0,0.4,0.30000000000000004,30.0,175,8657.42919921875,18,39,41,30,164
232712,4.0,10.0,2.0,3.0,3.0,2.0,0.4,0.30000000000000004,30.0,176,8700.0,18,38,36,31,158
232712,4.0,10.0,2.0,3.0,3.0,2.0,0.4,0.30000000000000004,30.0,177,8620.0,15,32,33,28,144
232712,4.0,10.0,2.0,3.0,3.0,2.0,0.4,0.30000000000000004,30.0,178,8580.0,12,30,31,29,133
232712,4.0,10.0,2.0,3.0,3.0,2.0,0.4,0.30000000000000004,30.0,179,8220.0,11,25,28,28,123
232712,4.0,10.0,2.0,3.0,3.0,2.0,0.4,0.30000000000000004,30.0,180,7800.0,11,24,26,27,121
232712,4.0,10.0,2.0,3.0,3.0,2.0,0.4,0.30000000000000004,30.0,181,7250.0,10,27,28,25,129
232712,4.0,10.0,2.0,3.0,3.0,2.0,0.4,0.30000000000000004,30.0,182,6322.5,10,29,30,28,134
232712,4.0,10.0,2.0,3.0,3.0,2.0,0.4,0.30000000000000004,30.0,183,5943.125,12,30,33,29,141
232712,4.0,10.0,2.0,3.0,3.0,2.0,0.4,0.30000000000000004,30.0,184,6348.90625,12,35,33,28,145
232712,4.0,10.0,2.0,3.0,3.0,2.0,0.4,0.30000000000000004,30.0,185,6816.1328125,12,35,34,29,145
232712,4.0,10.0,2.0,3.0,3.0,2.0,0.4,0.30000000000000004,30.0,186,7460.166015625,13,34,34,28,146
232712,4.0,10.0,2.0,3.0,3.0,2.0,0.4,0.30000000000000004,30.0,187,8345.20751953125,14,36,37,27,152
232712,4.0,10.0,2.0,3.0,3.0,2.0,0.4,0.30000000000000004,30.0,188,8700.0,14,36,36,24,149
232712,4.0,10.0,2.0,3.0,3.0,2.0,0.4,0.30000000000000004,30.0,189,8720.0,11,33,34,23,143
232712,4.0,10.0,2.0,3.0,3.0,2.0,0.4,0.30000000000000004,30.0,190,8440.0,11,32,35,22,138
232712,4.0,10.0,2.0,3.0,3.0,2.0,0.4,0.30000000000000004,30.0,191,8260.0,11,28,30,19,128
232712,4.0,10.0,2.0,3.0,3.0,2.0,0.4,0.30000000000000004,30.0,192,7980.0,9,22,24,21,113
232712,4.0,10.0,2.0,3.0,3.0,2.0,0.4,0.30000000000000004,30.0,193,7735.0,10,24,25,23,117
232712,4.0,10.0,2.0,3.0,3.0,2.0,0.4,0.30000000000000004,30.0,194,7008.75,13,26,26,24,124
232712,4.0,10.0,2.0,3.0,3.0,2.0,0.4,0.30000000000000004,30.0,195,6000.9375,15,24,27,26,128
232712,4.0,10.0,2.0,3.0,3.0,2.0,0.4,0.30000000000000004,30.0,196,5741.171875,16,27,29,27,135
232712,4.0,10.0,2.0,3.0,3.0,2.0,0.4,0.30000000000000004,30.0,197,6076.46484375,17,29,31,30,141
232712,4.0,10.0,2.0,3.0,3.0,2.0,0.4,0.30000000000000004,30.0,198,6575.5810546875,17,30,32,30,139
232712,4.0,10.0,2.0,3.0,3.0,2.0,0.4,0.30000000000000004,30.0,199,7239.476318359375,17,31,33,30,143
232712,4.0,10.0,2.0,3.0,3.0,2.0,0.4,0.30000000000000004,30.0,200,7849.345397949219,17,30,37,33,148
232712,4.0,10.0,2.0,3.0,3.0,2.0,0.4,0.30000000000000004,30.0,201,8391.681747436523,16,30,39,32,148
232712,4.0,10.0,2.0,3.0,3.0,2.0,0.4,0.30000000000000004,30.0,202,8540.0,15,23,36,31,137
232712,4.0,10.0,2.0,3.0,3.0,2.0,0.4,0.30000000000000004,30.0,203,8320.0,12,17,32,33,125
232712,4.0,10.0,2.0,3.0,3.0,2.0,0.4,0.30000000000000004,30.0,204,8040.0,8,15,32,31,122
232712,4.0,10.0,2.0,3.0,3.0,2.0,0.4,0.30000000000000004,30.0,205,7600.0,7,15,34,29,122
232712,4.0,10.0,2.0,3.0,3.0,2.0,0.4,0.30000000000000004,30.0,206,6760.0,10,13,38,32,131
232712,4.0,10.0,2.0,3.0,3.0,2.0,0.4,0.30000000000000004,30.0,207,6230.0,10,12,42,36,135
232712,4.0,10.0,2.0,3.0,3.0,2.0,0.4,0.30000000000000004,30.0,208,6287.5,13,12,42,37,139
232712,4.0,10.0,2.0,3.0,3.0,2.0,0.4,0.30000000000000004,30.0,209,6699.375,14,11,45,35,143
232712,4.0,10.0,2.0,3.0,3.0,2.0,0.4,0.30000000000000004,30.0,210,7094.21875,14,11,45,37,145
232712,4.0,10.0,2.0,3.0,3.0,2.0,0.4,0.30000000000000004,30.0,211,7487.7734375,15,11,46,38,148
232712,4.0,10.0,2.0,3.0,3.0,2.0,0.4,0.30000000000000004,30.0,212,7899.716796875,15,12,46,38,150
232712,4.0,10.0,2.0,3.0,3.0,2.0,0.4,0.30000000000000004,30.0,213,8294.64599609375,13,12,44,39,146
232712,4.0,10.0,2.0,3.0,3.0,2.0,0.4,0.30000000000000004,30.0,214,8040.0,15,11,40,35,141
232712,4.0,10.0,2.0,3.0,3.0,2.0,0.4,0.30000000000000004,30.0,215,8100.0,12,11,37,37,139
232712,4.0,10.0,2.0,3.0,3.0,2.0,0.4,0.30000000000000004,30.0,216,7820.0,10,10,32,40,136
232712,4.0,10.0,2.0,3.0,3.0,2.0,0.4,0.30000000000000004,30.0,217,7295.0,12,11,32,40,141
232712,4.0,10.0,2.0,3.0,3.0,2.0,0.4,0.30000000000000004,30.0,218,6818.75,12,11,33,42,148
232712,4.0,10.0,2.0,3.0,3.0,2.0,0.4,0.30000000000000004,30.0,219,7003.4375,12,12,34,42,154
232712,4.0,10.0,2.0,3.0,3.0,2.0,0.4,0.30000000000000004,30.0,220,7314.296875,14,13,32,42,151
232712,4.0,10.0,2.0,3.0,3.0,2.0,0.4,0.30000000000000004,30.0,221,7642.87109375,15,12,33,41,152
232712,4.0,10.0,2.0,3.0,3.0,2.0,0.4,0.30000000000000004,30.0,222,8253.5888671875,16,12,32,39,154
232712,4.0,10.0,2.0,3.0,3.0,2.0,0.4,0.30000000000000004,30.0,223,8340.0,18,12,33,37,159
232712,4.0,10.0,2.0,3.0,3.0,2.0,0.4,0.30000000000000004,30.0,224,8260.0,19,11,27,31,154
232712,4.0,10.0,2.0,3.0,3.0,2.0,0.4,0.30000000000000004,30.0,225,7960.0,19,12,26,33,152
232712,4.0,10.0,2.0,3.0,3.0,2.0,0.4,0.30000000000000004,30.0,226,7830.0,19,12,21,34,144
232712,4.0,10.0,2.0,3.0,3.0,2.0,0.4,0.30000000000000004,30.0,227,7467.5,19,14,20,30,150
232712,4.0,10.0,2.0,3.0,3.0,2.0,0.4,0.30000000000000004,30.0,228,6854.375,21,16,18,32,154
232712,4.0,10.0,2.0,3.0,3.0,2.0,0.4,0.30000000000000004,30.0,229,6787.96875,25,16,17,32,156
232712,4.0,10.0,2.0,3.0,3.0,2.0,0.4,0.30000000000000004,30.0,230,7104.9609375,26,16,18,31,156
232712,4.0,10.0,2.0,3.0,3.0,2.0,0.4,0.30000000000000004,30.0,231,7401.201171875,27,17,19,31,160
232712,4.0,10.0,2.0,3.0,3.0,2.0,0.4,0.30000000000000004,30.0,232,7791.50146484375,30,17,21,32,161
232712,4.0,10.0,2.0,3.0,3.0,2.0,0.4,0.30000000000000004,30.0,233,8199.376831054688,30,18,19,32,158
232712,4.0,10.0,2.0,3.0,3.0,2.0,0.4,0.30000000000000004,30.0,234,8440.0,30,19,17,31,154
232712,4.0,10.0,2.0,3.0,3.0,2.0,0.4,0.30000000000000004,30.0,235,8360.0,32,18,13,34,151
232712,4.0,10.0,2.0,3.0,3.0,2.0,0.4,0.30000000000000004,30.0,236,8080.0,28,20,13,34,144
232712,4.0,10.0,2.0,3.0,3.0,2.0,0.4,0.30000000000000004,30.0,237,8000.0,26,18,14,31,141
232712,4.0,10.0,2.0,3.0,3.0,2.0,0.4,0.30000000000000004,30.0,238,7920.0,29,16,13,35,137
232712,4.0,10.0,2.0,3.0,3.0,2.0,0.4,0.30000000000000004,30.0,239,7300.0,32,17,14,38,142
232712,4.0,10.0,2.0,3.0,3.0,2.0,0.4,0.30000000000000004,30.0,240,6805.0,31,20,15,35,147
232712,4.0,10.0,2.0,3.0,3.0,2.0,0.4,0.30000000000000004,30.0,241,6506.25,33,21,16,35,157
232712,4.0,10.0,2.0,3.0,3.0,2.0,0.4,0.30000000000000004,30.0,242,6912.8125,37,22,16,33,160
232712,4.0,10.0,2.0,3.0,3.0,2.0,0.4,0.30000000000000004,30.0,243,7261.015625,38,22,16,33,160
232712,4.0,10.0,2.0,3.0,3.0,2.0,0.4,0.30000000000000004,30.0,244,7976.26953125,42,22,16,33,163
232712,4.0,10.0,2.0,3.0,3.0,2.0,0.4,0.30000000000000004,30.0,245,8690.3369140625,41,26,16,32,164
232712,4.0,10.0,2.0,3.0,3.0,2.0,0.4,0.30000000000000004,30.0,246,8720.0,39,24,15,31,154
232712,4.0,10.0,2.0,3.0,3.0,2.0,0.4,0.30000000000000004,30.0,247,8540.0,38,25,15,27,151
232712,4.0,10.0,2.0,3.0,3.0,2.0,0.4,0.30000000000000004,30.0,248,8620.0,31,25,13,21,138
232712,4.0,10.0,2.0,3.0,3.0,2.0,0.4,0.30000000000000004,30.0,249,8180.0,29,25,13,19,132
232712,4.0,10.0,2.0,3.0,3.0,2.0,0.4,0.30000000000000004,30.0,250,7900.0,28,26,15,18,131
232712,4.0,10.0,2.0,3.0,3.0,2.0,0.4,0.30000000000000004,30.0,251,7455.0,27,26,15,20,129
232712,4.0,10.0,2.0,3.0,3.0,2.0,0.4,0.30000000000000004,30.0,252,6738.75,29,25,13,20,128
232712,4.0,10.0,2.0,3.0,3.0,2.0,0.4,0.30000000000000004,30.0,253,5723.4375,34,28,15,22,138
232712,4.0,10.0,2.0,3.0,3.0,2.0,0.4,0.30000000000000004,30.0,254,5774.296875,36,32,15,22,141
232712,4.0,10.0,2.0,3.0,3.0,2.0,0.4,0.30000000000000004,30.0,255,6117.87109375,36,33,14,22,139
232712,4.0,10.0,2.0,3.0,3.0,2.0,0.4,0.30000000000000004,30.0,256,6627.3388671875,37,33,17,23,140
232712,4.0,10.0,2.0,3.0,3.0,2.0,0.4,0.30000000000000004,30.0,257,7144.173583984375,38,35,18,25,145
232712,4.0,10.0,2.0,3.0,3.0,2.0,0.4,0.30000000000000004,30.0,258,7690.216979980469,39,35,20,23,144
232712,4.0,10.0,2.0,3.0,3.0,2.0,0.4,0.30000000000000004,30.0,259,8432.771224975586,37,33,18,24,136
232712,4.0,10.0,2.0,3.0,3.0,2.0,0.4,0.30000000000000004,30.0,260,8540.0,35,31,19,25,132
232712,4.0,10.0,2.0,3.0,3.0,2.0,0.4,0.30000000000000004,30.0,261,8240.0,30,26,18,24,117
232712,4.0,10.0,2.0,3.0,3.0,2.0,0.4,0.30000000000000004,30.0,262,8080.0,24,26,19,21,113
232712,4.0,10.0,2.0,3.0,3.0,2.0,0.4,0.30000000000000004,30.0,263,7840.0,20,28,23,23,118
232712,4.0,10.0,2.0,3.0,3.0,2.0,0.4,0.30000000000000004,30.0,264,7360.0,19,28,23,26,117
232712,4.0,10.0,2.0,3.0,3.0,2.0,0.4,0.30000000000000004,30.0,265,6460.0,21,30,27,28,125
232712,4.0,10.0,2.0,3.0,3.0,2.0,0.4,0.30000000000000004,30.0,266,5815.0,25,35,30,30,140
232712,4.0,10.0,2.0,3.0,3.0,2.0,0.4,0.30000000000000004,30.0,267,6108.75,26,36,34,31,143
232712,4.0,10.0,2.0,3.0,3.0,2.0,0.4,0.30000000000000004,30.0,268,6675.9375,28,36,35,31,145
232712,4.0,10.0,2.0,3.0,3.0,2.0,0.4,0.30000000000000004,30.0,269,7304.921875,28,36,37,34,145
232712,4.0,10.0,2.0,3.0,3.0,2.0,0.4,0.30000000000000004,30.0,270,8231.15234375,30,38,39,34,147
232712,4.0,10.0,2.0,3.0,3.0,2.0,0.4,0.30000000000000004,30.0,271,8920.0,31,37,38,34,145
232712,4.0,10.0,2.0,3.0,3.0,2.0,0.4,0.30000000000000004,30.0,272,9100.0,28,30,36,30,128
232712,4.0,10.0,2.0,3.0,3.0,2.0,0.4,0.30000000000000004,30.0,273,8640.0,26,31,34,31,123
232712,4.0,10.0,2.0,3.0,3.0,2.0,0.4,0.30000000000000004,30.0,274,8460.0,23,28,26,28,108
232712,4.0,10.0,2.0,3.0,3.0,2.0,0.4,0.30000000000000004,30.0,275,8140.0,21,26,26,29,102
232712,4.0,10.0,2.0,3.0,3.0,2.0,0.4,0.30000000000000004,30.0,276,8140.0,20,23,25,33,96
232712,4.0,10.0,2.0,3.0,3.0,2.0,0.4,0.30000000000000004,30.0,277,7880.0,19,21,28,34,96
232712,4.0,10.0,2.0,3.0,3.0,2.0,0.4,0.30000000000000004,30.0,278,7510.0,19,22,32,36,101
232712,4.0,10.0,2.0,3.0,3.0,2.0,0.4,0.30000000000000004,30.0,279,6767.5,20,22,37,43,111
232712,4.0,10.0,2.0,3.0,3.0,2.0,0.4,0.30000000000000004,30.0,280,5879.375,22,25,44,46,125
232712,4.0,10.0,2.0,3.0,3.0,2.0,0.4,0.30000000000000004,30.0,281,5949.21875,23,29,47,47,134
232712,4.0,10.0,2.0,3.0,3.0,2.0,0.4,0.30000000000000004,30.0,282,6656.5234375,25,29,48,47,138
232712,4.0,10.0,2.0,3.0,3.0,2.0,0.4,0.30000000000000004,30.0,283,7460.654296875,27,29,50,46,142
232712,4.0,10.0,2.0,3.0,3.0,2.0,0.4,0.30000000000000004,30.0,284,8585.81787109375,27,31,51,47,145
232712,4.0,10.0,2.0,3.0,3.0,2.0,0.4,0.30000000000000004,30.0,285,9120.0,26,31,51,45,142
232712,4.0,10.0,2.0,3.0,3.0,2.0,0.4,0.30000000000000004,30.0,286,9180.0,25,27,45,44,128
232712,4.0,10.0,2.0,3.0,3.0,2.0,0.4,0.30000000000000004,30.0,287,9060.0,22,23,39,42,111
232712,4.0,10.0,2.0,3.0,3.0,2.0,0.4,0.30000000000000004,30.0,288,8340.0,20,18,34,37,97
232712,4.0,10.0,2.0,3.0,3.0,2.0,0.4,0.30000000000000004,30.0,289,8200.0,20,20,31,35,97
232712,4.0,10.0,2.0,3.0,3.0,2.0,0.4,0.30000000000000004,30.0,290,8080.0,18,22,28,32,94
232712,4.0,10.0,2.0,3.0,3.0,2.0,0.4,0.30000000000000004,30.0,291,7980.0,20,24,26,29,94
232712,4.0,10.0,2.0,3.0,3.0,2.0,0.4,0.30000000000000004,30.0,292,7675.0,23,29,28,31,104
232712,4.0,10.0,2.0,3.0,3.0,2.0,0.4,0.30000000000000004,30.0,293,6973.75,26,29,34,32,113
232712,4.0,10.0,2.0,3.0,3.0,2.0,0.4,0.30000000000000004,30.0,294,5917.1875,28,36,39,31,131
232712,4.0,10.0,2.0,3.0,3.0,2.0,0.4,0.30000000000000004,30.0,295,5776.484375,32,39,43,31,142
232712,4.0,10.0,2.0,3.0,3.0,2.0,0.4,0.30000000000000004,30.0,296,6020.60546875,33,41,44,32,145
232712,4.0,10.0,2.0,3.0,3.0,2.0,0.4,0.30000000000000004,30.0,297,6625.7568359375,32,42,44,32,144
232712,4.0,10.0,2.0,3.0,3.0,2.0,0.4,0.30000000000000004,30.0,298,7602.196044921875,34,42,44,33,144
232712,4.0,10.0,2.0,3.0,3.0,2.0,0.4,0.30000000000000004,30.0,299,8782.745056152344,35,43,46,34,145
232712,4.0,10.0,2.0,3.0,3.0,2.0,0.4,0.30000000000000004,30.0,300,9220.0,33,41,45,30,136
232712,4.0,10.0,2.0,3.0,3.0,2.0,0.4,0.30000000000000004,30.0,301,8940.0,32,36,45,25,130
232712,4.0,10.0,2.0,3.0,3.0,2.0,0.4,0.30000000000000004,30.0,302,8580.0,27,34,39,25,116
232712,4.0,10.0,2.0,3.0,3.0,2.0,0.4,0.30000000000000004,30.0,303,8420.0,23,28,38,25,105
232712,4.0,10.0,2.0,3.0,3.0,2.0,0.4,0.30000000000000004,30.0,304,8440.0,19,26,31,23,92
232712,4.0,10.0,2.0,3.0,3.0,2.0,0.4,0.30000000000000004,30.0,305,8160.0,20,27,32,24,95
232712,4.0,10.0,2.0,3.0,3.0,2.0,0.4,0.30000000000000004,30.0,306,7900.0,18,27,36,28,97
232712,4.0,10.0,2.0,3.0,3.0,2.0,0.4,0.30000000000000004,30.0,307,7495.0,23,29,37,30,107
232712,4.0,10.0,2.0,3.0,3.0,2.0,0.4,0.30000000000000004,30.0,308,6648.75,27,31,44,35,121
232712,4.0,10.0,2.0,3.0,3.0,2.0,0.4,0.30000000000000004,30.0,309,5970.9375,27,35,47,42,127
232712,4.0,10.0,2.0,3.0,3.0,2.0,0.4,0.30000000000000004,30.0,310,6063.671875,28,39,48,44,133
232712,4.0,10.0,2.0,3.0,3.0,2.0,0.4,0.30000000000000004,30.0,311,6599.58984375,30,39,49,44,135
232712,4.0,10.0,2.0,3.0,3.0,2.0,0.4,0.30000000000000004,30.0,312,7269.4873046875,30,40,50,41,133
232712,4.0,10.0,2.0,3.0,3.0,2.0,0.4,0.30000000000000004,30.0,313,8126.859130859375,30,42,51,41,135
232712,4.0,10.0,2.0,3.0,3.0,2.0,0.4,0.30000000000000004,30.0,314,9140.0,30,42,47,41,131
232712,4.0,10.0,2.0,3.0,3.0,2.0,0.4,0.30000000000000004,30.0,315,9220.0,27,37,45,37,121
232712,4.0,10.0,2.0,3.0,3.0,2.0,0.4,0.30000000000000004,30.0,316,8700.0,23,30,41,37,106
232712,4.0,10.0,2.0,3.0,3.0,2.0,0.4,0.30000000000000004,30.0,317,8480.0,20,31,39,32,103
232712,4.0,10.0,2.0,3.0,3.0,2.0,0.4,0.30000000000000004,30.0,318,8440.0,17,24,39,32,92
232712,4.0,10.0,2.0,3.0,3.0,2.0,0.4,0.30000000000000004,30.0,319,8180.0,15,23,41,32,92
232712,4.0,10.0,2.0,3.0,3.0,2.0,0.4,0.30000000000000004,30.0,320,7960.0,15,22,43,33,94
232712,4.0,10.0,2.0,3.0,3.0,2.0,0.4,0.30000000000000004,30.0,321,7590.0,16,24,49,38,102
232712,4.0,10.0,2.0,3.0,3.0,2.0,0.4,0.30000000000000004,30.0,322,6747.5,20,28,55,42,117
232712,4.0,10.0,2.0,3.0,3.0,2.0,0.4,0.30000000000000004,30.0,323,6054.375,23,29,59,46,126
232712,4.0,10.0,2.0,3.0,3.0,2.0,0.4,0.30000000000000004,30.0,324,6227.96875,23,31,63,47,131
232712,4.0,10.0,2.0,3.0,3.0,2.0,0.4,0.30000000000000004,30.0,325,6684.9609375,26,31,63,49,134
232712,4.0,10.0,2.0,3.0,3.0,2.0,0.4,0.30000000000000004,30.0,326,7316.201171875,30,30,62,49,133
232712,4.0,10.0,2.0,3.0,3.0,2.0,0.4,0.30000000000000004,30.0,327,7925.25146484375,31,30,62,51,134
232712,4.0,10.0,2.0,3.0,3.0,2.0,0.4,0.30000000000000004,30.0,328,8866.564331054688,34,31,61,51,137
232712,4.0,10.0,2.0,3.0,3.0,2.0,0.4,0.30000000000000004,30.0,329,8800.0,31,28,57,49,128
232712,4.0,10.0,2.0,3.0,3.0,2.0,0.4,0.30000000000000004,30.0,330,8680.0,29,29,54,45,124
232712,4.0,10.0,2.0,3.0,3.0,2.0,0.4,0.30000000000000004,30.0,331,8640.0,30,29,45,38,116
232712,4.0,10.0,2.0,3.0,3.0,2.0,0.4,0.30000000000000004,30.0,332,8200.0,31,24,40,37,108
232712,4.0,10.0,2.0,3.0,3.0,2.0,0.4,0.30000000000000004,30.0,333,7920.0,33,26,34,37,108
232712,4.0,10.0,2.0,3.0,3.0,2.0,0.4,0.30000000000000004,30.0,334,7700.0,35,29,29,38,108
232712,4.0,10.0,2.0,3.0,3.0,2.0,0.4,0.30000000000000004,30.0,335,7005.0,41,29,30,40,115
232712,4.0,10.0,2.0,3.0,3.0,2.0,0.4,0.30000000000000004,30.0,336,5956.25,45,32,36,40,130
232712,4.0,10.0,2.0,3.0,3.0,2.0,0.4,0.30000000000000004,30.0,337,5905.3125,46,34,40,40,138
232712,4.0,10.0,2.0,3.0,3.0,2.0,0.4,0.30000000000000004,30.0,338,6301.640625,51,35,42,40,146
232712,4.0,10.0,2.0,3.0,3.0,2.0,0.4,0.30000000000000004,30.0,339,6997.05078125,52,35,43,40,148
232712,4.0,10.0,2.0,3.0,3.0,2.0,0.4,0.30000000000000004,30.0,340,8066.3134765625,52,35,43,39,147
232712,4.0,10.0,2.0,3.0,3.0,2.0,0.4,0.30000000000000004,30.0,341,9500.0,55,35,43,38,149
232712,4.0,10.0,2.0,3.0,3.0,2.0,0.4,0.30000000000000004,30.0,342,9580.0,53,31,40,31,138
232712,4.0,10.0,2.0,3.0,3.0,2.0,0.4,0.30000000000000004,30.0,343,8940.0,50,27,31,25,121
232712,4.0,10.0,2.0,3.0,3.0,2.0,0.4,0.30000000000000004,30.0,344,8860.0,44,22,25,21,104
232712,4.0,10.0,2.0,3.0,3.0,2.0,0.4,0.30000000000000004,30.0,345,8780.0,40,18,20,22,92
232712,4.0,10.0,2.0,3.0,3.0,2.0,0.4,0.30000000000000004,30.0,346,8720.0,29,18,22,21,83
232712,4.0,10.0,2.0,3.0,3.0,2.0,0.4,0.30000000000000004,30.0,347,8540.0,25,20,21,20,81
232712,4.0,10.0,2.0,3.0,3.0,2.0,0.4,0.30000000000000004,30.0,348,8420.0,23,20,22,20,79
232712,4.0,10.0,2.0,3.0,3.0,2.0,0.4,0.30000000000000004,30.0,349,8200.0,25,23,26,21,88
232712,4.0,10.0,2.0,3.0,3.0,2.0,0.4,0.30000000000000004,30.0,350,8000.0,31,22,30,21,100
232712,4.0,10.0,2.0,3.0,3.0,2.0,0.4,0.30000000000000004,30.0,351,7700.0,34,22,37,22,111
232712,4.0,10.0,2.0,3.0,3.0,2.0,0.4,0.30000000000000004,30.0,352,7065.0,34,27,43,22,123
232712,4.0,10.0,2.0,3.0,3.0,2.0,0.4,0.30000000000000004,30.0,353,5931.25,42,32,47,26,145
232712,4.0,10.0,2.0,3.0,3.0,2.0,0.4,0.30000000000000004,30.0,354,5914.0625,48,34,48,25,155
232712,4.0,10.0,2.0,3.0,3.0,2.0,0.4,0.30000000000000004,30.0,355,6572.578125,50,36,46,24,155
232712,4.0,10.0,2.0,3.0,3.0,2.0,0.4,0.30000000000000004,30.0,356,7555.72265625,52,36,46,23,157
232712,4.0,10.0,2.0,3.0,3.0,2.0,0.4,0.30000000000000004,30.0,357,8804.6533203125,52,36,47,23,158
232712,4.0,10.0,2.0,3.0,3.0,2.0,0.4,0.30000000000000004,30.0,358,9460.0,55,38,47,23,163
232712,4.0,10.0,2.0,3.0,3.0,2.0,0.4,0.30000000000000004,30.0,359,9340.0,50,33,41,22,145
232712,4.0,10.0,2.0,3.0,3.0,2.0,0.4,0.30000000000000004,30.0,360,8940.0,42,23,37,18,123
232712,4.0,10.0,2.0,3.0,3.0,2.0,0.4,0.30000000000000004,30.0,361,8900.0,36,22,31,15,108
232712,4.0,10.0,2.0,3.0,3.0,2.0,0.4,0.30000000000000004,30.0,362,8740.0,30,17,29,14,94
232712,4.0,10.0,2.0,3.0,3.0,2.0,0.4,0.30000000000000004,30.0,363,8640.0,28,14,27,13,87
232712,4.0,10.0,2.0,3.0,3.0,2.0,0.4,0.30000000000000004,30.0,364,8560.0,27,14,26,13,84
232712,4.0,10.0,2.0,3.0,3.0,2.0,0.4,0.30000000000000004,30.0,365,8400.0,33,14,25,10,88
232712,4.0,10.0,2.0,3.0,3.0,2.0,0.4,0.30000000000000004,30.0,366,8220.0,37,14,25,11,93
232712,4.0,10.0,2.0,3.0,3.0,2.0,0.4,0.30000000000000004,30.0,367,8040.0,39,15,28,15,100
232712,4.0,10.0,2.0,3.0,3.0,2.0,0.4,0.30000000000000004,30.0,368,7780.0,43,18,30,16,110
232712,4.0,10.0,2.0,3.0,3.0,2.0,0.4,0.30000000000000004,30.0,369,7225.0,51,19,33,19,126
232712,4.0,10.0,2.0,3.0,3.0,2.0,0.4,0.30000000000000004,30.0,370,6131.25,55,24,38,23,142
232712,4.0,10.0,2.0,3.0,3.0,2.0,0.4,0.30000000000000004,30.0,371,5704.0625,63,27,41,24,157
232712,4.0,10.0,2.0,3.0,3.0,2.0,0.4,0.30000000000000004,30.0,372,5810.078125,66,29,41,23,162
232712,4.0,10.0,2.0,3.0,3.0,2.0,0.4,0.30000000000000004,30.0,373,6402.59765625,66,29,43,25,164
232712,4.0,10.0,2.0,3.0,3.0,2.0,0.4,0.30000000000000004,30.0,374,7303.2470703125,68,30,43,25,167
232712,4.0,10.0,2.0,3.0,3.0,2.0,0.4,0.30000000000000004,30.0,375,8689.058837890625,68,31,43,25,168
232712,4.0,10.0,2.0,3.0,3.0,2.0,0.4,0.30000000000000004,30.0,376,9460.0,63,30,43,25,162
232712,4.0,10.0,2.0,3.0,3.0,2.0,0.4,0.30000000000000004,30.0,377,9520.0,54,24,34,22,137
232712,4.0,10.0,2.0,3.0,3.0,2.0,0.4,0.30000000000000004,30.0,378,8940.0,44,20,28,21,117
232712,4.0,10.0,2.0,3.0,3.0,2.0,0.4,0.30000000000000004,30.0,379,9140.0,34,17,24,18,100
232712,4.0,10.0,2.0,3.0,3.0,2.0,0.4,0.30000000000000004,30.0,380,8980.0,24,17,21,15,87
232712,4.0,10.0,2.0,3.0,3.0,2.0,0.4,0.30000000000000004,30.0,381,8840.0,20,13,20,14,76
232712,4.0,10.0,2.0,3.0,3.0,2.0,0.4,0.30000000000000004,30.0,382,8860.0,16,13,16,14,67
232712,4.0,10.0,2.0,3.0,3.0,2.0,0.4,0.30000000000000004,30.0,383,8820.0,15,14,15,15,66
232712,4.0,10.0,2.0,3.0,3.0,2.0,0.4,0.30000000000000004,30.0,384,8660.0,16,12,17,15,65
232712,4.0,10.0,2.0,3.0,3.0,2.0,0.4,0.30000000000000004,30.0,385,8620.0,14,15,18,17,67
232712,4.0,10.0,2.0,3.0,3.0,2.0,0.4,0.30000000000000004,30.0,386,8420.0,17,15,20,20,73
232712,4.0,10.0,2.0,3.0,3.0,2.0,0.4,0.30000000000000004,30.0,387,8160.0,18,17,22,19,83
232712,4.0,10.0,2.0,3.0,3.0,2.0,0.4,0.30000000000000004,30.0,388,7960.0,22,20,23,25,92
232712,4.0,10.0,2.0,3.0,3.0,2.0,0.4,0.30000000000000004,30.0,389,7610.0,25,24,27,30,107
232712,4.0,10.0,2.0,3.0,3.0,2.0,0.4,0.30000000000000004,30.0,390,6772.5,28,24,28,35,118
232712,4.0,10.0,2.0,3.0,3.0,2.0,0.4,0.30000000000000004,30.0,391,5905.625,34,25,32,40,130
232712,4.0,10.0,2.0,3.0,3.0,2.0,0.4,0.30000000000000004,30.0,392,6222.03125,36,28,34,44,139
232712,4.0,10.0,2.0,3.0,3.0,2.0,0.4,0.30000000000000004,30.0,393,6917.5390625,36,29,35,45,141
232712,4.0,10.0,2.0,3.0,3.0,2.0,0.4,0.30000000000000004,30.0,394,7826.923828125,37,29,35,46,143
232712,4.0,10.0,2.0,3.0,3.0,2.0,0.4,0.30000000000000004,30.0,395,8843.65478515625,37,31,38,46,149
232712,4.0,10.0,2.0,3.0,3.0,2.0,0.4,0.30000000000000004,30.0,396,9060.0,38,30,37,46,149
232712,4.0,10.0,2.0,3.0,3.0,2.0,0.4,0.30000000000000004,30.0,397,9060.0,30,28,34,44,133
232712,4.0,10.0,2.0,3.0,3.0,2.0,0.4,0.30000000000000004,30.0,398,8980.0,21,27,29,42,117
232712,4.0,10.0,2.0,3.0,3.0,2.0,0.4,0.30000000000000004,30.0,399,8480.0,17,22,23,36,101
232712,4.0,10.0,2.0,3.0,3.0,2.0,0.4,0.30000000000000004,30.0,400,8220.0,14,17,22,35,92
232712,4.0,10.0,2.0,3.0,3.0,2.0,0.4,0.30000000000000004,30.0,401,8040.0,12,18,27,34,96
232712,4.0,10.0,2.0,3.0,3.0,2.0,0.4,0.30000000000000004,30.0,402,7940.0,12,15,25,35,93
232712,4.0,10.0,2.0,3.0,3.0,2.0,0.4,0.30000000000000004,30.0,403,7685.0,11,14,27,37,92
232712,4.0,10.0,2.0,3.0,3.0,2.0,0.4,0.30000000000000004,30.0,404,7106.25,14,15,33,40,103
232712,4.0,10.0,2.0,3.0,3.0,2.0,0.4,0.30000000000000004,30.0,405,6062.8125,14,16,37,48,114
232712,4.0,10.0,2.0,3.0,3.0,2.0,0.4,0.30000000000000004,30.0,406,5998.515625,14,17,38,48,120
232712,4.0,10.0,2.0,3.0,3.0,2.0,0.4,0.30000000000000004,30.0,407,6398.14453125,15,19,41,50,126
232712,4.0,10.0,2.0,3.0,3.0,2.0,0.4,0.30000000000000004,30.0,408,6997.6806640625,17,19,43,51,131
232712,4.0,10.0,2.0,3.0,3.0,2.0,0.4,0.30000000000000004,30.0,409,7527.100830078125,17,19,44,50,137
232712,4.0,10.0,2.0,3.0,3.0,2.0,0.4,0.30000000000000004,30.0,410,8248.876037597656,20,19,46,51,143
232712,4.0,10.0,2.0,3.0,3.0,2.0,0.4,0.30000000000000004,30.0,411,8660.0,18,19,46,49,140
232712,4.0,10.0,2.0,3.0,3.0,2.0,0.4,0.30000000000000004,30.0,412,8500.0,19,15,40,50,134
232712,4.0,10.0,2.0,3.0,3.0,2.0,0.4,0.30000000000000004,30.0,413,8200.0,18,12,40,49,130
232712,4.0,10.0,2.0,3.0,3.0,2.0,0.4,0.30000000000000004,30.0,414,8080.0,18,9,36,47,127
232712,4.0,10.0,2.0,3.0,3.0,2.0,0.4,0.30000000000000004,30.0,415,7920.0,19,9,33,45,129
232712,4.0,10.0,2.0,3.0,3.0,2.0,0.4,0.30000000000000004,30.0,416,7580.0,19,8,35,45,130
232712,4.0,10.0,2.0,3.0,3.0,2.0,0.4,0.30000000000000004,30.0,417,6795.0,21,11,39,46,140
232712,4.0,10.0,2.0,3.0,3.0,2.0,0.4,0.30000000000000004,30.0,418,6693.75,21,12,38,45,142
232712,4.0,10.0,2.0,3.0,3.0,2.0,0.4,0.30000000000000004,30.0,419,6927.1875,21,12,39,47,142
232712,4.0,10.0,2.0,3.0,3.0,2.0,0.4,0.30000000000000004,30.0,420,7418.984375,24,12,37,45,140
232712,4.0,10.0,2.0,3.0,3.0,2.0,0.4,0.30000000000000004,30.0,421,7973.73046875,26,12,37,41,144
232712,4.0,10.0,2.0,3.0,3.0,2.0,0.4,0.30000000000000004,30.0,422,8787.1630859375,28,12,36,42,142
232712,4.0,10.0,2.0,3.0,3.0,2.0,0.4,0.30000000000000004,30.0,423,8520.0,27,8,36,42,134
232712,4.0,10.0,2.0,3.0,3.0,2.0,0.4,0.30000000000000004,30.0,424,8520.0,30,7,36,37,139
232712,4.0,10.0,2.0,3.0,3.0,2.0,0.4,0.30000000000000004,30.0,425,8220.0,28,8,35,35,137
232712,4.0,10.0,2.0,3.0,3.0,2.0,0.4,0.30000000000000004,30.0,426,8040.0,26,10,35,33,136
232712,4.0,10.0,2.0,3.0,3.0,2.0,0.4,0.30000000000000004,30.0,427,7940.0,28,8,35,33,134
232712,4.0,10.0,2.0,3.0,3.0,2.0,0.4,0.30000000000000004,30.0,428,7705.0,27,11,38,35,141
232712,4.0,10.0,2.0,3.0,3.0,2.0,0.4,0.30000000000000004,30.0,429,6931.25,27,13,39,36,143
232712,4.0,10.0,2.0,3.0,3.0,2.0,0.4,0.30000000000000004,30.0,430,6484.0625,28,13,38,40,145
232712,4.0,10.0,2.0,3.0,3.0,2.0,0.4,0.30000000000000004,30.0,431,6425.078125,31,15,39,42,152
232712,4.0,10.0,2.0,3.0,3.0,2.0,0.4,0.30000000000000004,30.0,432,7031.34765625,31,15,39,41,151
232712,4.0,10.0,2.0,3.0,3.0,2.0,0.4,0.30000000000000004,30.0,433,7809.1845703125,31,13,38,39,149
232712,4.0,10.0,2.0,3.0,3.0,2.0,0.4,0.30000000000000004,30.0,434,9021.480712890625,31,14,39,37,148
232712,4.0,10.0,2.0,3.0,3.0,2.0,0.4,0.30000000000000004,30.0,435,9140.0,31,13,39,36,144
232712,4.0,10.0,2.0,3.0,3.0,2.0,0.4,0.30000000000000004,30.0,436,9020.0,30,14,36,33,138
232712,4.0,10.0,2.0,3.0,3.0,2.0,0.4,0.30000000000000004,30.0,437,9060.0,23,11,30,32,120
232712,4.0,10.0,2.0,3.0,3.0,2.0,0.4,0.30000000000000004,30.0,438,8260.0,18,10,26,30,105
232712,4.0,10.0,2.0,3.0,3.0,2.0,0.4,0.30000000000000004,30.0,439,8180.0,15,8,26,27,98
232712,4.0,10.0,2.0,3.0,3.0,2.0,0.4,0.30000000000000004,30.0,440,8140.0,13,8,24,28,93
232712,4.0,10.0,2.0,3.0,3.0,2.0,0.4,0.30000000000000004,30.0,441,8020.0,10,8,23,26,88
232712,4.0,10.0,2.0,3.0,3.0,2.0,0.4,0.30000000000000004,30.0,442,7920.0,8,8,26,27,91
232712,4.0,10.0,2.0,3.0,3.0,2.0,0.4,0.30000000000000004,30.0,443,7720.0,6,8,32,30,95
232712,4.0,10.0,2.0,3.0,3.0,2.0,0.4,0.30000000000000004,30.0,444,7210.0,9,10,34,32,105
232712,4.0,10.0,2.0,3.0,3.0,2.0,0.4,0.30000000000000004,30.0,445,6312.5,9,11,40,38,120
232712,4.0,10.0,2.0,3.0,3.0,2.0,0.4,0.30000000000000004,30.0,446,5790.625,9,13,45,39,126
232712,4.0,10.0,2.0,3.0,3.0,2.0,0.4,0.30000000000000004,30.0,447,6078.28125,10,15,46,39,126
232712,4.0,10.0,2.0,3.0,3.0,2.0,0.4,0.30000000000000004,30.0,448,6457.8515625,10,16,49,40,132
232712,4.0,10.0,2.0,3.0,3.0,2.0,0.4,0.30000000000000004,30.0,449,6772.314453125,11,17,53,40,137
232712,4.0,10.0,2.0,3.0,3.0,2.0,0.4,0.30000000000000004,30.0,450,7265.39306640625,13,18,54,38,137
232712,4.0,10.0,2.0,3.0,3.0,2.0,0.4,0.30000000000000004,30.0,451,7681.7413330078125,13,19,55,39,141
232712,4.0,10.0,2.0,3.0,3.0,2.0,0.4,0.30000000000000004,30.0,452,8022.176666259766,14,17,56,40,142
232712,4.0,10.0,2.0,3.0,3.0,2.0,0.4,0.30000000000000004,30.0,453,8240.0,14,16,49,34,134
232712,4.0,10.0,2.0,3.0,3.0,2.0,0.4,0.30000000000000004,30.0,454,8060.0,13,17,46,34,134
232712,4.0,10.0,2.0,3.0,3.0,2.0,0.4,0.30000000000000004,30.0,455,7880.0,12,21,47,35,140
232712,4.0,10.0,2.0,3.0,3.0,2.0,0.4,0.30000000000000004,30.0,456,7330.0,12,22,45,36,138
232712,4.0,10.0,2.0,3.0,3.0,2.0,0.4,0.30000000000000004,30.0,457,6662.5,13,24,44,45,142
232712,4.0,10.0,2.0,3.0,3.0,2.0,0.4,0.30000000000000004,30.0,458,6688.125,13,25,44,48,142
232712,4.0,10.0,2.0,3.0,3.0,2.0,0.4,0.30000000000000004,30.0,459,7020.15625,15,25,43,48,140
232712,4.0,10.0,2.0,3.0,3.0,2.0,0.4,0.30000000000000004,30.0,460,7675.1953125,16,25,44,47,141
232712,4.0,10.0,2.0,3.0,3.0,2.0,0.4,0.30000000000000004,30.0,461,8373.994140625,17,25,42,49,138
232712,4.0,10.0,2.0,3.0,3.0,2.0,0.4,0.30000000000000004,30.0,462,8680.0,19,25,43,46,139
232712,4.0,10.0,2.0,3.0,3.0,2.0,0.4,0.30000000000000004,30.0,463,8660.0,19,25,39,43,135
232712,4.0,10.0,2.0,3.0,3.0,2.0,0.4,0.30000000000000004,30.0,464,8720.0,20,19,33,40,127
232712,4.0,10.0,2.0,3.0,3.0,2.0,0.4,0.30000000000000004,30.0,465,8480.0,23,17,30,35,125
232712,4.0,10.0,2.0,3.0,3.0,2.0,0.4,0.30000000000000004,30.0,466,8060.0,20,11,24,37,114
232712,4.0,10.0,2.0,3.0,3.0,2.0,0.4,0.30000000000000004,30.0,467,7620.0,21,10,25,39,117
232712,4.0,10.0,2.0,3.0,3.0,2.0,0.4,0.30000000000000004,30.0,468,6965.0,28,10,22,38,120
232712,4.0,10.0,2.0,3.0,3.0,2.0,0.4,0.30000000000000004,30.0,469,6106.25,28,10,24,40,125
232712,4.0,10.0,2.0,3.0,3.0,2.0,0.4,0.30000000000000004,30.0,470,6032.8125,31,10,25,41,130
232712,4.0,10.0,2.0,3.0,3.0,2.0,0.4,0.30000000000000004,30.0,471,6361.015625,35,12,25,41,136
232712,4.0,10.0,2.0,3.0,3.0,2.0,0.4,0.30000000000000004,30.0,472,6871.26953125,37,12,24,43,138
232712,4.0,10.0,2.0,3.0,3.0,2.0,0.4,0.30000000000000004,30.0,473,7429.0869140625,36,13,25,43,140
232712,4.0,10.0,2.0,3.0,3.0,2.0,0.4,0.30000000000000004,30.0,474,8026.358642578125,38,13,25,41,144
232712,4.0,10.0,2.0,3.0,3.0,2.0,0.4,0.30000000000000004,30.0,475,8640.0,39,14,22,44,141
232712,4.0,10.0,2.0,3.0,3.0,2.0,0.4,0.30000000000000004,30.0,476,8540.0,34,12,27,45,133
232712,4.0,10.0,2.0,3.0,3.0,2.0,0.4,0.30000000000000004,30.0,477,8400.0,33,9,22,42,117
232712,4.0,10.0,2.0,3.0,3.0,2.0,0.4,0.30000000000000004,30.0,478,8140.0,30,9,22,42,112
232712,4.0,10.0,2.0,3.0,3.0,2.0,0.4,0.30000000000000004,30.0,479,7820.0,27,10,22,44,110
232712,4.0,10.0,2.0,3.0,3.0,2.0,0.4,0.30000000000000004,30.0,480,7355.0,25,12,21,45,110
232712,4.0,10.0,2.0,3.0,3.0,2.0,0.4,0.30000000000000004,30.0,481,6633.75,25,13,24,48,115
232712,4.0,10.0,2.0,3.0,3.0,2.0,0.4,0.30000000000000004,30.0,482,6092.1875,27,15,25,50,121
232712,4.0,10.0,2.0,3.0,3.0,2.0,0.4,0.30000000000000004,30.0,483,6175.234375,29,15,26,52,123
232712,4.0,10.0,2.0,3.0,3.0,2.0,0.4,0.30000000000000004,30.0,484,6619.04296875,30,16,26,52,125
232712,4.0,10.0,2.0,3.0,3.0,2.0,0.4,0.30000000000000004,30.0,485,7033.8037109375,30,16,26,54,126
232712,4.0,10.0,2.0,3.0,3.0,2.0,0.4,0.30000000000000004,30.0,486,7492.254638671875,30,17,27,53,126
232712,4.0,10.0,2.0,3.0,3.0,2.0,0.4,0.30000000000000004,30.0,487,8085.318298339844,30,18,25,51,128
232712,4.0,10.0,2.0,3.0,3.0,2.0,0.4,0.30000000000000004,30.0,488,8500.0,26,18,23,48,123
232712,4.0,10.0,2.0,3.0,3.0,2.0,0.4,0.30000000000000004,30.0,489,8560.0,21,15,20,46,116
232712,4.0,10.0,2.0,3.0,3.0,2.0,0.4,0.30000000000000004,30.0,490,8260.0,18,16,21,43,116
232712,4.0,10.0,2.0,3.0,3.0,2.0,0.4,0.30000000000000004,30.0,491,7840.0,15,15,22,42,116
232712,4.0,10.0,2.0,3.0,3.0,2.0,0.4,0.30000000000000004,30.0,492,7600.0,11,11,23,42,113
232712,4.0,10.0,2.0,3.0,3.0,2.0,0.4,0.30000000000000004,30.0,493,7060.0,8,14,21,45,117
232712,4.0,10.0,2.0,3.0,3.0,2.0,0.4,0.30000000000000004,30.0,494,6265.0,10,14,24,48,126
232712,4.0,10.0,2.0,3.0,3.0,2.0,0.4,0.30000000000000004,30.0,495,6491.25,10,14,23,47,130
232712,4.0,10.0,2.0,3.0,3.0,2.0,0.4,0.30000000000000004,30.0,496,6874.0625,10,15,23,49,132
232712,4.0,10.0,2.0,3.0,3.0,2.0,0.4,0.30000000000000004,30.0,497,7212.578125,10,15,24,50,131
232712,4.0,10.0,2.0,3.0,3.0,2.0,0.4,0.30000000000000004,30.0,498,7675.72265625,12,16,26,50,139
232712,4.0,10.0,2.0,3.0,3.0,2.0,0.4,0.30000000000000004,30.0,499,7954.6533203125,13,16,27,51,141