Exp Num,agent:svo_convergence_factor,agent:params:metabolism,agent:params:consumption_factor,agent:params:procreate_cost_factor,agent:params:procreate_req_factor,agent:params:start_energy_factor,agent:params:caught_chance,agent:params:caught_cooldown_factor,agent:params:maximum_age,Epoch,Resource,A,B,C,D,E
262829,4.0,15.0,3.0,7.0,2.0,3.0,0.4,0.1,50.0,0,4010.0,21,23,14,23,77
262829,4.0,15.0,3.0,7.0,2.0,3.0,0.4,0.1,50.0,1,4247.5,21,23,14,23,77
262829,4.0,15.0,3.0,7.0,2.0,3.0,0.4,0.1,50.0,2,3464.375,14,17,9,23,59
262829,4.0,15.0,3.0,7.0,2.0,3.0,0.4,0.1,50.0,3,3520.46875,10,13,9,22,51
262829,4.0,15.0,3.0,7.0,2.0,3.0,0.4,0.1,50.0,4,3815.5859375,10,12,9,22,50
262829,4.0,15.0,3.0,7.0,2.0,3.0,0.4,0.1,50.0,5,4004.482421875,7,9,7,18,42
262829,4.0,15.0,3.0,7.0,2.0,3.0,0.4,0.1,50.0,6,4240.60302734375,6,7,5,18,37
262829,4.0,15.0,3.0,7.0,2.0,3.0,0.4,0.1,50.0,7,4985.7537841796875,6,7,5,17,37
262829,4.0,15.0,3.0,7.0,2.0,3.0,0.4,0.1,50.0,8,5377.192230224609,5,6,3,16,32
262829,4.0,15.0,3.0,7.0,2.0,3.0,0.4,0.1,50.0,9,5821.490287780762,5,5,1,15,29
262829,4.0,15.0,3.0,7.0,2.0,3.0,0.4,0.1,50.0,10,5791.862859725952,5,6,1,15,30
262829,4.0,15.0,3.0,7.0,2.0,3.0,0.4,0.1,50.0,11,5664.82857465744,4,5,1,15,28
262829,4.0,15.0,3.0,7.0,2.0,3.0,0.4,0.1,50.0,12,5461.0357183218,4,7,0,15,29
262829,4.0,15.0,3.0,7.0,2.0,3.0,0.4,0.1,50.0,13,5116.29464790225,4,7,0,15,29
262829,4.0,15.0,3.0,7.0,2.0,3.0,0.4,0.1,50.0,14,4595.368309877813,4,7,1,18,31
262829,4.0,15.0,3.0,7.0,2.0,3.0,0.4,0.1,50.0,15,4214.210387347266,4,7,3,21,35
262829,4.0,15.0,3.0,7.0,2.0,3.0,0.4,0.1,50.0,16,4907.762984184083,3,7,4,21,35
262829,4.0,15.0,3.0,7.0,2.0,3.0,0.4,0.1,50.0,17,5684.703730230103,4,7,4,21,36
262829,4.0,15.0,3.0,7.0,2.0,3.0,0.4,0.1,50.0,18,6475.879662787629,4,7,5,21,38
262829,4.0,15.0,3.0,7.0,2.0,3.0,0.4,0.1,50.0,19,7374.849578484536,5,7,6,22,40
262829,4.0,15.0,3.0,7.0,2.0,3.0,0.4,0.1,50.0,20,7958.56197310567,6,7,6,23,42
262829,4.0,15.0,3.0,7.0,2.0,3.0,0.4,0.1,50.0,21,8058.2024663820885,7,7,7,24,45
262829,4.0,15.0,3.0,7.0,2.0,3.0,0.4,0.1,50.0,22,7840.0,8,8,8,24,50
262829,4.0,15.0,3.0,7.0,2.0,3.0,0.4,0.1,50.0,23,7370.0,10,8,10,26,56
262829,4.0,15.0,3.0,7.0,2.0,3.0,0.4,0.1,50.0,24,7097.5,11,8,12,28,61
262829,4.0,15.0,3.0,7.0,2.0,3.0,0.4,0.1,50.0,25,7296.875,11,8,13,29,61
262829,4.0,15.0,3.0,7.0,2.0,3.0,0.4,0.1,50.0,26,7906.09375,12,9,13,31,64
262829,4.0,15.0,3.0,7.0,2.0,3.0,0.4,0.1,50.0,27,8442.6171875,13,10,13,33,68
262829,4.0,15.0,3.0,7.0,2.0,3.0,0.4,0.1,50.0,28,8785.0,14,10,14,34,70
262829,4.0,15.0,3.0,7.0,2.0,3.0,0.4,0.1,50.0,29,8965.0,15,9,14,33,70
262829,4.0,15.0,3.0,7.0,2.0,3.0,0.4,0.1,50.0,30,8965.0,15,9,14,34,71
262829,4.0,15.0,3.0,7.0,2.0,3.0,0.4,0.1,50.0,31,8920.0,16,9,15,32,73
262829,4.0,15.0,3.0,7.0,2.0,3.0,0.4,0.1,50.0,32,8875.0,17,9,15,31,74
262829,4.0,15.0,3.0,7.0,2.0,3.0,0.4,0.1,50.0,33,9235.0,17,9,15,31,74
262829,4.0,15.0,3.0,7.0,2.0,3.0,0.4,0.1,50.0,34,8875.0,16,9,15,30,73
262829,4.0,15.0,3.0,7.0,2.0,3.0,0.4,0.1,50.0,35,8875.0,16,9,14,30,71
262829,4.0,15.0,3.0,7.0,2.0,3.0,0.4,0.1,50.0,36,8965.0,16,10,14,29,71
262829,4.0,15.0,3.0,7.0,2.0,3.0,0.4,0.1,50.0,37,9055.0,16,9,15,30,69
262829,4.0,15.0,3.0,7.0,2.0,3.0,0.4,0.1,50.0,38,8650.0,14,9,13,30,64
262829,4.0,15.0,3.0,7.0,2.0,3.0,0.4,0.1,50.0,39,8875.0,13,10,12,30,63
262829,4.0,15.0,3.0,7.0,2.0,3.0,0.4,0.1,50.0,40,8830.0,11,11,13,29,62
262829,4.0,15.0,3.0,7.0,2.0,3.0,0.4,0.1,50.0,41,8785.0,10,12,14,29,61
262829,4.0,15.0,3.0,7.0,2.0,3.0,0.4,0.1,50.0,42,8515.0,10,13,15,27,63
262829,4.0,15.0,3.0,7.0,2.0,3.0,0.4,0.1,50.0,43,8560.0,10,13,15,26,62
262829,4.0,15.0,3.0,7.0,2.0,3.0,0.4,0.1,50.0,44,8470.0,9,15,15,26,63
262829,4.0,15.0,3.0,7.0,2.0,3.0,0.4,0.1,50.0,45,8110.0,9,15,17,25,64
262829,4.0,15.0,3.0,7.0,2.0,3.0,0.4,0.1,50.0,46,7975.0,10,16,18,25,67
262829,4.0,15.0,3.0,7.0,2.0,3.0,0.4,0.1,50.0,47,7853.75,10,17,21,23,70
262829,4.0,15.0,3.0,7.0,2.0,3.0,0.4,0.1,50.0,48,7792.1875,10,18,21,24,70
262829,4.0,15.0,3.0,7.0,2.0,3.0,0.4,0.1,50.0,49,7940.234375,11,19,22,26,73
262829,4.0,15.0,3.0,7.0,2.0,3.0,0.4,0.1,50.0,50,8170.29296875,11,19,24,26,75
262829,4.0,15.0,3.0,7.0,2.0,3.0,0.4,0.1,50.0,51,8470.0,11,20,26,23,77
262829,4.0,15.0,3.0,7.0,2.0,3.0,0.4,0.1,50.0,52,8380.0,9,20,28,22,75
262829,4.0,15.0,3.0,7.0,2.0,3.0,0.4,0.1,50.0,53,8515.0,9,21,29,22,75
262829,4.0,15.0,3.0,7.0,2.0,3.0,0.4,0.1,50.0,54,8200.0,10,21,29,24,77
262829,4.0,15.0,3.0,7.0,2.0,3.0,0.4,0.1,50.0,55,8515.0,10,21,30,25,79
262829,4.0,15.0,3.0,7.0,2.0,3.0,0.4,0.1,50.0,56,8920.0,10,20,29,26,77
262829,4.0,15.0,3.0,7.0,2.0,3.0,0.4,0.1,50.0,57,8920.0,9,20,30,26,76
262829,4.0,15.0,3.0,7.0,2.0,3.0,0.4,0.1,50.0,58,8830.0,9,19,30,28,75
262829,4.0,15.0,3.0,7.0,2.0,3.0,0.4,0.1,50.0,59,9055.0,9,19,31,29,76
262829,4.0,15.0,3.0,7.0,2.0,3.0,0.4,0.1,50.0,60,8875.0,8,16,30,29,72
262829,4.0,15.0,3.0,7.0,2.0,3.0,0.4,0.1,50.0,61,8650.0,7,16,30,29,72
262829,4.0,15.0,3.0,7.0,2.0,3.0,0.4,0.1,50.0,62,8785.0,7,14,30,29,70
262829,4.0,15.0,3.0,7.0,2.0,3.0,0.4,0.1,50.0,63,8875.0,7,13,32,29,70
262829,4.0,15.0,3.0,7.0,2.0,3.0,0.4,0.1,50.0,64,8785.0,7,10,34,28,69
262829,4.0,15.0,3.0,7.0,2.0,3.0,0.4,0.1,50.0,65,8695.0,6,9,36,27,69
262829,4.0,15.0,3.0,7.0,2.0,3.0,0.4,0.1,50.0,66,8560.0,6,9,35,27,67
262829,4.0,15.0,3.0,7.0,2.0,3.0,0.4,0.1,50.0,67,8560.0,5,9,33,28,64
262829,4.0,15.0,3.0,7.0,2.0,3.0,0.4,0.1,50.0,68,8650.0,4,10,33,26,63
262829,4.0,15.0,3.0,7.0,2.0,3.0,0.4,0.1,50.0,69,8515.0,4,11,35,26,65
262829,4.0,15.0,3.0,7.0,2.0,3.0,0.4,0.1,50.0,70,8515.0,4,11,35,26,64
262829,4.0,15.0,3.0,7.0,2.0,3.0,0.4,0.1,50.0,71,8245.0,5,11,39,23,69
262829,4.0,15.0,3.0,7.0,2.0,3.0,0.4,0.1,50.0,72,7930.0,6,11,40,23,71
262829,4.0,15.0,3.0,7.0,2.0,3.0,0.4,0.1,50.0,73,7932.5,6,12,44,23,74
262829,4.0,15.0,3.0,7.0,2.0,3.0,0.4,0.1,50.0,74,8205.625,6,14,45,21,76
262829,4.0,15.0,3.0,7.0,2.0,3.0,0.4,0.1,50.0,75,8335.0,7,16,45,20,79
262829,4.0,15.0,3.0,7.0,2.0,3.0,0.4,0.1,50.0,76,8155.0,8,15,47,18,81
262829,4.0,15.0,3.0,7.0,2.0,3.0,0.4,0.1,50.0,77,8245.0,9,15,48,18,82
262829,4.0,15.0,3.0,7.0,2.0,3.0,0.4,0.1,50.0,78,8290.0,9,17,49,19,85
262829,4.0,15.0,3.0,7.0,2.0,3.0,0.4,0.1,50.0,79,8290.0,11,19,50,17,89
262829,4.0,15.0,3.0,7.0,2.0,3.0,0.4,0.1,50.0,80,8695.0,12,19,49,17,88
262829,4.0,15.0,3.0,7.0,2.0,3.0,0.4,0.1,50.0,81,8785.0,13,19,49,16,88
262829,4.0,15.0,3.0,7.0,2.0,3.0,0.4,0.1,50.0,82,8695.0,14,20,50,16,91
262829,4.0,15.0,3.0,7.0,2.0,3.0,0.4,0.1,50.0,83,8830.0,14,21,51,15,93
262829,4.0,15.0,3.0,7.0,2.0,3.0,0.4,0.1,50.0,84,9100.0,14,22,52,13,94
262829,4.0,15.0,3.0,7.0,2.0,3.0,0.4,0.1,50.0,85,8875.0,14,22,51,12,93
262829,4.0,15.0,3.0,7.0,2.0,3.0,0.4,0.1,50.0,86,8875.0,14,21,50,12,90
262829,4.0,15.0,3.0,7.0,2.0,3.0,0.4,0.1,50.0,87,8785.0,14,23,48,11,90
262829,4.0,15.0,3.0,7.0,2.0,3.0,0.4,0.1,50.0,88,8740.0,15,24,45,11,89
262829,4.0,15.0,3.0,7.0,2.0,3.0,0.4,0.1,50.0,89,8785.0,15,24,42,11,86
262829,4.0,15.0,3.0,7.0,2.0,3.0,0.4,0.1,50.0,90,8560.0,15,23,38,12,81
262829,4.0,15.0,3.0,7.0,2.0,3.0,0.4,0.1,50.0,91,8605.0,15,22,37,12,79
262829,4.0,15.0,3.0,7.0,2.0,3.0,0.4,0.1,50.0,92,8650.0,16,23,34,10,78
262829,4.0,15.0,3.0,7.0,2.0,3.0,0.4,0.1,50.0,93,8560.0,17,24,32,9,78
262829,4.0,15.0,3.0,7.0,2.0,3.0,0.4,0.1,50.0,94,8290.0,18,25,32,9,80
262829,4.0,15.0,3.0,7.0,2.0,3.0,0.4,0.1,50.0,95,8290.0,21,26,31,9,82
262829,4.0,15.0,3.0,7.0,2.0,3.0,0.4,0.1,50.0,96,7795.0,22,30,31,9,87
262829,4.0,15.0,3.0,7.0,2.0,3.0,0.4,0.1,50.0,97,7763.75,24,30,32,8,90
262829,4.0,15.0,3.0,7.0,2.0,3.0,0.4,0.1,50.0,98,7949.6875,24,31,32,8,91
262829,4.0,15.0,3.0,7.0,2.0,3.0,0.4,0.1,50.0,99,8497.109375,24,34,31,7,92
262829,4.0,15.0,3.0,7.0,2.0,3.0,0.4,0.1,50.0,100,8425.0,25,36,28,7,92
262829,4.0,15.0,3.0,7.0,2.0,3.0,0.4,0.1,50.0,101,8245.0,26,38,30,6,97
262829,4.0,15.0,3.0,7.0,2.0,3.0,0.4,0.1,50.0,102,8470.0,29,37,30,6,98
262829,4.0,15.0,3.0,7.0,2.0,3.0,0.4,0.1,50.0,103,8110.0,30,39,30,6,101
262829,4.0,15.0,3.0,7.0,2.0,3.0,0.4,0.1,50.0,104,8335.0,32,40,30,6,103
262829,4.0,15.0,3.0,7.0,2.0,3.0,0.4,0.1,50.0,105,8605.0,34,40,28,5,103
262829,4.0,15.0,3.0,7.0,2.0,3.0,0.4,0.1,50.0,106,9010.0,34,40,28,4,103
262829,4.0,15.0,3.0,7.0,2.0,3.0,0.4,0.1,50.0,107,9100.0,35,39,27,3,102
262829,4.0,15.0,3.0,7.0,2.0,3.0,0.4,0.1,50.0,108,9055.0,32,39,26,3,98
262829,4.0,15.0,3.0,7.0,2.0,3.0,0.4,0.1,50.0,109,9100.0,32,39,26,2,98
262829,4.0,15.0,3.0,7.0,2.0,3.0,0.4,0.1,50.0,110,8830.0,33,40,25,2,99
262829,4.0,15.0,3.0,7.0,2.0,3.0,0.4,0.1,50.0,111,8830.0,33,42,24,2,100
262829,4.0,15.0,3.0,7.0,2.0,3.0,0.4,0.1,50.0,112,8560.0,35,41,23,1,100
262829,4.0,15.0,3.0,7.0,2.0,3.0,0.4,0.1,50.0,113,8650.0,34,41,22,1,98
262829,4.0,15.0,3.0,7.0,2.0,3.0,0.4,0.1,50.0,114,8380.0,34,40,21,1,96
262829,4.0,15.0,3.0,7.0,2.0,3.0,0.4,0.1,50.0,115,8605.0,35,39,21,1,96
262829,4.0,15.0,3.0,7.0,2.0,3.0,0.4,0.1,50.0,116,8425.0,38,35,18,1,92
262829,4.0,15.0,3.0,7.0,2.0,3.0,0.4,0.1,50.0,117,8425.0,37,34,18,1,90
262829,4.0,15.0,3.0,7.0,2.0,3.0,0.4,0.1,50.0,118,8110.0,38,35,16,1,90
262829,4.0,15.0,3.0,7.0,2.0,3.0,0.4,0.1,50.0,119,8020.0,39,35,18,1,93
262829,4.0,15.0,3.0,7.0,2.0,3.0,0.4,0.1,50.0,120,7885.0,41,33,17,1,93
262829,4.0,15.0,3.0,7.0,2.0,3.0,0.4,0.1,50.0,121,7696.25,42,33,19,1,95
262829,4.0,15.0,3.0,7.0,2.0,3.0,0.4,0.1,50.0,122,7775.3125,46,35,21,1,103
262829,4.0,15.0,3.0,7.0,2.0,3.0,0.4,0.1,50.0,123,8639.140625,44,33,22,1,100
262829,4.0,15.0,3.0,7.0,2.0,3.0,0.4,0.1,50.0,124,8740.0,46,33,21,1,101
262829,4.0,15.0,3.0,7.0,2.0,3.0,0.4,0.1,50.0,125,8740.0,46,33,21,2,101
262829,4.0,15.0,3.0,7.0,2.0,3.0,0.4,0.1,50.0,126,8920.0,45,34,23,2,103
262829,4.0,15.0,3.0,7.0,2.0,3.0,0.4,0.1,50.0,127,9010.0,44,35,25,1,105
262829,4.0,15.0,3.0,7.0,2.0,3.0,0.4,0.1,50.0,128,9010.0,44,35,25,1,105
262829,4.0,15.0,3.0,7.0,2.0,3.0,0.4,0.1,50.0,129,8740.0,42,36,24,2,103
262829,4.0,15.0,3.0,7.0,2.0,3.0,0.4,0.1,50.0,130,8920.0,43,35,24,3,103
262829,4.0,15.0,3.0,7.0,2.0,3.0,0.4,0.1,50.0,131,8695.0,42,33,24,3,100
262829,4.0,15.0,3.0,7.0,2.0,3.0,0.4,0.1,50.0,132,8740.0,42,32,23,4,98
262829,4.0,15.0,3.0,7.0,2.0,3.0,0.4,0.1,50.0,133,8695.0,40,25,22,4,88
262829,4.0,15.0,3.0,7.0,2.0,3.0,0.4,0.1,50.0,134,9010.0,40,24,22,4,87
262829,4.0,15.0,3.0,7.0,2.0,3.0,0.4,0.1,50.0,135,8965.0,39,23,23,4,86
262829,4.0,15.0,3.0,7.0,2.0,3.0,0.4,0.1,50.0,136,8920.0,37,22,21,4,81
262829,4.0,15.0,3.0,7.0,2.0,3.0,0.4,0.1,50.0,137,9010.0,37,22,20,4,81
262829,4.0,15.0,3.0,7.0,2.0,3.0,0.4,0.1,50.0,138,8785.0,38,22,19,4,81
262829,4.0,15.0,3.0,7.0,2.0,3.0,0.4,0.1,50.0,139,8605.0,38,21,17,4,78
262829,4.0,15.0,3.0,7.0,2.0,3.0,0.4,0.1,50.0,140,8335.0,41,21,17,4,81
262829,4.0,15.0,3.0,7.0,2.0,3.0,0.4,0.1,50.0,141,8245.0,45,17,17,4,81
262829,4.0,15.0,3.0,7.0,2.0,3.0,0.4,0.1,50.0,142,7930.0,46,20,17,4,85
262829,4.0,15.0,3.0,7.0,2.0,3.0,0.4,0.1,50.0,143,7617.5,48,20,16,5,86
262829,4.0,15.0,3.0,7.0,2.0,3.0,0.4,0.1,50.0,144,7271.875,53,21,13,6,89
262829,4.0,15.0,3.0,7.0,2.0,3.0,0.4,0.1,50.0,145,7469.84375,53,22,12,6,89
262829,4.0,15.0,3.0,7.0,2.0,3.0,0.4,0.1,50.0,146,8302.3046875,56,23,12,6,93
262829,4.0,15.0,3.0,7.0,2.0,3.0,0.4,0.1,50.0,147,8875.0,57,23,12,7,94
262829,4.0,15.0,3.0,7.0,2.0,3.0,0.4,0.1,50.0,148,8740.0,59,22,13,7,95
262829,4.0,15.0,3.0,7.0,2.0,3.0,0.4,0.1,50.0,149,8830.0,61,20,14,7,96
262829,4.0,15.0,3.0,7.0,2.0,3.0,0.4,0.1,50.0,150,8740.0,64,20,13,7,98
262829,4.0,15.0,3.0,7.0,2.0,3.0,0.4,0.1,50.0,151,8380.0,66,20,13,6,100
262829,4.0,15.0,3.0,7.0,2.0,3.0,0.4,0.1,50.0,152,8515.0,69,17,14,6,101
262829,4.0,15.0,3.0,7.0,2.0,3.0,0.4,0.1,50.0,153,9010.0,70,15,12,6,98
262829,4.0,15.0,3.0,7.0,2.0,3.0,0.4,0.1,50.0,154,9145.0,67,15,12,6,95
262829,4.0,15.0,3.0,7.0,2.0,3.0,0.4,0.1,50.0,155,8920.0,64,15,12,6,92
262829,4.0,15.0,3.0,7.0,2.0,3.0,0.4,0.1,50.0,156,8965.0,61,14,12,6,88
262829,4.0,15.0,3.0,7.0,2.0,3.0,0.4,0.1,50.0,157,8605.0,61,13,12,6,87
262829,4.0,15.0,3.0,7.0,2.0,3.0,0.4,0.1,50.0,158,8605.0,61,12,11,6,85
262829,4.0,15.0,3.0,7.0,2.0,3.0,0.4,0.1,50.0,159,8155.0,63,13,11,6,88
262829,4.0,15.0,3.0,7.0,2.0,3.0,0.4,0.1,50.0,160,8110.0,63,12,12,6,88
262829,4.0,15.0,3.0,7.0,2.0,3.0,0.4,0.1,50.0,161,8065.0,64,11,12,6,88
262829,4.0,15.0,3.0,7.0,2.0,3.0,0.4,0.1,50.0,162,8335.0,67,11,12,6,91
262829,4.0,15.0,3.0,7.0,2.0,3.0,0.4,0.1,50.0,163,7975.0,72,10,11,6,94
262829,4.0,15.0,3.0,7.0,2.0,3.0,0.4,0.1,50.0,164,8348.75,75,10,10,5,96
262829,4.0,15.0,3.0,7.0,2.0,3.0,0.4,0.1,50.0,165,8380.0,78,11,8,5,98
262829,4.0,15.0,3.0,7.0,2.0,3.0,0.4,0.1,50.0,166,8335.0,78,13,7,5,99
262829,4.0,15.0,3.0,7.0,2.0,3.0,0.4,0.1,50.0,167,8605.0,82,12,6,5,101
262829,4.0,15.0,3.0,7.0,2.0,3.0,0.4,0.1,50.0,168,8335.0,85,12,6,4,104
262829,4.0,15.0,3.0,7.0,2.0,3.0,0.4,0.1,50.0,169,8560.0,86,11,6,3,104
262829,4.0,15.0,3.0,7.0,2.0,3.0,0.4,0.1,50.0,170,8920.0,84,13,5,3,103
262829,4.0,15.0,3.0,7.0,2.0,3.0,0.4,0.1,50.0,171,8785.0,83,13,5,2,102
262829,4.0,15.0,3.0,7.0,2.0,3.0,0.4,0.1,50.0,172,8920.0,85,13,4,2,103
262829,4.0,15.0,3.0,7.0,2.0,3.0,0.4,0.1,50.0,173,8785.0,85,13,4,2,103
262829,4.0,15.0,3.0,7.0,2.0,3.0,0.4,0.1,50.0,174,8920.0,81,12,4,2,98
262829,4.0,15.0,3.0,7.0,2.0,3.0,0.4,0.1,50.0,175,8920.0,81,11,4,2,97
262829,4.0,15.0,3.0,7.0,2.0,3.0,0.4,0.1,50.0,176,8515.0,80,11,4,2,96
262829,4.0,15.0,3.0,7.0,2.0,3.0,0.4,0.1,50.0,177,8605.0,81,11,3,2,96
262829,4.0,15.0,3.0,7.0,2.0,3.0,0.4,0.1,50.0,178,8515.0,79,10,3,2,93
262829,4.0,15.0,3.0,7.0,2.0,3.0,0.4,0.1,50.0,179,8245.0,81,10,3,2,95
262829,4.0,15.0,3.0,7.0,2.0,3.0,0.4,0.1,50.0,180,8380.0,84,10,3,1,98
262829,4.0,15.0,3.0,7.0,2.0,3.0,0.4,0.1,50.0,181,8425.0,86,9,3,1,99
262829,4.0,15.0,3.0,7.0,2.0,3.0,0.4,0.1,50.0,182,8335.0,83,9,3,1,96
262829,4.0,15.0,3.0,7.0,2.0,3.0,0.4,0.1,50.0,183,7930.0,85,8,3,1,97
262829,4.0,15.0,3.0,7.0,2.0,3.0,0.4,0.1,50.0,184,7887.5,87,8,3,1,99
262829,4.0,15.0,3.0,7.0,2.0,3.0,0.4,0.1,50.0,185,8149.375,90,8,3,0,102
262829,4.0,15.0,3.0,7.0,2.0,3.0,0.4,0.1,50.0,186,8425.0,93,5,3,0,102
262829,4.0,15.0,3.0,7.0,2.0,3.0,0.4,0.1,50.0,187,8335.0,93,5,2,0,101
262829,4.0,15.0,3.0,7.0,2.0,3.0,0.4,0.1,50.0,188,8380.0,96,5,1,0,103
262829,4.0,15.0,3.0,7.0,2.0,3.0,0.4,0.1,50.0,189,8785.0,98,4,1,0,104
262829,4.0,15.0,3.0,7.0,2.0,3.0,0.4,0.1,50.0,190,8470.0,103,2,1,0,107
262829,4.0,15.0,3.0,7.0,2.0,3.0,0.4,0.1,50.0,191,8335.0,106,2,1,0,109
262829,4.0,15.0,3.0,7.0,2.0,3.0,0.4,0.1,50.0,192,8425.0,106,2,1,0,109
262829,4.0,15.0,3.0,7.0,2.0,3.0,0.4,0.1,50.0,193,8785.0,106,2,1,0,109
262829,4.0,15.0,3.0,7.0,2.0,3.0,0.4,0.1,50.0,194,8875.0,107,1,1,0,109
262829,4.0,15.0,3.0,7.0,2.0,3.0,0.4,0.1,50.0,195,8695.0,103,1,1,0,105
262829,4.0,15.0,3.0,7.0,2.0,3.0,0.4,0.1,50.0,196,9100.0,101,1,1,0,103
262829,4.0,15.0,3.0,7.0,2.0,3.0,0.4,0.1,50.0,197,9100.0,97,1,1,0,99
262829,4.0,15.0,3.0,7.0,2.0,3.0,0.4,0.1,50.0,198,8740.0,93,1,1,0,95
262829,4.0,15.0,3.0,7.0,2.0,3.0,0.4,0.1,50.0,199,8920.0,91,1,1,0,93
262829,4.0,15.0,3.0,7.0,2.0,3.0,0.4,0.1,50.0,200,8560.0,91,1,0,0,92
262829,4.0,15.0,3.0,7.0,2.0,3.0,0.4,0.1,50.0,201,8650.0,92,1,0,0,93
262829,4.0,15.0,3.0,7.0,2.0,3.0,0.4,0.1,50.0,202,8830.0,86,2,0,0,88
262829,4.0,15.0,3.0,7.0,2.0,3.0,0.4,0.1,50.0,203,8650.0,84,1,0,0,85
262829,4.0,15.0,3.0,7.0,2.0,3.0,0.4,0.1,50.0,204,8560.0,84,2,0,0,86
262829,4.0,15.0,3.0,7.0,2.0,3.0,0.4,0.1,50.0,205,8650.0,86,3,0,0,89
262829,4.0,15.0,3.0,7.0,2.0,3.0,0.4,0.1,50.0,206,8245.0,84,3,1,0,88
262829,4.0,15.0,3.0,7.0,2.0,3.0,0.4,0.1,50.0,207,8020.0,87,4,1,0,92
262829,4.0,15.0,3.0,7.0,2.0,3.0,0.4,0.1,50.0,208,7840.0,89,5,1,0,95
262829,4.0,15.0,3.0,7.0,2.0,3.0,0.4,0.1,50.0,209,7235.0,91,6,1,0,98
262829,4.0,15.0,3.0,7.0,2.0,3.0,0.4,0.1,50.0,210,7468.75,91,6,1,0,98
262829,4.0,15.0,3.0,7.0,2.0,3.0,0.4,0.1,50.0,211,8165.9375,93,6,2,0,101
262829,4.0,15.0,3.0,7.0,2.0,3.0,0.4,0.1,50.0,212,8875.0,91,6,2,0,100
262829,4.0,15.0,3.0,7.0,2.0,3.0,0.4,0.1,50.0,213,9055.0,91,6,2,0,101
262829,4.0,15.0,3.0,7.0,2.0,3.0,0.4,0.1,50.0,214,9100.0,88,6,2,0,99
262829,4.0,15.0,3.0,7.0,2.0,3.0,0.4,0.1,50.0,215,8875.0,89,6,3,0,102
262829,4.0,15.0,3.0,7.0,2.0,3.0,0.4,0.1,50.0,216,8380.0,90,6,3,0,103
262829,4.0,15.0,3.0,7.0,2.0,3.0,0.4,0.1,50.0,217,8200.0,93,6,3,0,106
262829,4.0,15.0,3.0,7.0,2.0,3.0,0.4,0.1,50.0,218,8740.0,90,6,3,0,103
262829,4.0,15.0,3.0,7.0,2.0,3.0,0.4,0.1,50.0,219,8785.0,89,6,2,0,101
262829,4.0,15.0,3.0,7.0,2.0,3.0,0.4,0.1,50.0,220,8830.0,87,7,2,0,100
262829,4.0,15.0,3.0,7.0,2.0,3.0,0.4,0.1,50.0,221,9010.0,85,8,2,0,99
262829,4.0,15.0,3.0,7.0,2.0,3.0,0.4,0.1,50.0,222,8875.0,80,9,2,0,95
262829,4.0,15.0,3.0,7.0,2.0,3.0,0.4,0.1,50.0,223,8425.0,77,10,2,0,93
262829,4.0,15.0,3.0,7.0,2.0,3.0,0.4,0.1,50.0,224,8245.0,77,11,2,0,94
262829,4.0,15.0,3.0,7.0,2.0,3.0,0.4,0.1,50.0,225,8020.0,80,12,2,1,98
262829,4.0,15.0,3.0,7.0,2.0,3.0,0.4,0.1,50.0,226,8065.0,82,12,2,2,100
262829,4.0,15.0,3.0,7.0,2.0,3.0,0.4,0.1,50.0,227,8470.0,85,12,2,2,103
262829,4.0,15.0,3.0,7.0,2.0,3.0,0.4,0.1,50.0,228,8695.0,85,12,2,2,103
262829,4.0,15.0,3.0,7.0,2.0,3.0,0.4,0.1,50.0,229,8830.0,85,11,2,3,102
262829,4.0,15.0,3.0,7.0,2.0,3.0,0.4,0.1,50.0,230,8830.0,81,11,2,3,98
262829,4.0,15.0,3.0,7.0,2.0,3.0,0.4,0.1,50.0,231,8740.0,83,12,2,3,101
262829,4.0,15.0,3.0,7.0,2.0,3.0,0.4,0.1,50.0,232,8920.0,84,10,1,3,98
262829,4.0,15.0,3.0,7.0,2.0,3.0,0.4,0.1,50.0,233,8650.0,84,10,0,3,97
262829,4.0,15.0,3.0,7.0,2.0,3.0,0.4,0.1,50.0,234,8515.0,86,9,0,3,98
262829,4.0,15.0,3.0,7.0,2.0,3.0,0.4,0.1,50.0,235,8155.0,86,9,0,3,98
262829,4.0,15.0,3.0,7.0,2.0,3.0,0.4,0.1,50.0,236,8290.0,85,9,0,3,96
262829,4.0,15.0,3.0,7.0,2.0,3.0,0.4,0.1,50.0,237,8560.0,85,9,0,3,96
262829,4.0,15.0,3.0,7.0,2.0,3.0,0.4,0.1,50.0,238,8560.0,85,7,0,3,94
262829,4.0,15.0,3.0,7.0,2.0,3.0,0.4,0.1,50.0,239,8425.0,87,7,0,3,96
262829,4.0,15.0,3.0,7.0,2.0,3.0,0.4,0.1,50.0,240,8335.0,87,6,0,3,95
262829,4.0,15.0,3.0,7.0,2.0,3.0,0.4,0.1,50.0,241,8155.0,90,6,0,3,98
262829,4.0,15.0,3.0,7.0,2.0,3.0,0.4,0.1,50.0,242,7975.0,92,6,0,2,100
262829,4.0,15.0,3.0,7.0,2.0,3.0,0.4,0.1,50.0,243,8033.75,90,6,0,2,98
262829,4.0,15.0,3.0,7.0,2.0,3.0,0.4,0.1,50.0,244,8425.0,95,6,0,2,103
262829,4.0,15.0,3.0,7.0,2.0,3.0,0.4,0.1,50.0,245,8875.0,98,6,0,2,106
262829,4.0,15.0,3.0,7.0,2.0,3.0,0.4,0.1,50.0,246,8965.0,98,6,0,0,106
262829,4.0,15.0,3.0,7.0,2.0,3.0,0.4,0.1,50.0,247,9055.0,97,6,0,0,105
262829,4.0,15.0,3.0,7.0,2.0,3.0,0.4,0.1,50.0,248,8560.0,97,5,0,0,104
262829,4.0,15.0,3.0,7.0,2.0,3.0,0.4,0.1,50.0,249,8695.0,96,5,0,0,103
262829,4.0,15.0,3.0,7.0,2.0,3.0,0.4,0.1,50.0,250,8605.0,94,6,0,0,102
262829,4.0,15.0,3.0,7.0,2.0,3.0,0.4,0.1,50.0,251,8650.0,94,5,0,0,101
262829,4.0,15.0,3.0,7.0,2.0,3.0,0.4,0.1,50.0,252,9055.0,90,5,0,0,97
262829,4.0,15.0,3.0,7.0,2.0,3.0,0.4,0.1,50.0,253,8965.0,87,5,0,0,94
262829,4.0,15.0,3.0,7.0,2.0,3.0,0.4,0.1,50.0,254,8830.0,84,5,0,0,91
262829,4.0,15.0,3.0,7.0,2.0,3.0,0.4,0.1,50.0,255,8965.0,80,5,0,0,87
262829,4.0,15.0,3.0,7.0,2.0,3.0,0.4,0.1,50.0,256,8515.0,82,4,0,0,88
262829,4.0,15.0,3.0,7.0,2.0,3.0,0.4,0.1,50.0,257,8470.0,80,3,0,0,85
262829,4.0,15.0,3.0,7.0,2.0,3.0,0.4,0.1,50.0,258,8290.0,83,3,0,0,88
262829,4.0,15.0,3.0,7.0,2.0,3.0,0.4,0.1,50.0,259,8200.0,84,3,0,0,89
262829,4.0,15.0,3.0,7.0,2.0,3.0,0.4,0.1,50.0,260,8020.0,87,3,0,0,92
262829,4.0,15.0,3.0,7.0,2.0,3.0,0.4,0.1,50.0,261,7975.0,91,3,0,0,96
262829,4.0,15.0,3.0,7.0,2.0,3.0,0.4,0.1,50.0,262,7808.75,93,3,0,0,98
262829,4.0,15.0,3.0,7.0,2.0,3.0,0.4,0.1,50.0,263,7780.9375,98,3,0,0,103
262829,4.0,15.0,3.0,7.0,2.0,3.0,0.4,0.1,50.0,264,7926.171875,100,3,0,0,105
262829,4.0,15.0,3.0,7.0,2.0,3.0,0.4,0.1,50.0,265,8377.71484375,102,3,0,0,106
262829,4.0,15.0,3.0,7.0,2.0,3.0,0.4,0.1,50.0,266,8605.0,105,3,0,0,109
262829,4.0,15.0,3.0,7.0,2.0,3.0,0.4,0.1,50.0,267,8605.0,106,3,0,0,110
262829,4.0,15.0,3.0,7.0,2.0,3.0,0.4,0.1,50.0,268,8965.0,105,3,0,0,109
262829,4.0,15.0,3.0,7.0,2.0,3.0,0.4,0.1,50.0,269,9145.0,102,3,0,0,105
262829,4.0,15.0,3.0,7.0,2.0,3.0,0.4,0.1,50.0,270,9010.0,101,3,0,0,104
262829,4.0,15.0,3.0,7.0,2.0,3.0,0.4,0.1,50.0,271,8920.0,101,3,0,0,104
262829,4.0,15.0,3.0,7.0,2.0,3.0,0.4,0.1,50.0,272,9010.0,98,3,0,0,101
262829,4.0,15.0,3.0,7.0,2.0,3.0,0.4,0.1,50.0,273,9010.0,96,2,0,0,98
262829,4.0,15.0,3.0,7.0,2.0,3.0,0.4,0.1,50.0,274,8605.0,97,2,0,0,99
262829,4.0,15.0,3.0,7.0,2.0,3.0,0.4,0.1,50.0,275,8515.0,93,2,0,0,95
262829,4.0,15.0,3.0,7.0,2.0,3.0,0.4,0.1,50.0,276,8560.0,94,1,0,0,95
262829,4.0,15.0,3.0,7.0,2.0,3.0,0.4,0.1,50.0,277,8335.0,97,1,0,0,98
262829,4.0,15.0,3.0,7.0,2.0,3.0,0.4,0.1,50.0,278,8380.0,97,1,0,0,98
262829,4.0,15.0,3.0,7.0,2.0,3.0,0.4,0.1,50.0,279,8020.0,101,1,0,0,102
262829,4.0,15.0,3.0,7.0,2.0,3.0,0.4,0.1,50.0,280,8335.0,98,1,0,0,99
262829,4.0,15.0,3.0,7.0,2.0,3.0,0.4,0.1,50.0,281,8245.0,99,1,0,0,100
262829,4.0,15.0,3.0,7.0,2.0,3.0,0.4,0.1,50.0,282,8245.0,100,1,0,0,101
262829,4.0,15.0,3.0,7.0,2.0,3.0,0.4,0.1,50.0,283,8425.0,100,1,0,0,101
262829,4.0,15.0,3.0,7.0,2.0,3.0,0.4,0.1,50.0,284,8380.0,102,1,0,0,103
262829,4.0,15.0,3.0,7.0,2.0,3.0,0.4,0.1,50.0,285,8335.0,107,1,0,0,108
262829,4.0,15.0,3.0,7.0,2.0,3.0,0.4,0.1,50.0,286,8425.0,109,1,0,0,110
262829,4.0,15.0,3.0,7.0,2.0,3.0,0.4,0.1,50.0,287,9010.0,108,1,0,0,109
262829,4.0,15.0,3.0,7.0,2.0,3.0,0.4,0.1,50.0,288,8920.0,104,1,0,0,105
262829,4.0,15.0,3.0,7.0,2.0,3.0,0.4,0.1,50.0,289,8965.0,101,1,0,0,102
262829,4.0,15.0,3.0,7.0,2.0,3.0,0.4,0.1,50.0,290,8875.0,102,1,0,0,103
262829,4.0,15.0,3.0,7.0,2.0,3.0,0.4,0.1,50.0,291,8785.0,102,1,0,0,103
262829,4.0,15.0,3.0,7.0,2.0,3.0,0.4,0.1,50.0,292,8740.0,99,1,0,0,100
262829,4.0,15.0,3.0,7.0,2.0,3.0,0.4,0.1,50.0,293,8560.0,100,1,0,0,101
262829,4.0,15.0,3.0,7.0,2.0,3.0,0.4,0.1,50.0,294,8380.0,96,1,0,0,97
262829,4.0,15.0,3.0,7.0,2.0,3.0,0.4,0.1,50.0,295,8560.0,92,0,0,0,92
262829,4.0,15.0,3.0,7.0,2.0,3.0,0.4,0.1,50.0,296,8920.0,91,0,0,0,91
262829,4.0,15.0,3.0,7.0,2.0,3.0,0.4,0.1,50.0,297,8470.0,91,0,0,0,91
262829,4.0,15.0,3.0,7.0,2.0,3.0,0.4,0.1,50.0,298,8155.0,92,0,0,0,92
262829,4.0,15.0,3.0,7.0,2.0,3.0,0.4,0.1,50.0,299,8065.0,93,1,0,0,94
262829,4.0,15.0,3.0,7.0,2.0,3.0,0.4,0.1,50.0,300,7885.0,96,1,0,0,97
262829,4.0,15.0,3.0,7.0,2.0,3.0,0.4,0.1,50.0,301,7696.25,103,1,0,0,104
262829,4.0,15.0,3.0,7.0,2.0,3.0,0.4,0.1,50.0,302,7640.3125,106,1,0,0,107
262829,4.0,15.0,3.0,7.0,2.0,3.0,0.4,0.1,50.0,303,8425.390625,107,2,0,0,109
262829,4.0,15.0,3.0,7.0,2.0,3.0,0.4,0.1,50.0,304,9190.0,104,2,0,0,106
262829,4.0,15.0,3.0,7.0,2.0,3.0,0.4,0.1,50.0,305,9010.0,105,2,0,0,107
262829,4.0,15.0,3.0,7.0,2.0,3.0,0.4,0.1,50.0,306,9100.0,104,2,0,0,106
262829,4.0,15.0,3.0,7.0,2.0,3.0,0.4,0.1,50.0,307,8875.0,101,2,0,0,103
262829,4.0,15.0,3.0,7.0,2.0,3.0,0.4,0.1,50.0,308,8605.0,102,2,0,0,104
262829,4.0,15.0,3.0,7.0,2.0,3.0,0.4,0.1,50.0,309,8425.0,102,2,0,0,104
262829,4.0,15.0,3.0,7.0,2.0,3.0,0.4,0.1,50.0,310,8695.0,102,2,0,0,104
262829,4.0,15.0,3.0,7.0,2.0,3.0,0.4,0.1,50.0,311,8740.0,99,2,0,0,101
262829,4.0,15.0,3.0,7.0,2.0,3.0,0.4,0.1,50.0,312,8740.0,97,2,0,0,99
262829,4.0,15.0,3.0,7.0,2.0,3.0,0.4,0.1,50.0,313,8740.0,92,2,0,0,94
262829,4.0,15.0,3.0,7.0,2.0,3.0,0.4,0.1,50.0,314,8515.0,88,2,0,0,90
262829,4.0,15.0,3.0,7.0,2.0,3.0,0.4,0.1,50.0,315,8425.0,83,2,0,0,85
262829,4.0,15.0,3.0,7.0,2.0,3.0,0.4,0.1,50.0,316,7840.0,89,2,0,0,91
262829,4.0,15.0,3.0,7.0,2.0,3.0,0.4,0.1,50.0,317,7685.0,94,3,0,0,97
262829,4.0,15.0,3.0,7.0,2.0,3.0,0.4,0.1,50.0,318,7896.25,96,5,0,0,101
262829,4.0,15.0,3.0,7.0,2.0,3.0,0.4,0.1,50.0,319,8250.3125,93,6,0,0,99
262829,4.0,15.0,3.0,7.0,2.0,3.0,0.4,0.1,50.0,320,8380.0,94,7,0,0,101
262829,4.0,15.0,3.0,7.0,2.0,3.0,0.4,0.1,50.0,321,8290.0,96,8,0,0,104
262829,4.0,15.0,3.0,7.0,2.0,3.0,0.4,0.1,50.0,322,8830.0,98,9,0,0,107
262829,4.0,15.0,3.0,7.0,2.0,3.0,0.4,0.1,50.0,323,9055.0,99,9,0,0,108
262829,4.0,15.0,3.0,7.0,2.0,3.0,0.4,0.1,50.0,324,9145.0,97,9,0,0,106
262829,4.0,15.0,3.0,7.0,2.0,3.0,0.4,0.1,50.0,325,9010.0,96,9,0,0,105
262829,4.0,15.0,3.0,7.0,2.0,3.0,0.4,0.1,50.0,326,9145.0,96,9,0,0,105
262829,4.0,15.0,3.0,7.0,2.0,3.0,0.4,0.1,50.0,327,9325.0,89,9,0,0,98
262829,4.0,15.0,3.0,7.0,2.0,3.0,0.4,0.1,50.0,328,9100.0,87,9,0,0,96
262829,4.0,15.0,3.0,7.0,2.0,3.0,0.4,0.1,50.0,329,9100.0,76,9,0,0,85
262829,4.0,15.0,3.0,7.0,2.0,3.0,0.4,0.1,50.0,330,8875.0,73,9,0,0,82
262829,4.0,15.0,3.0,7.0,2.0,3.0,0.4,0.1,50.0,331,8740.0,72,9,0,0,81
262829,4.0,15.0,3.0,7.0,2.0,3.0,0.4,0.1,50.0,332,8785.0,70,10,0,0,80
262829,4.0,15.0,3.0,7.0,2.0,3.0,0.4,0.1,50.0,333,8875.0,68,10,0,0,78
262829,4.0,15.0,3.0,7.0,2.0,3.0,0.4,0.1,50.0,334,8785.0,68,10,0,0,78
262829,4.0,15.0,3.0,7.0,2.0,3.0,0.4,0.1,50.0,335,8830.0,66,9,0,0,75
262829,4.0,15.0,3.0,7.0,2.0,3.0,0.4,0.1,50.0,336,8650.0,66,9,0,0,75
262829,4.0,15.0,3.0,7.0,2.0,3.0,0.4,0.1,50.0,337,8470.0,67,9,0,0,76
262829,4.0,15.0,3.0,7.0,2.0,3.0,0.4,0.1,50.0,338,8155.0,70,8,0,0,78
262829,4.0,15.0,3.0,7.0,2.0,3.0,0.4,0.1,50.0,339,7795.0,72,9,1,0,82
262829,4.0,15.0,3.0,7.0,2.0,3.0,0.4,0.1,50.0,340,7268.75,77,10,1,0,88
262829,4.0,15.0,3.0,7.0,2.0,3.0,0.4,0.1,50.0,341,7060.9375,81,12,1,0,94
262829,4.0,15.0,3.0,7.0,2.0,3.0,0.4,0.1,50.0,342,7026.171875,84,12,1,0,97
262829,4.0,15.0,3.0,7.0,2.0,3.0,0.4,0.1,50.0,343,7747.71484375,87,11,1,0,99
262829,4.0,15.0,3.0,7.0,2.0,3.0,0.4,0.1,50.0,344,8739.6435546875,87,11,1,0,99
262829,4.0,15.0,3.0,7.0,2.0,3.0,0.4,0.1,50.0,345,9145.0,86,12,1,0,99
262829,4.0,15.0,3.0,7.0,2.0,3.0,0.4,0.1,50.0,346,9235.0,86,13,1,0,100
262829,4.0,15.0,3.0,7.0,2.0,3.0,0.4,0.1,50.0,347,9145.0,88,13,1,0,102
262829,4.0,15.0,3.0,7.0,2.0,3.0,0.4,0.1,50.0,348,8830.0,89,13,1,0,103
262829,4.0,15.0,3.0,7.0,2.0,3.0,0.4,0.1,50.0,349,8560.0,89,12,1,0,102
262829,4.0,15.0,3.0,7.0,2.0,3.0,0.4,0.1,50.0,350,8740.0,85,11,1,0,97
262829,4.0,15.0,3.0,7.0,2.0,3.0,0.4,0.1,50.0,351,8515.0,84,11,1,0,96
262829,4.0,15.0,3.0,7.0,2.0,3.0,0.4,0.1,50.0,352,8560.0,83,10,0,0,93
262829,4.0,15.0,3.0,7.0,2.0,3.0,0.4,0.1,50.0,353,8875.0,84,10,0,0,94
262829,4.0,15.0,3.0,7.0,2.0,3.0,0.4,0.1,50.0,354,8740.0,85,10,0,0,95
262829,4.0,15.0,3.0,7.0,2.0,3.0,0.4,0.1,50.0,355,8380.0,84,10,0,0,94
262829,4.0,15.0,3.0,7.0,2.0,3.0,0.4,0.1,50.0,356,8020.0,86,8,0,0,94
262829,4.0,15.0,3.0,7.0,2.0,3.0,0.4,0.1,50.0,357,7930.0,91,8,0,0,99
262829,4.0,15.0,3.0,7.0,2.0,3.0,0.4,0.1,50.0,358,8112.5,91,8,0,0,99
262829,4.0,15.0,3.0,7.0,2.0,3.0,0.4,0.1,50.0,359,8380.0,92,7,0,0,99
262829,4.0,15.0,3.0,7.0,2.0,3.0,0.4,0.1,50.0,360,8560.0,93,7,0,0,100
262829,4.0,15.0,3.0,7.0,2.0,3.0,0.4,0.1,50.0,361,8605.0,93,7,0,0,100
262829,4.0,15.0,3.0,7.0,2.0,3.0,0.4,0.1,50.0,362,8560.0,93,7,0,0,100
262829,4.0,15.0,3.0,7.0,2.0,3.0,0.4,0.1,50.0,363,8605.0,94,7,0,0,101
262829,4.0,15.0,3.0,7.0,2.0,3.0,0.4,0.1,50.0,364,8200.0,96,7,0,0,103
262829,4.0,15.0,3.0,7.0,2.0,3.0,0.4,0.1,50.0,365,8380.0,99,4,0,0,103
262829,4.0,15.0,3.0,7.0,2.0,3.0,0.4,0.1,50.0,366,8515.0,100,4,0,0,104
262829,4.0,15.0,3.0,7.0,2.0,3.0,0.4,0.1,50.0,367,8785.0,98,4,0,0,102
262829,4.0,15.0,3.0,7.0,2.0,3.0,0.4,0.1,50.0,368,9235.0,92,4,0,0,96
262829,4.0,15.0,3.0,7.0,2.0,3.0,0.4,0.1,50.0,369,8830.0,92,4,0,0,96
262829,4.0,15.0,3.0,7.0,2.0,3.0,0.4,0.1,50.0,370,8560.0,94,4,0,0,98
262829,4.0,15.0,3.0,7.0,2.0,3.0,0.4,0.1,50.0,371,8425.0,95,4,0,0,99
262829,4.0,15.0,3.0,7.0,2.0,3.0,0.4,0.1,50.0,372,8065.0,97,3,0,0,100
262829,4.0,15.0,3.0,7.0,2.0,3.0,0.4,0.1,50.0,373,8425.0,97,3,0,0,100
262829,4.0,15.0,3.0,7.0,2.0,3.0,0.4,0.1,50.0,374,8560.0,99,4,0,0,103
262829,4.0,15.0,3.0,7.0,2.0,3.0,0.4,0.1,50.0,375,8695.0,95,4,0,0,99
262829,4.0,15.0,3.0,7.0,2.0,3.0,0.4,0.1,50.0,376,8650.0,98,4,0,0,102
262829,4.0,15.0,3.0,7.0,2.0,3.0,0.4,0.1,50.0,377,8785.0,95,5,0,0,100
262829,4.0,15.0,3.0,7.0,2.0,3.0,0.4,0.1,50.0,378,8605.0,97,5,0,0,102
262829,4.0,15.0,3.0,7.0,2.0,3.0,0.4,0.1,50.0,379,8290.0,99,5,0,0,104
262829,4.0,15.0,3.0,7.0,2.0,3.0,0.4,0.1,50.0,380,8155.0,100,5,0,0,105
262829,4.0,15.0,3.0,7.0,2.0,3.0,0.4,0.1,50.0,381,8155.0,103,5,0,0,108
262829,4.0,15.0,3.0,7.0,2.0,3.0,0.4,0.1,50.0,382,8470.0,105,5,0,0,110
262829,4.0,15.0,3.0,7.0,2.0,3.0,0.4,0.1,50.0,383,8695.0,103,5,0,0,108
262829,4.0,15.0,3.0,7.0,2.0,3.0,0.4,0.1,50.0,384,9145.0,98,4,0,0,102
262829,4.0,15.0,3.0,7.0,2.0,3.0,0.4,0.1,50.0,385,8830.0,100,4,0,0,104
262829,4.0,15.0,3.0,7.0,2.0,3.0,0.4,0.1,50.0,386,8785.0,100,4,0,0,104
262829,4.0,15.0,3.0,7.0,2.0,3.0,0.4,0.1,50.0,387,8560.0,99,4,0,0,103
262829,4.0,15.0,3.0,7.0,2.0,3.0,0.4,0.1,50.0,388,8515.0,95,4,0,0,99
262829,4.0,15.0,3.0,7.0,2.0,3.0,0.4,0.1,50.0,389,8875.0,91,4,0,0,95
262829,4.0,15.0,3.0,7.0,2.0,3.0,0.4,0.1,50.0,390,8785.0,91,4,0,0,95
262829,4.0,15.0,3.0,7.0,2.0,3.0,0.4,0.1,50.0,391,9100.0,91,3,0,0,94
262829,4.0,15.0,3.0,7.0,2.0,3.0,0.4,0.1,50.0,392,9145.0,90,3,0,0,93
262829,4.0,15.0,3.0,7.0,2.0,3.0,0.4,0.1,50.0,393,9010.0,85,3,0,0,88
262829,4.0,15.0,3.0,7.0,2.0,3.0,0.4,0.1,50.0,394,8785.0,85,2,0,0,87
262829,4.0,15.0,3.0,7.0,2.0,3.0,0.4,0.1,50.0,395,8380.0,82,2,0,0,84
262829,4.0,15.0,3.0,7.0,2.0,3.0,0.4,0.1,50.0,396,8200.0,82,2,0,0,84
262829,4.0,15.0,3.0,7.0,2.0,3.0,0.4,0.1,50.0,397,7750.0,86,2,0,0,88
262829,4.0,15.0,3.0,7.0,2.0,3.0,0.4,0.1,50.0,398,7617.5,89,2,0,0,91
262829,4.0,15.0,3.0,7.0,2.0,3.0,0.4,0.1,50.0,399,7406.875,92,2,0,0,94
262829,4.0,15.0,3.0,7.0,2.0,3.0,0.4,0.1,50.0,400,7413.59375,92,2,0,0,94
262829,4.0,15.0,3.0,7.0,2.0,3.0,0.4,0.1,50.0,401,7556.9921875,95,2,0,0,97
262829,4.0,15.0,3.0,7.0,2.0,3.0,0.4,0.1,50.0,402,8006.240234375,97,2,0,0,99
262829,4.0,15.0,3.0,7.0,2.0,3.0,0.4,0.1,50.0,403,8650.0,101,1,0,0,102
262829,4.0,15.0,3.0,7.0,2.0,3.0,0.4,0.1,50.0,404,8605.0,103,1,0,0,104
262829,4.0,15.0,3.0,7.0,2.0,3.0,0.4,0.1,50.0,405,8785.0,104,1,0,0,105
262829,4.0,15.0,3.0,7.0,2.0,3.0,0.4,0.1,50.0,406,8785.0,108,1,0,0,109
262829,4.0,15.0,3.0,7.0,2.0,3.0,0.4,0.1,50.0,407,8920.0,107,1,0,0,108
262829,4.0,15.0,3.0,7.0,2.0,3.0,0.4,0.1,50.0,408,8785.0,106,1,0,0,107
262829,4.0,15.0,3.0,7.0,2.0,3.0,0.4,0.1,50.0,409,9010.0,104,1,0,0,105
262829,4.0,15.0,3.0,7.0,2.0,3.0,0.4,0.1,50.0,410,9055.0,100,1,0,0,101
262829,4.0,15.0,3.0,7.0,2.0,3.0,0.4,0.1,50.0,411,8920.0,98,1,0,0,99
262829,4.0,15.0,3.0,7.0,2.0,3.0,0.4,0.1,50.0,412,8650.0,97,1,0,0,98
262829,4.0,15.0,3.0,7.0,2.0,3.0,0.4,0.1,50.0,413,8425.0,94,1,0,0,95
262829,4.0,15.0,3.0,7.0,2.0,3.0,0.4,0.1,50.0,414,8380.0,95,1,0,0,96
262829,4.0,15.0,3.0,7.0,2.0,3.0,0.4,0.1,50.0,415,8695.0,92,1,0,0,93
262829,4.0,15.0,3.0,7.0,2.0,3.0,0.4,0.1,50.0,416,8560.0,91,1,0,0,92
262829,4.0,15.0,3.0,7.0,2.0,3.0,0.4,0.1,50.0,417,8200.0,90,0,0,0,90
262829,4.0,15.0,3.0,7.0,2.0,3.0,0.4,0.1,50.0,418,7930.0,94,0,0,0,94
262829,4.0,15.0,3.0,7.0,2.0,3.0,0.4,0.1,50.0,419,8157.5,93,0,0,0,93
262829,4.0,15.0,3.0,7.0,2.0,3.0,0.4,0.1,50.0,420,7705.0,96,0,0,0,96
262829,4.0,15.0,3.0,7.0,2.0,3.0,0.4,0.1,50.0,421,7471.25,99,0,0,0,99
262829,4.0,15.0,3.0,7.0,2.0,3.0,0.4,0.1,50.0,422,7809.0625,104,0,0,0,104
262829,4.0,15.0,3.0,7.0,2.0,3.0,0.4,0.1,50.0,423,8681.328125,106,0,0,0,106
262829,4.0,15.0,3.0,7.0,2.0,3.0,0.4,0.1,50.0,424,8740.0,105,0,0,0,105
262829,4.0,15.0,3.0,7.0,2.0,3.0,0.4,0.1,50.0,425,9100.0,106,0,0,0,106
262829,4.0,15.0,3.0,7.0,2.0,3.0,0.4,0.1,50.0,426,9055.0,106,0,0,0,106
262829,4.0,15.0,3.0,7.0,2.0,3.0,0.4,0.1,50.0,427,8785.0,106,0,0,0,106
262829,4.0,15.0,3.0,7.0,2.0,3.0,0.4,0.1,50.0,428,8560.0,108,0,0,0,108
262829,4.0,15.0,3.0,7.0,2.0,3.0,0.4,0.1,50.0,429,8785.0,109,0,0,0,109
262829,4.0,15.0,3.0,7.0,2.0,3.0,0.4,0.1,50.0,430,8785.0,103,0,0,0,103
262829,4.0,15.0,3.0,7.0,2.0,3.0,0.4,0.1,50.0,431,9325.0,99,0,0,0,99
262829,4.0,15.0,3.0,7.0,2.0,3.0,0.4,0.1,50.0,432,9055.0,95,0,0,0,95
262829,4.0,15.0,3.0,7.0,2.0,3.0,0.4,0.1,50.0,433,9190.0,90,0,0,0,90
262829,4.0,15.0,3.0,7.0,2.0,3.0,0.4,0.1,50.0,434,9055.0,85,0,0,0,85
262829,4.0,15.0,3.0,7.0,2.0,3.0,0.4,0.1,50.0,435,8875.0,80,0,0,0,80
262829,4.0,15.0,3.0,7.0,2.0,3.0,0.4,0.1,50.0,436,8875.0,79,0,0,0,79
262829,4.0,15.0,3.0,7.0,2.0,3.0,0.4,0.1,50.0,437,8830.0,77,0,0,0,77
262829,4.0,15.0,3.0,7.0,2.0,3.0,0.4,0.1,50.0,438,8650.0,75,0,0,0,75
262829,4.0,15.0,3.0,7.0,2.0,3.0,0.4,0.1,50.0,439,8740.0,76,0,0,0,76
262829,4.0,15.0,3.0,7.0,2.0,3.0,0.4,0.1,50.0,440,8695.0,77,0,0,0,77
262829,4.0,15.0,3.0,7.0,2.0,3.0,0.4,0.1,50.0,441,8560.0,78,0,0,0,78
262829,4.0,15.0,3.0,7.0,2.0,3.0,0.4,0.1,50.0,442,8110.0,81,0,0,0,81
262829,4.0,15.0,3.0,7.0,2.0,3.0,0.4,0.1,50.0,443,7930.0,83,0,0,0,83
262829,4.0,15.0,3.0,7.0,2.0,3.0,0.4,0.1,50.0,444,7752.5,90,0,0,0,90
262829,4.0,15.0,3.0,7.0,2.0,3.0,0.4,0.1,50.0,445,7125.625,97,0,0,0,97
262829,4.0,15.0,3.0,7.0,2.0,3.0,0.4,0.1,50.0,446,7062.03125,101,0,0,0,101
262829,4.0,15.0,3.0,7.0,2.0,3.0,0.4,0.1,50.0,447,7207.5390625,104,0,0,0,104
262829,4.0,15.0,3.0,7.0,2.0,3.0,0.4,0.1,50.0,448,8019.423828125,106,0,0,0,106
262829,4.0,15.0,3.0,7.0,2.0,3.0,0.4,0.1,50.0,449,9235.0,107,0,0,0,107
262829,4.0,15.0,3.0,7.0,2.0,3.0,0.4,0.1,50.0,450,9010.0,108,0,0,0,108
262829,4.0,15.0,3.0,7.0,2.0,3.0,0.4,0.1,50.0,451,9145.0,108,0,0,0,108
262829,4.0,15.0,3.0,7.0,2.0,3.0,0.4,0.1,50.0,452,8875.0,105,0,0,0,105
262829,4.0,15.0,3.0,7.0,2.0,3.0,0.4,0.1,50.0,453,8920.0,102,0,0,0,102
262829,4.0,15.0,3.0,7.0,2.0,3.0,0.4,0.1,50.0,454,8875.0,101,0,0,0,101
262829,4.0,15.0,3.0,7.0,2.0,3.0,0.4,0.1,50.0,455,9055.0,96,0,0,0,96
262829,4.0,15.0,3.0,7.0,2.0,3.0,0.4,0.1,50.0,456,9010.0,94,0,0,0,94
262829,4.0,15.0,3.0,7.0,2.0,3.0,0.4,0.1,50.0,457,8740.0,91,0,0,0,91
262829,4.0,15.0,3.0,7.0,2.0,3.0,0.4,0.1,50.0,458,8425.0,87,0,0,0,87
262829,4.0,15.0,3.0,7.0,2.0,3.0,0.4,0.1,50.0,459,8740.0,85,0,0,0,85
262829,4.0,15.0,3.0,7.0,2.0,3.0,0.4,0.1,50.0,460,8380.0,86,0,0,0,86
262829,4.0,15.0,3.0,7.0,2.0,3.0,0.4,0.1,50.0,461,8290.0,86,0,0,0,86
262829,4.0,15.0,3.0,7.0,2.0,3.0,0.4,0.1,50.0,462,8425.0,90,0,0,0,90
262829,4.0,15.0,3.0,7.0,2.0,3.0,0.4,0.1,50.0,463,8290.0,94,0,0,0,94
262829,4.0,15.0,3.0,7.0,2.0,3.0,0.4,0.1,50.0,464,7975.0,95,0,0,0,95
262829,4.0,15.0,3.0,7.0,2.0,3.0,0.4,0.1,50.0,465,7763.75,95,0,0,0,95
262829,4.0,15.0,3.0,7.0,2.0,3.0,0.4,0.1,50.0,466,7589.6875,99,0,0,0,99
262829,4.0,15.0,3.0,7.0,2.0,3.0,0.4,0.1,50.0,467,8092.109375,100,0,0,0,100
262829,4.0,15.0,3.0,7.0,2.0,3.0,0.4,0.1,50.0,468,8560.0,102,0,0,0,102
262829,4.0,15.0,3.0,7.0,2.0,3.0,0.4,0.1,50.0,469,8560.0,104,0,0,0,104
262829,4.0,15.0,3.0,7.0,2.0,3.0,0.4,0.1,50.0,470,8920.0,102,0,0,0,102
262829,4.0,15.0,3.0,7.0,2.0,3.0,0.4,0.1,50.0,471,8920.0,104,0,0,0,104
262829,4.0,15.0,3.0,7.0,2.0,3.0,0.4,0.1,50.0,472,8785.0,103,0,0,0,103
262829,4.0,15.0,3.0,7.0,2.0,3.0,0.4,0.1,50.0,473,8650.0,104,0,0,0,104
262829,4.0,15.0,3.0,7.0,2.0,3.0,0.4,0.1,50.0,474,8875.0,105,0,0,0,105
262829,4.0,15.0,3.0,7.0,2.0,3.0,0.4,0.1,50.0,475,9010.0,104,0,0,0,104
262829,4.0,15.0,3.0,7.0,2.0,3.0,0.4,0.1,50.0,476,9055.0,99,0,0,0,99
262829,4.0,15.0,3.0,7.0,2.0,3.0,0.4,0.1,50.0,477,8740.0,95,0,0,0,95
262829,4.0,15.0,3.0,7.0,2.0,3.0,0.4,0.1,50.0,478,8875.0,90,0,0,0,90
262829,4.0,15.0,3.0,7.0,2.0,3.0,0.4,0.1,50.0,479,8605.0,87,0,0,0,87
262829,4.0,15.0,3.0,7.0,2.0,3.0,0.4,0.1,50.0,480,8515.0,82,0,0,0,82
262829,4.0,15.0,3.0,7.0,2.0,3.0,0.4,0.1,50.0,481,8695.0,84,0,0,0,84
262829,4.0,15.0,3.0,7.0,2.0,3.0,0.4,0.1,50.0,482,8335.0,86,0,0,0,86
262829,4.0,15.0,3.0,7.0,2.0,3.0,0.4,0.1,50.0,483,8065.0,90,0,0,0,90
262829,4.0,15.0,3.0,7.0,2.0,3.0,0.4,0.1,50.0,484,7930.0,93,0,0,0,93
262829,4.0,15.0,3.0,7.0,2.0,3.0,0.4,0.1,50.0,485,7752.5,96,0,0,0,96
262829,4.0,15.0,3.0,7.0,2.0,3.0,0.4,0.1,50.0,486,7395.625,105,0,0,0,105
262829,4.0,15.0,3.0,7.0,2.0,3.0,0.4,0.1,50.0,487,7579.53125,108,0,0,0,108
262829,4.0,15.0,3.0,7.0,2.0,3.0,0.4,0.1,50.0,488,8124.4140625,109,0,0,0,109
262829,4.0,15.0,3.0,7.0,2.0,3.0,0.4,0.1,50.0,489,9055.0,110,0,0,0,110
262829,4.0,15.0,3.0,7.0,2.0,3.0,0.4,0.1,50.0,490,9190.0,109,0,0,0,109
262829,4.0,15.0,3.0,7.0,2.0,3.0,0.4,0.1,50.0,491,9235.0,109,0,0,0,109
262829,4.0,15.0,3.0,7.0,2.0,3.0,0.4,0.1,50.0,492,9145.0,106,0,0,0,106
262829,4.0,15.0,3.0,7.0,2.0,3.0,0.4,0.1,50.0,493,8650.0,104,0,0,0,104
262829,4.0,15.0,3.0,7.0,2.0,3.0,0.4,0.1,50.0,494,8785.0,101,0,0,0,101
262829,4.0,15.0,3.0,7.0,2.0,3.0,0.4,0.1,50.0,495,8875.0,99,0,0,0,99
262829,4.0,15.0,3.0,7.0,2.0,3.0,0.4,0.1,50.0,496,8695.0,93,0,0,0,93
262829,4.0,15.0,3.0,7.0,2.0,3.0,0.4,0.1,50.0,497,9010.0,86,0,0,0,86
262829,4.0,15.0,3.0,7.0,2.0,3.0,0.4,0.1,50.0,498,8785.0,83,0,0,0,83
262829,4.0,15.0,3.0,7.0,2.0,3.0,0.4,0.1,50.0,499,8875.0,84,0,0,0,84