Exp Num,agent:svo_convergence_factor,agent:params:metabolism,agent:params:consumption_factor,agent:params:procreate_cost_factor,agent:params:procreate_req_factor,agent:params:start_energy_factor,agent:params:caught_chance,agent:params:caught_cooldown_factor,agent:params:maximum_age,Epoch,Resource,A,B,C,D,E
225041,4.0,10.0,1.0,1.0,1.0,1.0,0.2,0.4,20.0,0,4000.0,30,35,22,35,115
225041,4.0,10.0,1.0,1.0,1.0,1.0,0.2,0.4,20.0,1,4110.0,23,22,17,20,81
225041,4.0,10.0,1.0,1.0,1.0,1.0,0.2,0.4,20.0,2,4387.5,22,19,15,21,77
225041,4.0,10.0,1.0,1.0,1.0,1.0,0.2,0.4,20.0,3,4714.375,22,22,17,21,84
225041,4.0,10.0,1.0,1.0,1.0,1.0,0.2,0.4,20.0,4,5132.96875,22,21,15,20,79
225041,4.0,10.0,1.0,1.0,1.0,1.0,0.2,0.4,20.0,5,5686.2109375,21,22,17,20,76
225041,4.0,10.0,1.0,1.0,1.0,1.0,0.2,0.4,20.0,6,6367.763671875,20,23,19,24,74
225041,4.0,10.0,1.0,1.0,1.0,1.0,0.2,0.4,20.0,7,7239.70458984375,18,27,25,18,77
225041,4.0,10.0,1.0,1.0,1.0,1.0,0.2,0.4,20.0,8,8299.630737304688,14,33,27,21,81
225041,4.0,10.0,1.0,1.0,1.0,1.0,0.2,0.4,20.0,9,9250.0,14,31,28,21,76
225041,4.0,10.0,1.0,1.0,1.0,1.0,0.2,0.4,20.0,10,9240.0,12,40,31,16,86
225041,4.0,10.0,1.0,1.0,1.0,1.0,0.2,0.4,20.0,11,9260.0,14,39,27,13,84
225041,4.0,10.0,1.0,1.0,1.0,1.0,0.2,0.4,20.0,12,9280.0,12,40,26,13,82
225041,4.0,10.0,1.0,1.0,1.0,1.0,0.2,0.4,20.0,13,9280.0,9,36,32,14,82
225041,4.0,10.0,1.0,1.0,1.0,1.0,0.2,0.4,20.0,14,9280.0,9,34,35,14,82
225041,4.0,10.0,1.0,1.0,1.0,1.0,0.2,0.4,20.0,15,9250.0,6,38,36,14,86
225041,4.0,10.0,1.0,1.0,1.0,1.0,0.2,0.4,20.0,16,9210.0,6,41,42,14,94
225041,4.0,10.0,1.0,1.0,1.0,1.0,0.2,0.4,20.0,17,9230.0,4,37,41,14,86
225041,4.0,10.0,1.0,1.0,1.0,1.0,0.2,0.4,20.0,18,9260.0,4,36,44,13,85
225041,4.0,10.0,1.0,1.0,1.0,1.0,0.2,0.4,20.0,19,9260.0,6,34,45,13,86
225041,4.0,10.0,1.0,1.0,1.0,1.0,0.2,0.4,20.0,20,9270.0,3,33,44,15,81
225041,4.0,10.0,1.0,1.0,1.0,1.0,0.2,0.4,20.0,21,9280.0,3,32,45,16,80
225041,4.0,10.0,1.0,1.0,1.0,1.0,0.2,0.4,20.0,22,9290.0,4,31,45,14,80
225041,4.0,10.0,1.0,1.0,1.0,1.0,0.2,0.4,20.0,23,9300.0,3,24,53,13,80
225041,4.0,10.0,1.0,1.0,1.0,1.0,0.2,0.4,20.0,24,9290.0,3,25,60,7,88
225041,4.0,10.0,1.0,1.0,1.0,1.0,0.2,0.4,20.0,25,9250.0,2,29,63,8,94
225041,4.0,10.0,1.0,1.0,1.0,1.0,0.2,0.4,20.0,26,9230.0,3,27,63,10,93
225041,4.0,10.0,1.0,1.0,1.0,1.0,0.2,0.4,20.0,27,9280.0,2,27,53,9,83
225041,4.0,10.0,1.0,1.0,1.0,1.0,0.2,0.4,20.0,28,9270.0,2,24,61,12,88
225041,4.0,10.0,1.0,1.0,1.0,1.0,0.2,0.4,20.0,29,9270.0,2,26,56,9,85
225041,4.0,10.0,1.0,1.0,1.0,1.0,0.2,0.4,20.0,30,9290.0,0,28,57,8,85
225041,4.0,10.0,1.0,1.0,1.0,1.0,0.2,0.4,20.0,31,9280.0,1,24,63,9,88
225041,4.0,10.0,1.0,1.0,1.0,1.0,0.2,0.4,20.0,32,9250.0,2,23,68,8,93
225041,4.0,10.0,1.0,1.0,1.0,1.0,0.2,0.4,20.0,33,9240.0,2,18,73,8,93
225041,4.0,10.0,1.0,1.0,1.0,1.0,0.2,0.4,20.0,34,9220.0,3,14,82,5,99
225041,4.0,10.0,1.0,1.0,1.0,1.0,0.2,0.4,20.0,35,9250.0,4,17,73,2,94
225041,4.0,10.0,1.0,1.0,1.0,1.0,0.2,0.4,20.0,36,9270.0,3,15,78,2,96
225041,4.0,10.0,1.0,1.0,1.0,1.0,0.2,0.4,20.0,37,9290.0,3,17,71,2,91
225041,4.0,10.0,1.0,1.0,1.0,1.0,0.2,0.4,20.0,38,9290.0,3,17,73,2,93
225041,4.0,10.0,1.0,1.0,1.0,1.0,0.2,0.4,20.0,39,9300.0,2,20,67,3,89
225041,4.0,10.0,1.0,1.0,1.0,1.0,0.2,0.4,20.0,40,9280.0,3,22,71,2,96
225041,4.0,10.0,1.0,1.0,1.0,1.0,0.2,0.4,20.0,41,9230.0,1,24,77,1,102
225041,4.0,10.0,1.0,1.0,1.0,1.0,0.2,0.4,20.0,42,9230.0,1,24,77,0,102
225041,4.0,10.0,1.0,1.0,1.0,1.0,0.2,0.4,20.0,43,9230.0,2,22,77,0,101
225041,4.0,10.0,1.0,1.0,1.0,1.0,0.2,0.4,20.0,44,9240.0,2,25,73,1,100
225041,4.0,10.0,1.0,1.0,1.0,1.0,0.2,0.4,20.0,45,9220.0,2,25,77,1,104
225041,4.0,10.0,1.0,1.0,1.0,1.0,0.2,0.4,20.0,46,9220.0,1,29,71,1,101
225041,4.0,10.0,1.0,1.0,1.0,1.0,0.2,0.4,20.0,47,9240.0,1,25,74,1,100
225041,4.0,10.0,1.0,1.0,1.0,1.0,0.2,0.4,20.0,48,9250.0,2,27,68,2,97
225041,4.0,10.0,1.0,1.0,1.0,1.0,0.2,0.4,20.0,49,9220.0,1,30,71,3,102
225041,4.0,10.0,1.0,1.0,1.0,1.0,0.2,0.4,20.0,50,9200.0,1,32,71,2,104
225041,4.0,10.0,1.0,1.0,1.0,1.0,0.2,0.4,20.0,51,9230.0,1,26,73,1,100
225041,4.0,10.0,1.0,1.0,1.0,1.0,0.2,0.4,20.0,52,9220.0,0,27,77,1,104
225041,4.0,10.0,1.0,1.0,1.0,1.0,0.2,0.4,20.0,53,9240.0,0,29,69,1,98
225041,4.0,10.0,1.0,1.0,1.0,1.0,0.2,0.4,20.0,54,9250.0,0,26,72,1,98
225041,4.0,10.0,1.0,1.0,1.0,1.0,0.2,0.4,20.0,55,9250.0,0,29,70,1,99
225041,4.0,10.0,1.0,1.0,1.0,1.0,0.2,0.4,20.0,56,9240.0,0,26,72,2,98
225041,4.0,10.0,1.0,1.0,1.0,1.0,0.2,0.4,20.0,57,9260.0,0,23,69,4,92
225041,4.0,10.0,1.0,1.0,1.0,1.0,0.2,0.4,20.0,58,9280.0,1,23,68,4,92
225041,4.0,10.0,1.0,1.0,1.0,1.0,0.2,0.4,20.0,59,9270.0,1,24,66,5,91
225041,4.0,10.0,1.0,1.0,1.0,1.0,0.2,0.4,20.0,60,9250.0,1,28,67,6,96
225041,4.0,10.0,1.0,1.0,1.0,1.0,0.2,0.4,20.0,61,9230.0,2,29,63,7,94
225041,4.0,10.0,1.0,1.0,1.0,1.0,0.2,0.4,20.0,62,9240.0,1,32,61,7,94
225041,4.0,10.0,1.0,1.0,1.0,1.0,0.2,0.4,20.0,63,9220.0,1,28,68,8,97
225041,4.0,10.0,1.0,1.0,1.0,1.0,0.2,0.4,20.0,64,9200.0,0,30,69,8,99
225041,4.0,10.0,1.0,1.0,1.0,1.0,0.2,0.4,20.0,65,9220.0,0,30,64,7,94
225041,4.0,10.0,1.0,1.0,1.0,1.0,0.2,0.4,20.0,66,9250.0,0,27,66,6,93
225041,4.0,10.0,1.0,1.0,1.0,1.0,0.2,0.4,20.0,67,9250.0,1,27,67,4,95
225041,4.0,10.0,1.0,1.0,1.0,1.0,0.2,0.4,20.0,68,9260.0,3,25,63,7,91
225041,4.0,10.0,1.0,1.0,1.0,1.0,0.2,0.4,20.0,69,9230.0,3,29,64,9,96
225041,4.0,10.0,1.0,1.0,1.0,1.0,0.2,0.4,20.0,70,9210.0,2,29,61,12,92
225041,4.0,10.0,1.0,1.0,1.0,1.0,0.2,0.4,20.0,71,9240.0,3,29,57,9,89
225041,4.0,10.0,1.0,1.0,1.0,1.0,0.2,0.4,20.0,72,9250.0,2,34,58,7,94
225041,4.0,10.0,1.0,1.0,1.0,1.0,0.2,0.4,20.0,73,9250.0,2,30,59,8,91
225041,4.0,10.0,1.0,1.0,1.0,1.0,0.2,0.4,20.0,74,9260.0,1,31,58,7,90
225041,4.0,10.0,1.0,1.0,1.0,1.0,0.2,0.4,20.0,75,9270.0,1,30,58,8,89
225041,4.0,10.0,1.0,1.0,1.0,1.0,0.2,0.4,20.0,76,9270.0,0,27,59,11,86
225041,4.0,10.0,1.0,1.0,1.0,1.0,0.2,0.4,20.0,77,9250.0,1,30,60,10,91
225041,4.0,10.0,1.0,1.0,1.0,1.0,0.2,0.4,20.0,78,9240.0,1,31,56,11,89
225041,4.0,10.0,1.0,1.0,1.0,1.0,0.2,0.4,20.0,79,9260.0,1,32,55,8,90
225041,4.0,10.0,1.0,1.0,1.0,1.0,0.2,0.4,20.0,80,9250.0,2,41,47,9,92
225041,4.0,10.0,1.0,1.0,1.0,1.0,0.2,0.4,20.0,81,9260.0,2,37,42,12,85
225041,4.0,10.0,1.0,1.0,1.0,1.0,0.2,0.4,20.0,82,9220.0,2,42,41,16,90
225041,4.0,10.0,1.0,1.0,1.0,1.0,0.2,0.4,20.0,83,9260.0,1,35,37,16,77
225041,4.0,10.0,1.0,1.0,1.0,1.0,0.2,0.4,20.0,84,9260.0,2,35,45,15,86
225041,4.0,10.0,1.0,1.0,1.0,1.0,0.2,0.4,20.0,85,9210.0,2,33,56,13,94
225041,4.0,10.0,1.0,1.0,1.0,1.0,0.2,0.4,20.0,86,9210.0,3,31,58,8,95
225041,4.0,10.0,1.0,1.0,1.0,1.0,0.2,0.4,20.0,87,9200.0,2,30,63,10,97
225041,4.0,10.0,1.0,1.0,1.0,1.0,0.2,0.4,20.0,88,9220.0,2,30,59,9,92
225041,4.0,10.0,1.0,1.0,1.0,1.0,0.2,0.4,20.0,89,9260.0,1,30,55,9,88
225041,4.0,10.0,1.0,1.0,1.0,1.0,0.2,0.4,20.0,90,9270.0,2,30,55,9,88
225041,4.0,10.0,1.0,1.0,1.0,1.0,0.2,0.4,20.0,91,9270.0,1,33,55,7,90
225041,4.0,10.0,1.0,1.0,1.0,1.0,0.2,0.4,20.0,92,9250.0,1,34,57,8,92
225041,4.0,10.0,1.0,1.0,1.0,1.0,0.2,0.4,20.0,93,9220.0,2,36,61,7,99
225041,4.0,10.0,1.0,1.0,1.0,1.0,0.2,0.4,20.0,94,9240.0,2,30,61,6,93
225041,4.0,10.0,1.0,1.0,1.0,1.0,0.2,0.4,20.0,95,9220.0,3,33,65,5,101
225041,4.0,10.0,1.0,1.0,1.0,1.0,0.2,0.4,20.0,96,9240.0,4,33,58,4,95
225041,4.0,10.0,1.0,1.0,1.0,1.0,0.2,0.4,20.0,97,9240.0,5,38,53,5,96
225041,4.0,10.0,1.0,1.0,1.0,1.0,0.2,0.4,20.0,98,9230.0,6,38,54,4,98
225041,4.0,10.0,1.0,1.0,1.0,1.0,0.2,0.4,20.0,99,9250.0,6,39,49,3,94
225041,4.0,10.0,1.0,1.0,1.0,1.0,0.2,0.4,20.0,100,9270.0,6,39,50,2,95
225041,4.0,10.0,1.0,1.0,1.0,1.0,0.2,0.4,20.0,101,9280.0,8,39,45,3,92
225041,4.0,10.0,1.0,1.0,1.0,1.0,0.2,0.4,20.0,102,9240.0,9,38,52,5,99
225041,4.0,10.0,1.0,1.0,1.0,1.0,0.2,0.4,20.0,103,9200.0,9,38,54,5,101
225041,4.0,10.0,1.0,1.0,1.0,1.0,0.2,0.4,20.0,104,9200.0,11,39,49,6,101
225041,4.0,10.0,1.0,1.0,1.0,1.0,0.2,0.4,20.0,105,9230.0,10,35,48,4,95
225041,4.0,10.0,1.0,1.0,1.0,1.0,0.2,0.4,20.0,106,9220.0,9,37,50,6,99
225041,4.0,10.0,1.0,1.0,1.0,1.0,0.2,0.4,20.0,107,9210.0,9,38,50,5,99
225041,4.0,10.0,1.0,1.0,1.0,1.0,0.2,0.4,20.0,108,9230.0,7,37,52,4,98
225041,4.0,10.0,1.0,1.0,1.0,1.0,0.2,0.4,20.0,109,9220.0,8,34,54,7,98
225041,4.0,10.0,1.0,1.0,1.0,1.0,0.2,0.4,20.0,110,9260.0,6,33,47,8,87
225041,4.0,10.0,1.0,1.0,1.0,1.0,0.2,0.4,20.0,111,9290.0,8,31,46,9,85
225041,4.0,10.0,1.0,1.0,1.0,1.0,0.2,0.4,20.0,112,9290.0,6,35,46,8,87
225041,4.0,10.0,1.0,1.0,1.0,1.0,0.2,0.4,20.0,113,9270.0,5,35,51,6,92
225041,4.0,10.0,1.0,1.0,1.0,1.0,0.2,0.4,20.0,114,9280.0,6,37,45,6,89
225041,4.0,10.0,1.0,1.0,1.0,1.0,0.2,0.4,20.0,115,9240.0,3,37,56,7,97
225041,4.0,10.0,1.0,1.0,1.0,1.0,0.2,0.4,20.0,116,9230.0,1,35,59,4,96
225041,4.0,10.0,1.0,1.0,1.0,1.0,0.2,0.4,20.0,117,9210.0,2,37,62,3,103
225041,4.0,10.0,1.0,1.0,1.0,1.0,0.2,0.4,20.0,118,9220.0,3,38,56,2,99
225041,4.0,10.0,1.0,1.0,1.0,1.0,0.2,0.4,20.0,119,9240.0,2,37,59,2,99
225041,4.0,10.0,1.0,1.0,1.0,1.0,0.2,0.4,20.0,120,9250.0,2,35,59,2,97
225041,4.0,10.0,1.0,1.0,1.0,1.0,0.2,0.4,20.0,121,9250.0,2,34,61,2,98
225041,4.0,10.0,1.0,1.0,1.0,1.0,0.2,0.4,20.0,122,9240.0,1,35,61,2,98
225041,4.0,10.0,1.0,1.0,1.0,1.0,0.2,0.4,20.0,123,9210.0,2,34,67,1,105
225041,4.0,10.0,1.0,1.0,1.0,1.0,0.2,0.4,20.0,124,9220.0,2,32,65,1,102
225041,4.0,10.0,1.0,1.0,1.0,1.0,0.2,0.4,20.0,125,9200.0,3,29,72,2,106
225041,4.0,10.0,1.0,1.0,1.0,1.0,0.2,0.4,20.0,126,9210.0,4,30,66,3,101
225041,4.0,10.0,1.0,1.0,1.0,1.0,0.2,0.4,20.0,127,9230.0,3,28,65,3,97
225041,4.0,10.0,1.0,1.0,1.0,1.0,0.2,0.4,20.0,128,9220.0,4,27,71,4,102
225041,4.0,10.0,1.0,1.0,1.0,1.0,0.2,0.4,20.0,129,9250.0,2,23,69,3,94
225041,4.0,10.0,1.0,1.0,1.0,1.0,0.2,0.4,20.0,130,9270.0,1,23,67,4,92
225041,4.0,10.0,1.0,1.0,1.0,1.0,0.2,0.4,20.0,131,9260.0,1,23,69,6,94
225041,4.0,10.0,1.0,1.0,1.0,1.0,0.2,0.4,20.0,132,9260.0,2,25,63,7,91
225041,4.0,10.0,1.0,1.0,1.0,1.0,0.2,0.4,20.0,133,9290.0,1,24,63,5,88
225041,4.0,10.0,1.0,1.0,1.0,1.0,0.2,0.4,20.0,134,9280.0,1,27,64,5,92
225041,4.0,10.0,1.0,1.0,1.0,1.0,0.2,0.4,20.0,135,9240.0,0,33,65,5,98
225041,4.0,10.0,1.0,1.0,1.0,1.0,0.2,0.4,20.0,136,9220.0,0,37,64,3,101
225041,4.0,10.0,1.0,1.0,1.0,1.0,0.2,0.4,20.0,137,9240.0,1,38,57,2,96
225041,4.0,10.0,1.0,1.0,1.0,1.0,0.2,0.4,20.0,138,9270.0,2,36,58,1,96
225041,4.0,10.0,1.0,1.0,1.0,1.0,0.2,0.4,20.0,139,9270.0,2,37,56,2,95
225041,4.0,10.0,1.0,1.0,1.0,1.0,0.2,0.4,20.0,140,9240.0,3,42,54,4,99
225041,4.0,10.0,1.0,1.0,1.0,1.0,0.2,0.4,20.0,141,9230.0,3,40,52,6,96
225041,4.0,10.0,1.0,1.0,1.0,1.0,0.2,0.4,20.0,142,9220.0,4,43,48,9,96
225041,4.0,10.0,1.0,1.0,1.0,1.0,0.2,0.4,20.0,143,9220.0,5,44,45,7,96
225041,4.0,10.0,1.0,1.0,1.0,1.0,0.2,0.4,20.0,144,9260.0,7,42,40,4,92
225041,4.0,10.0,1.0,1.0,1.0,1.0,0.2,0.4,20.0,145,9270.0,8,40,41,4,94
225041,4.0,10.0,1.0,1.0,1.0,1.0,0.2,0.4,20.0,146,9260.0,7,38,41,5,92
225041,4.0,10.0,1.0,1.0,1.0,1.0,0.2,0.4,20.0,147,9250.0,6,34,48,6,94
225041,4.0,10.0,1.0,1.0,1.0,1.0,0.2,0.4,20.0,148,9250.0,8,33,47,8,92
225041,4.0,10.0,1.0,1.0,1.0,1.0,0.2,0.4,20.0,149,9240.0,10,33,45,9,91
225041,4.0,10.0,1.0,1.0,1.0,1.0,0.2,0.4,20.0,150,9280.0,9,32,40,10,84
225041,4.0,10.0,1.0,1.0,1.0,1.0,0.2,0.4,20.0,151,9280.0,7,38,38,11,86
225041,4.0,10.0,1.0,1.0,1.0,1.0,0.2,0.4,20.0,152,9250.0,5,34,46,13,87
225041,4.0,10.0,1.0,1.0,1.0,1.0,0.2,0.4,20.0,153,9240.0,5,37,45,14,88
225041,4.0,10.0,1.0,1.0,1.0,1.0,0.2,0.4,20.0,154,9240.0,4,44,41,12,89
225041,4.0,10.0,1.0,1.0,1.0,1.0,0.2,0.4,20.0,155,9260.0,3,47,37,10,87
225041,4.0,10.0,1.0,1.0,1.0,1.0,0.2,0.4,20.0,156,9270.0,3,51,34,9,88
225041,4.0,10.0,1.0,1.0,1.0,1.0,0.2,0.4,20.0,157,9250.0,6,49,36,10,91
225041,4.0,10.0,1.0,1.0,1.0,1.0,0.2,0.4,20.0,158,9230.0,7,47,42,7,96
225041,4.0,10.0,1.0,1.0,1.0,1.0,0.2,0.4,20.0,159,9220.0,6,46,47,5,99
225041,4.0,10.0,1.0,1.0,1.0,1.0,0.2,0.4,20.0,160,9270.0,7,40,42,5,89
225041,4.0,10.0,1.0,1.0,1.0,1.0,0.2,0.4,20.0,161,9250.0,8,41,49,5,98
225041,4.0,10.0,1.0,1.0,1.0,1.0,0.2,0.4,20.0,162,9250.0,10,36,47,4,93
225041,4.0,10.0,1.0,1.0,1.0,1.0,0.2,0.4,20.0,163,9240.0,9,35,55,4,99
225041,4.0,10.0,1.0,1.0,1.0,1.0,0.2,0.4,20.0,164,9220.0,9,32,59,4,100
225041,4.0,10.0,1.0,1.0,1.0,1.0,0.2,0.4,20.0,165,9240.0,11,27,58,4,96
225041,4.0,10.0,1.0,1.0,1.0,1.0,0.2,0.4,20.0,166,9260.0,12,27,55,4,94
225041,4.0,10.0,1.0,1.0,1.0,1.0,0.2,0.4,20.0,167,9210.0,15,28,61,5,104
225041,4.0,10.0,1.0,1.0,1.0,1.0,0.2,0.4,20.0,168,9210.0,12,29,55,6,96
225041,4.0,10.0,1.0,1.0,1.0,1.0,0.2,0.4,20.0,169,9270.0,10,28,50,6,89
225041,4.0,10.0,1.0,1.0,1.0,1.0,0.2,0.4,20.0,170,9270.0,9,34,47,6,92
225041,4.0,10.0,1.0,1.0,1.0,1.0,0.2,0.4,20.0,171,9240.0,7,38,49,4,97
225041,4.0,10.0,1.0,1.0,1.0,1.0,0.2,0.4,20.0,172,9250.0,6,39,45,6,93
225041,4.0,10.0,1.0,1.0,1.0,1.0,0.2,0.4,20.0,173,9250.0,7,41,43,6,94
225041,4.0,10.0,1.0,1.0,1.0,1.0,0.2,0.4,20.0,174,9260.0,5,40,42,8,90
225041,4.0,10.0,1.0,1.0,1.0,1.0,0.2,0.4,20.0,175,9220.0,7,46,44,9,98
225041,4.0,10.0,1.0,1.0,1.0,1.0,0.2,0.4,20.0,176,9240.0,8,41,42,6,92
225041,4.0,10.0,1.0,1.0,1.0,1.0,0.2,0.4,20.0,177,9260.0,11,47,34,6,93
225041,4.0,10.0,1.0,1.0,1.0,1.0,0.2,0.4,20.0,178,9240.0,11,52,33,5,97
225041,4.0,10.0,1.0,1.0,1.0,1.0,0.2,0.4,20.0,179,9240.0,11,53,33,3,98
225041,4.0,10.0,1.0,1.0,1.0,1.0,0.2,0.4,20.0,180,9240.0,13,53,31,4,97
225041,4.0,10.0,1.0,1.0,1.0,1.0,0.2,0.4,20.0,181,9240.0,10,58,30,3,98
225041,4.0,10.0,1.0,1.0,1.0,1.0,0.2,0.4,20.0,182,9240.0,7,56,33,5,96
225041,4.0,10.0,1.0,1.0,1.0,1.0,0.2,0.4,20.0,183,9230.0,6,59,34,4,99
225041,4.0,10.0,1.0,1.0,1.0,1.0,0.2,0.4,20.0,184,9210.0,6,65,31,4,102
225041,4.0,10.0,1.0,1.0,1.0,1.0,0.2,0.4,20.0,185,9250.0,5,59,29,2,93
225041,4.0,10.0,1.0,1.0,1.0,1.0,0.2,0.4,20.0,186,9280.0,4,59,30,2,93
225041,4.0,10.0,1.0,1.0,1.0,1.0,0.2,0.4,20.0,187,9280.0,4,58,32,2,94
225041,4.0,10.0,1.0,1.0,1.0,1.0,0.2,0.4,20.0,188,9220.0,3,67,34,2,104
225041,4.0,10.0,1.0,1.0,1.0,1.0,0.2,0.4,20.0,189,9200.0,3,65,37,2,105
225041,4.0,10.0,1.0,1.0,1.0,1.0,0.2,0.4,20.0,190,9240.0,2,53,40,2,95
225041,4.0,10.0,1.0,1.0,1.0,1.0,0.2,0.4,20.0,191,9280.0,1,46,46,2,93
225041,4.0,10.0,1.0,1.0,1.0,1.0,0.2,0.4,20.0,192,9270.0,2,45,49,2,96
225041,4.0,10.0,1.0,1.0,1.0,1.0,0.2,0.4,20.0,193,9240.0,3,43,53,2,99
225041,4.0,10.0,1.0,1.0,1.0,1.0,0.2,0.4,20.0,194,9260.0,3,35,56,2,95
225041,4.0,10.0,1.0,1.0,1.0,1.0,0.2,0.4,20.0,195,9240.0,3,39,54,6,97
225041,4.0,10.0,1.0,1.0,1.0,1.0,0.2,0.4,20.0,196,9260.0,4,34,49,8,88
225041,4.0,10.0,1.0,1.0,1.0,1.0,0.2,0.4,20.0,197,9250.0,4,30,56,9,91
225041,4.0,10.0,1.0,1.0,1.0,1.0,0.2,0.4,20.0,198,9250.0,5,29,54,10,88
225041,4.0,10.0,1.0,1.0,1.0,1.0,0.2,0.4,20.0,199,9240.0,3,24,67,9,94
225041,4.0,10.0,1.0,1.0,1.0,1.0,0.2,0.4,20.0,200,9240.0,3,23,66,7,92
225041,4.0,10.0,1.0,1.0,1.0,1.0,0.2,0.4,20.0,201,9270.0,3,21,67,5,91
225041,4.0,10.0,1.0,1.0,1.0,1.0,0.2,0.4,20.0,202,9250.0,6,19,70,7,95
225041,4.0,10.0,1.0,1.0,1.0,1.0,0.2,0.4,20.0,203,9240.0,5,21,65,8,91
225041,4.0,10.0,1.0,1.0,1.0,1.0,0.2,0.4,20.0,204,9220.0,5,18,75,8,98
225041,4.0,10.0,1.0,1.0,1.0,1.0,0.2,0.4,20.0,205,9230.0,2,20,74,5,96
225041,4.0,10.0,1.0,1.0,1.0,1.0,0.2,0.4,20.0,206,9260.0,4,16,73,4,93
225041,4.0,10.0,1.0,1.0,1.0,1.0,0.2,0.4,20.0,207,9230.0,3,23,73,5,99
225041,4.0,10.0,1.0,1.0,1.0,1.0,0.2,0.4,20.0,208,9230.0,3,28,68,3,99
225041,4.0,10.0,1.0,1.0,1.0,1.0,0.2,0.4,20.0,209,9250.0,3,30,61,3,94
225041,4.0,10.0,1.0,1.0,1.0,1.0,0.2,0.4,20.0,210,9270.0,2,31,62,2,95
225041,4.0,10.0,1.0,1.0,1.0,1.0,0.2,0.4,20.0,211,9240.0,5,32,64,2,101
225041,4.0,10.0,1.0,1.0,1.0,1.0,0.2,0.4,20.0,212,9240.0,4,31,63,1,98
225041,4.0,10.0,1.0,1.0,1.0,1.0,0.2,0.4,20.0,213,9240.0,3,39,57,2,99
225041,4.0,10.0,1.0,1.0,1.0,1.0,0.2,0.4,20.0,214,9260.0,2,41,51,2,94
225041,4.0,10.0,1.0,1.0,1.0,1.0,0.2,0.4,20.0,215,9270.0,3,44,47,4,94
225041,4.0,10.0,1.0,1.0,1.0,1.0,0.2,0.4,20.0,216,9260.0,1,44,47,5,92
225041,4.0,10.0,1.0,1.0,1.0,1.0,0.2,0.4,20.0,217,9260.0,2,46,48,3,96
225041,4.0,10.0,1.0,1.0,1.0,1.0,0.2,0.4,20.0,218,9270.0,2,45,45,3,92
225041,4.0,10.0,1.0,1.0,1.0,1.0,0.2,0.4,20.0,219,9260.0,1,46,50,3,97
225041,4.0,10.0,1.0,1.0,1.0,1.0,0.2,0.4,20.0,220,9260.0,1,41,52,4,94
225041,4.0,10.0,1.0,1.0,1.0,1.0,0.2,0.4,20.0,221,9280.0,1,35,54,5,90
225041,4.0,10.0,1.0,1.0,1.0,1.0,0.2,0.4,20.0,222,9290.0,2,33,52,7,87
225041,4.0,10.0,1.0,1.0,1.0,1.0,0.2,0.4,20.0,223,9280.0,2,34,53,8,89
225041,4.0,10.0,1.0,1.0,1.0,1.0,0.2,0.4,20.0,224,9270.0,3,29,56,8,89
225041,4.0,10.0,1.0,1.0,1.0,1.0,0.2,0.4,20.0,225,9240.0,3,37,54,8,95
225041,4.0,10.0,1.0,1.0,1.0,1.0,0.2,0.4,20.0,226,9240.0,2,40,48,9,91
225041,4.0,10.0,1.0,1.0,1.0,1.0,0.2,0.4,20.0,227,9250.0,3,39,46,9,89
225041,4.0,10.0,1.0,1.0,1.0,1.0,0.2,0.4,20.0,228,9250.0,2,38,48,13,88
225041,4.0,10.0,1.0,1.0,1.0,1.0,0.2,0.4,20.0,229,9220.0,2,37,52,12,93
225041,4.0,10.0,1.0,1.0,1.0,1.0,0.2,0.4,20.0,230,9250.0,2,34,44,14,83
225041,4.0,10.0,1.0,1.0,1.0,1.0,0.2,0.4,20.0,231,9270.0,3,31,43,15,82
225041,4.0,10.0,1.0,1.0,1.0,1.0,0.2,0.4,20.0,232,9260.0,3,30,44,16,83
225041,4.0,10.0,1.0,1.0,1.0,1.0,0.2,0.4,20.0,233,9260.0,5,30,43,14,84
225041,4.0,10.0,1.0,1.0,1.0,1.0,0.2,0.4,20.0,234,9270.0,4,27,45,14,83
225041,4.0,10.0,1.0,1.0,1.0,1.0,0.2,0.4,20.0,235,9270.0,4,29,48,10,87
225041,4.0,10.0,1.0,1.0,1.0,1.0,0.2,0.4,20.0,236,9280.0,3,30,44,11,83
225041,4.0,10.0,1.0,1.0,1.0,1.0,0.2,0.4,20.0,237,9300.0,1,30,43,10,83
225041,4.0,10.0,1.0,1.0,1.0,1.0,0.2,0.4,20.0,238,9260.0,2,30,47,12,88
225041,4.0,10.0,1.0,1.0,1.0,1.0,0.2,0.4,20.0,239,9250.0,3,26,46,19,81
225041,4.0,10.0,1.0,1.0,1.0,1.0,0.2,0.4,20.0,240,9250.0,3,25,48,18,80
225041,4.0,10.0,1.0,1.0,1.0,1.0,0.2,0.4,20.0,241,9260.0,2,22,50,21,78
225041,4.0,10.0,1.0,1.0,1.0,1.0,0.2,0.4,20.0,242,9270.0,3,23,47,17,78
225041,4.0,10.0,1.0,1.0,1.0,1.0,0.2,0.4,20.0,243,9310.0,4,21,41,19,71
225041,4.0,10.0,1.0,1.0,1.0,1.0,0.2,0.4,20.0,244,9250.0,5,19,52,23,80
225041,4.0,10.0,1.0,1.0,1.0,1.0,0.2,0.4,20.0,245,9230.0,4,17,54,23,79
225041,4.0,10.0,1.0,1.0,1.0,1.0,0.2,0.4,20.0,246,9260.0,5,13,52,22,75
225041,4.0,10.0,1.0,1.0,1.0,1.0,0.2,0.4,20.0,247,9260.0,6,12,49,25,74
225041,4.0,10.0,1.0,1.0,1.0,1.0,0.2,0.4,20.0,248,9250.0,7,14,46,27,73
225041,4.0,10.0,1.0,1.0,1.0,1.0,0.2,0.4,20.0,249,9220.0,6,18,48,26,80
225041,4.0,10.0,1.0,1.0,1.0,1.0,0.2,0.4,20.0,250,9230.0,5,19,40,26,73
225041,4.0,10.0,1.0,1.0,1.0,1.0,0.2,0.4,20.0,251,9220.0,4,18,51,26,80
225041,4.0,10.0,1.0,1.0,1.0,1.0,0.2,0.4,20.0,252,9200.0,4,17,52,26,81
225041,4.0,10.0,1.0,1.0,1.0,1.0,0.2,0.4,20.0,253,9250.0,4,13,44,29,67
225041,4.0,10.0,1.0,1.0,1.0,1.0,0.2,0.4,20.0,254,9240.0,4,12,48,33,71
225041,4.0,10.0,1.0,1.0,1.0,1.0,0.2,0.4,20.0,255,9290.0,2,10,49,24,66
225041,4.0,10.0,1.0,1.0,1.0,1.0,0.2,0.4,20.0,256,9280.0,3,10,47,32,67
225041,4.0,10.0,1.0,1.0,1.0,1.0,0.2,0.4,20.0,257,9260.0,2,12,40,37,61
225041,4.0,10.0,1.0,1.0,1.0,1.0,0.2,0.4,20.0,258,9260.0,2,15,43,32,65
225041,4.0,10.0,1.0,1.0,1.0,1.0,0.2,0.4,20.0,259,9270.0,1,21,38,31,65
225041,4.0,10.0,1.0,1.0,1.0,1.0,0.2,0.4,20.0,260,9290.0,1,18,42,28,66
225041,4.0,10.0,1.0,1.0,1.0,1.0,0.2,0.4,20.0,261,9250.0,1,19,44,32,69
225041,4.0,10.0,1.0,1.0,1.0,1.0,0.2,0.4,20.0,262,9230.0,1,19,41,37,65
225041,4.0,10.0,1.0,1.0,1.0,1.0,0.2,0.4,20.0,263,9220.0,0,19,48,33,70
225041,4.0,10.0,1.0,1.0,1.0,1.0,0.2,0.4,20.0,264,9210.0,0,17,53,32,74
225041,4.0,10.0,1.0,1.0,1.0,1.0,0.2,0.4,20.0,265,9200.0,1,15,59,28,79
225041,4.0,10.0,1.0,1.0,1.0,1.0,0.2,0.4,20.0,266,9220.0,1,14,55,28,74
225041,4.0,10.0,1.0,1.0,1.0,1.0,0.2,0.4,20.0,267,9240.0,3,13,56,25,76
225041,4.0,10.0,1.0,1.0,1.0,1.0,0.2,0.4,20.0,268,9250.0,4,14,52,22,76
225041,4.0,10.0,1.0,1.0,1.0,1.0,0.2,0.4,20.0,269,9240.0,4,13,54,23,80
225041,4.0,10.0,1.0,1.0,1.0,1.0,0.2,0.4,20.0,270,9270.0,3,12,50,19,75
225041,4.0,10.0,1.0,1.0,1.0,1.0,0.2,0.4,20.0,271,9290.0,4,13,45,21,74
225041,4.0,10.0,1.0,1.0,1.0,1.0,0.2,0.4,20.0,272,9240.0,3,11,58,23,81
225041,4.0,10.0,1.0,1.0,1.0,1.0,0.2,0.4,20.0,273,9240.0,4,12,56,21,79
225041,4.0,10.0,1.0,1.0,1.0,1.0,0.2,0.4,20.0,274,9240.0,4,12,61,21,81
225041,4.0,10.0,1.0,1.0,1.0,1.0,0.2,0.4,20.0,275,9270.0,6,10,55,20,75
225041,4.0,10.0,1.0,1.0,1.0,1.0,0.2,0.4,20.0,276,9260.0,5,11,59,20,80
225041,4.0,10.0,1.0,1.0,1.0,1.0,0.2,0.4,20.0,277,9230.0,6,13,61,19,85
225041,4.0,10.0,1.0,1.0,1.0,1.0,0.2,0.4,20.0,278,9230.0,4,14,59,20,82
225041,4.0,10.0,1.0,1.0,1.0,1.0,0.2,0.4,20.0,279,9240.0,5,12,59,20,79
225041,4.0,10.0,1.0,1.0,1.0,1.0,0.2,0.4,20.0,280,9260.0,3,11,55,23,74
225041,4.0,10.0,1.0,1.0,1.0,1.0,0.2,0.4,20.0,281,9250.0,3,9,60,26,75
225041,4.0,10.0,1.0,1.0,1.0,1.0,0.2,0.4,20.0,282,9230.0,2,10,61,27,75
225041,4.0,10.0,1.0,1.0,1.0,1.0,0.2,0.4,20.0,283,9240.0,2,9,57,31,70
225041,4.0,10.0,1.0,1.0,1.0,1.0,0.2,0.4,20.0,284,9250.0,1,7,58,29,70
225041,4.0,10.0,1.0,1.0,1.0,1.0,0.2,0.4,20.0,285,9260.0,2,9,51,31,66
225041,4.0,10.0,1.0,1.0,1.0,1.0,0.2,0.4,20.0,286,9260.0,2,9,55,27,71
225041,4.0,10.0,1.0,1.0,1.0,1.0,0.2,0.4,20.0,287,9250.0,2,14,51,28,73
225041,4.0,10.0,1.0,1.0,1.0,1.0,0.2,0.4,20.0,288,9270.0,3,14,49,23,72
225041,4.0,10.0,1.0,1.0,1.0,1.0,0.2,0.4,20.0,289,9270.0,3,13,52,21,77
225041,4.0,10.0,1.0,1.0,1.0,1.0,0.2,0.4,20.0,290,9260.0,4,11,54,24,75
225041,4.0,10.0,1.0,1.0,1.0,1.0,0.2,0.4,20.0,291,9240.0,5,5,53,29,72
225041,4.0,10.0,1.0,1.0,1.0,1.0,0.2,0.4,20.0,292,9240.0,5,7,57,27,74
225041,4.0,10.0,1.0,1.0,1.0,1.0,0.2,0.4,20.0,293,9270.0,4,9,56,20,75
225041,4.0,10.0,1.0,1.0,1.0,1.0,0.2,0.4,20.0,294,9240.0,2,12,60,22,82
225041,4.0,10.0,1.0,1.0,1.0,1.0,0.2,0.4,20.0,295,9250.0,2,14,58,16,82
225041,4.0,10.0,1.0,1.0,1.0,1.0,0.2,0.4,20.0,296,9280.0,3,12,59,15,80
225041,4.0,10.0,1.0,1.0,1.0,1.0,0.2,0.4,20.0,297,9240.0,5,12,60,17,87
225041,4.0,10.0,1.0,1.0,1.0,1.0,0.2,0.4,20.0,298,9240.0,5,13,54,19,81
225041,4.0,10.0,1.0,1.0,1.0,1.0,0.2,0.4,20.0,299,9240.0,6,11,53,24,78
225041,4.0,10.0,1.0,1.0,1.0,1.0,0.2,0.4,20.0,300,9230.0,7,10,53,26,77
225041,4.0,10.0,1.0,1.0,1.0,1.0,0.2,0.4,20.0,301,9240.0,4,15,51,26,74
225041,4.0,10.0,1.0,1.0,1.0,1.0,0.2,0.4,20.0,302,9250.0,4,16,54,23,77
225041,4.0,10.0,1.0,1.0,1.0,1.0,0.2,0.4,20.0,303,9260.0,4,14,54,21,75
225041,4.0,10.0,1.0,1.0,1.0,1.0,0.2,0.4,20.0,304,9260.0,5,16,54,22,78
225041,4.0,10.0,1.0,1.0,1.0,1.0,0.2,0.4,20.0,305,9230.0,3,13,57,28,76
225041,4.0,10.0,1.0,1.0,1.0,1.0,0.2,0.4,20.0,306,9250.0,1,10,55,28,70
225041,4.0,10.0,1.0,1.0,1.0,1.0,0.2,0.4,20.0,307,9230.0,1,11,53,33,72
225041,4.0,10.0,1.0,1.0,1.0,1.0,0.2,0.4,20.0,308,9220.0,0,12,53,29,73
225041,4.0,10.0,1.0,1.0,1.0,1.0,0.2,0.4,20.0,309,9220.0,0,12,50,33,72
225041,4.0,10.0,1.0,1.0,1.0,1.0,0.2,0.4,20.0,310,9220.0,0,14,53,29,74
225041,4.0,10.0,1.0,1.0,1.0,1.0,0.2,0.4,20.0,311,9220.0,0,15,53,30,73
225041,4.0,10.0,1.0,1.0,1.0,1.0,0.2,0.4,20.0,312,9220.0,1,15,52,32,72
225041,4.0,10.0,1.0,1.0,1.0,1.0,0.2,0.4,20.0,313,9210.0,1,13,54,34,72
225041,4.0,10.0,1.0,1.0,1.0,1.0,0.2,0.4,20.0,314,9240.0,2,14,50,28,69
225041,4.0,10.0,1.0,1.0,1.0,1.0,0.2,0.4,20.0,315,9260.0,1,12,48,36,63
225041,4.0,10.0,1.0,1.0,1.0,1.0,0.2,0.4,20.0,316,9250.0,1,11,50,36,63
225041,4.0,10.0,1.0,1.0,1.0,1.0,0.2,0.4,20.0,317,9260.0,1,10,52,35,63
225041,4.0,10.0,1.0,1.0,1.0,1.0,0.2,0.4,20.0,318,9260.0,1,9,53,33,64
225041,4.0,10.0,1.0,1.0,1.0,1.0,0.2,0.4,20.0,319,9280.0,1,10,52,30,65
225041,4.0,10.0,1.0,1.0,1.0,1.0,0.2,0.4,20.0,320,9250.0,1,8,55,35,67
225041,4.0,10.0,1.0,1.0,1.0,1.0,0.2,0.4,20.0,321,9260.0,1,6,51,35,62
225041,4.0,10.0,1.0,1.0,1.0,1.0,0.2,0.4,20.0,322,9300.0,1,5,49,33,58
225041,4.0,10.0,1.0,1.0,1.0,1.0,0.2,0.4,20.0,323,9270.0,2,4,49,42,58
225041,4.0,10.0,1.0,1.0,1.0,1.0,0.2,0.4,20.0,324,9230.0,4,2,51,43,61
225041,4.0,10.0,1.0,1.0,1.0,1.0,0.2,0.4,20.0,325,9210.0,5,3,52,39,65
225041,4.0,10.0,1.0,1.0,1.0,1.0,0.2,0.4,20.0,326,9240.0,3,3,49,41,59
225041,4.0,10.0,1.0,1.0,1.0,1.0,0.2,0.4,20.0,327,9240.0,2,5,52,36,66
225041,4.0,10.0,1.0,1.0,1.0,1.0,0.2,0.4,20.0,328,9260.0,1,4,57,29,68
225041,4.0,10.0,1.0,1.0,1.0,1.0,0.2,0.4,20.0,329,9280.0,0,3,61,22,73
225041,4.0,10.0,1.0,1.0,1.0,1.0,0.2,0.4,20.0,330,9290.0,0,5,59,21,72
225041,4.0,10.0,1.0,1.0,1.0,1.0,0.2,0.4,20.0,331,9290.0,0,5,57,26,68
225041,4.0,10.0,1.0,1.0,1.0,1.0,0.2,0.4,20.0,332,9280.0,0,6,57,29,68
225041,4.0,10.0,1.0,1.0,1.0,1.0,0.2,0.4,20.0,333,9240.0,1,6,61,29,74
225041,4.0,10.0,1.0,1.0,1.0,1.0,0.2,0.4,20.0,334,9250.0,1,5,62,24,74
225041,4.0,10.0,1.0,1.0,1.0,1.0,0.2,0.4,20.0,335,9240.0,1,5,62,26,77
225041,4.0,10.0,1.0,1.0,1.0,1.0,0.2,0.4,20.0,336,9240.0,2,4,66,23,77
225041,4.0,10.0,1.0,1.0,1.0,1.0,0.2,0.4,20.0,337,9260.0,1,4,62,26,72
225041,4.0,10.0,1.0,1.0,1.0,1.0,0.2,0.4,20.0,338,9260.0,1,3,58,29,70
225041,4.0,10.0,1.0,1.0,1.0,1.0,0.2,0.4,20.0,339,9250.0,1,2,55,34,66
225041,4.0,10.0,1.0,1.0,1.0,1.0,0.2,0.4,20.0,340,9250.0,0,5,54,36,64
225041,4.0,10.0,1.0,1.0,1.0,1.0,0.2,0.4,20.0,341,9270.0,0,7,48,36,60
225041,4.0,10.0,1.0,1.0,1.0,1.0,0.2,0.4,20.0,342,9240.0,0,10,44,42,60
225041,4.0,10.0,1.0,1.0,1.0,1.0,0.2,0.4,20.0,343,9220.0,0,12,45,43,62
225041,4.0,10.0,1.0,1.0,1.0,1.0,0.2,0.4,20.0,344,9250.0,0,10,45,40,57
225041,4.0,10.0,1.0,1.0,1.0,1.0,0.2,0.4,20.0,345,9240.0,0,9,51,41,62
225041,4.0,10.0,1.0,1.0,1.0,1.0,0.2,0.4,20.0,346,9240.0,0,9,51,37,63
225041,4.0,10.0,1.0,1.0,1.0,1.0,0.2,0.4,20.0,347,9220.0,2,10,57,34,72
225041,4.0,10.0,1.0,1.0,1.0,1.0,0.2,0.4,20.0,348,9240.0,3,9,52,32,67
225041,4.0,10.0,1.0,1.0,1.0,1.0,0.2,0.4,20.0,349,9260.0,4,5,53,31,66
225041,4.0,10.0,1.0,1.0,1.0,1.0,0.2,0.4,20.0,350,9280.0,3,5,56,29,66
225041,4.0,10.0,1.0,1.0,1.0,1.0,0.2,0.4,20.0,351,9240.0,3,5,56,37,66
225041,4.0,10.0,1.0,1.0,1.0,1.0,0.2,0.4,20.0,352,9240.0,2,4,55,37,62
225041,4.0,10.0,1.0,1.0,1.0,1.0,0.2,0.4,20.0,353,9260.0,1,2,50,42,55
225041,4.0,10.0,1.0,1.0,1.0,1.0,0.2,0.4,20.0,354,9240.0,0,0,54,47,56
225041,4.0,10.0,1.0,1.0,1.0,1.0,0.2,0.4,20.0,355,9220.0,0,0,53,49,55
225041,4.0,10.0,1.0,1.0,1.0,1.0,0.2,0.4,20.0,356,9250.0,0,0,50,44,52
225041,4.0,10.0,1.0,1.0,1.0,1.0,0.2,0.4,20.0,357,9290.0,0,0,46,45,49
225041,4.0,10.0,1.0,1.0,1.0,1.0,0.2,0.4,20.0,358,9250.0,0,0,49,50,53
225041,4.0,10.0,1.0,1.0,1.0,1.0,0.2,0.4,20.0,359,9230.0,0,0,55,44,58
225041,4.0,10.0,1.0,1.0,1.0,1.0,0.2,0.4,20.0,360,9230.0,0,0,57,43,60
225041,4.0,10.0,1.0,1.0,1.0,1.0,0.2,0.4,20.0,361,9210.0,0,1,60,42,64
225041,4.0,10.0,1.0,1.0,1.0,1.0,0.2,0.4,20.0,362,9230.0,0,2,55,40,61
225041,4.0,10.0,1.0,1.0,1.0,1.0,0.2,0.4,20.0,363,9230.0,0,4,54,40,63
225041,4.0,10.0,1.0,1.0,1.0,1.0,0.2,0.4,20.0,364,9260.0,0,5,47,37,59
225041,4.0,10.0,1.0,1.0,1.0,1.0,0.2,0.4,20.0,365,9250.0,0,4,50,40,62
225041,4.0,10.0,1.0,1.0,1.0,1.0,0.2,0.4,20.0,366,9260.0,0,4,46,39,58
225041,4.0,10.0,1.0,1.0,1.0,1.0,0.2,0.4,20.0,367,9260.0,0,6,44,42,57
225041,4.0,10.0,1.0,1.0,1.0,1.0,0.2,0.4,20.0,368,9290.0,0,6,41,37,55
225041,4.0,10.0,1.0,1.0,1.0,1.0,0.2,0.4,20.0,369,9270.0,0,4,44,43,57
225041,4.0,10.0,1.0,1.0,1.0,1.0,0.2,0.4,20.0,370,9240.0,0,7,37,51,51
225041,4.0,10.0,1.0,1.0,1.0,1.0,0.2,0.4,20.0,371,9210.0,1,5,39,58,49
225041,4.0,10.0,1.0,1.0,1.0,1.0,0.2,0.4,20.0,372,9230.0,1,6,29,57,42
225041,4.0,10.0,1.0,1.0,1.0,1.0,0.2,0.4,20.0,373,9240.0,1,9,26,60,42
225041,4.0,10.0,1.0,1.0,1.0,1.0,0.2,0.4,20.0,374,9230.0,0,11,29,58,45
225041,4.0,10.0,1.0,1.0,1.0,1.0,0.2,0.4,20.0,375,9230.0,0,10,25,61,41
225041,4.0,10.0,1.0,1.0,1.0,1.0,0.2,0.4,20.0,376,9230.0,1,10,32,56,47
225041,4.0,10.0,1.0,1.0,1.0,1.0,0.2,0.4,20.0,377,9260.0,2,10,29,52,44
225041,4.0,10.0,1.0,1.0,1.0,1.0,0.2,0.4,20.0,378,9240.0,3,10,34,53,51
225041,4.0,10.0,1.0,1.0,1.0,1.0,0.2,0.4,20.0,379,9270.0,3,10,33,46,48
225041,4.0,10.0,1.0,1.0,1.0,1.0,0.2,0.4,20.0,380,9260.0,4,9,40,46,55
225041,4.0,10.0,1.0,1.0,1.0,1.0,0.2,0.4,20.0,381,9270.0,4,9,36,41,53
225041,4.0,10.0,1.0,1.0,1.0,1.0,0.2,0.4,20.0,382,9250.0,4,6,45,41,62
225041,4.0,10.0,1.0,1.0,1.0,1.0,0.2,0.4,20.0,383,9230.0,5,8,42,41,61
225041,4.0,10.0,1.0,1.0,1.0,1.0,0.2,0.4,20.0,384,9240.0,3,8,45,39,62
225041,4.0,10.0,1.0,1.0,1.0,1.0,0.2,0.4,20.0,385,9250.0,1,9,45,41,58
225041,4.0,10.0,1.0,1.0,1.0,1.0,0.2,0.4,20.0,386,9240.0,0,6,48,43,59
225041,4.0,10.0,1.0,1.0,1.0,1.0,0.2,0.4,20.0,387,9260.0,0,6,41,45,52
225041,4.0,10.0,1.0,1.0,1.0,1.0,0.2,0.4,20.0,388,9260.0,0,5,38,49,50
225041,4.0,10.0,1.0,1.0,1.0,1.0,0.2,0.4,20.0,389,9280.0,0,5,36,48,46
225041,4.0,10.0,1.0,1.0,1.0,1.0,0.2,0.4,20.0,390,9270.0,0,8,38,46,53
225041,4.0,10.0,1.0,1.0,1.0,1.0,0.2,0.4,20.0,391,9260.0,0,8,33,53,45
225041,4.0,10.0,1.0,1.0,1.0,1.0,0.2,0.4,20.0,392,9240.0,0,8,35,56,47
225041,4.0,10.0,1.0,1.0,1.0,1.0,0.2,0.4,20.0,393,9210.0,0,10,35,57,49
225041,4.0,10.0,1.0,1.0,1.0,1.0,0.2,0.4,20.0,394,9240.0,1,8,35,52,47
225041,4.0,10.0,1.0,1.0,1.0,1.0,0.2,0.4,20.0,395,9250.0,2,8,38,50,50
225041,4.0,10.0,1.0,1.0,1.0,1.0,0.2,0.4,20.0,396,9220.0,5,8,35,55,49
225041,4.0,10.0,1.0,1.0,1.0,1.0,0.2,0.4,20.0,397,9220.0,6,7,32,59,45
225041,4.0,10.0,1.0,1.0,1.0,1.0,0.2,0.4,20.0,398,9260.0,6,4,30,56,40
225041,4.0,10.0,1.0,1.0,1.0,1.0,0.2,0.4,20.0,399,9300.0,6,6,27,52,40
225041,4.0,10.0,1.0,1.0,1.0,1.0,0.2,0.4,20.0,400,9270.0,7,7,31,54,46
225041,4.0,10.0,1.0,1.0,1.0,1.0,0.2,0.4,20.0,401,9270.0,7,5,31,52,44
225041,4.0,10.0,1.0,1.0,1.0,1.0,0.2,0.4,20.0,402,9270.0,8,3,34,52,46
225041,4.0,10.0,1.0,1.0,1.0,1.0,0.2,0.4,20.0,403,9270.0,9,3,38,46,51
225041,4.0,10.0,1.0,1.0,1.0,1.0,0.2,0.4,20.0,404,9250.0,8,5,44,43,57
225041,4.0,10.0,1.0,1.0,1.0,1.0,0.2,0.4,20.0,405,9240.0,4,7,50,39,63
225041,4.0,10.0,1.0,1.0,1.0,1.0,0.2,0.4,20.0,406,9250.0,3,9,46,39,60
225041,4.0,10.0,1.0,1.0,1.0,1.0,0.2,0.4,20.0,407,9260.0,1,8,47,40,58
225041,4.0,10.0,1.0,1.0,1.0,1.0,0.2,0.4,20.0,408,9260.0,2,8,46,42,57
225041,4.0,10.0,1.0,1.0,1.0,1.0,0.2,0.4,20.0,409,9270.0,2,11,46,36,60
225041,4.0,10.0,1.0,1.0,1.0,1.0,0.2,0.4,20.0,410,9270.0,2,8,50,36,62
225041,4.0,10.0,1.0,1.0,1.0,1.0,0.2,0.4,20.0,411,9240.0,1,8,51,41,62
225041,4.0,10.0,1.0,1.0,1.0,1.0,0.2,0.4,20.0,412,9260.0,1,9,47,36,59
225041,4.0,10.0,1.0,1.0,1.0,1.0,0.2,0.4,20.0,413,9250.0,1,11,53,35,67
225041,4.0,10.0,1.0,1.0,1.0,1.0,0.2,0.4,20.0,414,9240.0,1,10,51,37,64
225041,4.0,10.0,1.0,1.0,1.0,1.0,0.2,0.4,20.0,415,9240.0,1,7,60,30,71
225041,4.0,10.0,1.0,1.0,1.0,1.0,0.2,0.4,20.0,416,9260.0,1,3,62,27,70
225041,4.0,10.0,1.0,1.0,1.0,1.0,0.2,0.4,20.0,417,9260.0,0,2,71,22,76
225041,4.0,10.0,1.0,1.0,1.0,1.0,0.2,0.4,20.0,418,9270.0,0,3,68,23,74
225041,4.0,10.0,1.0,1.0,1.0,1.0,0.2,0.4,20.0,419,9270.0,0,3,70,22,74
225041,4.0,10.0,1.0,1.0,1.0,1.0,0.2,0.4,20.0,420,9260.0,0,5,70,25,75
225041,4.0,10.0,1.0,1.0,1.0,1.0,0.2,0.4,20.0,421,9260.0,0,4,67,27,71
225041,4.0,10.0,1.0,1.0,1.0,1.0,0.2,0.4,20.0,422,9250.0,0,3,71,27,74
225041,4.0,10.0,1.0,1.0,1.0,1.0,0.2,0.4,20.0,423,9230.0,0,3,70,30,73
225041,4.0,10.0,1.0,1.0,1.0,1.0,0.2,0.4,20.0,424,9240.0,0,1,70,29,71
225041,4.0,10.0,1.0,1.0,1.0,1.0,0.2,0.4,20.0,425,9240.0,0,4,68,30,72
225041,4.0,10.0,1.0,1.0,1.0,1.0,0.2,0.4,20.0,426,9240.0,0,3,72,26,75
225041,4.0,10.0,1.0,1.0,1.0,1.0,0.2,0.4,20.0,427,9230.0,0,4,70,28,74
225041,4.0,10.0,1.0,1.0,1.0,1.0,0.2,0.4,20.0,428,9220.0,1,6,69,29,76
225041,4.0,10.0,1.0,1.0,1.0,1.0,0.2,0.4,20.0,429,9220.0,1,9,66,26,77
225041,4.0,10.0,1.0,1.0,1.0,1.0,0.2,0.4,20.0,430,9260.0,3,6,56,30,66
225041,4.0,10.0,1.0,1.0,1.0,1.0,0.2,0.4,20.0,431,9250.0,2,8,62,28,74
225041,4.0,10.0,1.0,1.0,1.0,1.0,0.2,0.4,20.0,432,9260.0,2,8,58,25,72
225041,4.0,10.0,1.0,1.0,1.0,1.0,0.2,0.4,20.0,433,9260.0,3,8,58,26,73
225041,4.0,10.0,1.0,1.0,1.0,1.0,0.2,0.4,20.0,434,9230.0,3,8,59,29,75
225041,4.0,10.0,1.0,1.0,1.0,1.0,0.2,0.4,20.0,435,9240.0,4,8,56,28,72
225041,4.0,10.0,1.0,1.0,1.0,1.0,0.2,0.4,20.0,436,9240.0,5,9,57,28,74
225041,4.0,10.0,1.0,1.0,1.0,1.0,0.2,0.4,20.0,437,9260.0,4,10,50,29,68
225041,4.0,10.0,1.0,1.0,1.0,1.0,0.2,0.4,20.0,438,9250.0,3,15,49,28,72
225041,4.0,10.0,1.0,1.0,1.0,1.0,0.2,0.4,20.0,439,9270.0,3,17,47,22,74
225041,4.0,10.0,1.0,1.0,1.0,1.0,0.2,0.4,20.0,440,9280.0,5,18,49,18,78
225041,4.0,10.0,1.0,1.0,1.0,1.0,0.2,0.4,20.0,441,9260.0,6,19,49,18,82
225041,4.0,10.0,1.0,1.0,1.0,1.0,0.2,0.4,20.0,442,9220.0,7,15,52,22,82
225041,4.0,10.0,1.0,1.0,1.0,1.0,0.2,0.4,20.0,443,9240.0,6,14,48,23,77
225041,4.0,10.0,1.0,1.0,1.0,1.0,0.2,0.4,20.0,444,9250.0,5,18,45,23,75
225041,4.0,10.0,1.0,1.0,1.0,1.0,0.2,0.4,20.0,445,9260.0,8,18,42,27,72
225041,4.0,10.0,1.0,1.0,1.0,1.0,0.2,0.4,20.0,446,9260.0,5,17,45,29,69
225041,4.0,10.0,1.0,1.0,1.0,1.0,0.2,0.4,20.0,447,9270.0,6,15,46,26,71
225041,4.0,10.0,1.0,1.0,1.0,1.0,0.2,0.4,20.0,448,9270.0,6,14,44,28,68
225041,4.0,10.0,1.0,1.0,1.0,1.0,0.2,0.4,20.0,449,9270.0,5,14,40,34,64
225041,4.0,10.0,1.0,1.0,1.0,1.0,0.2,0.4,20.0,450,9270.0,7,13,41,31,66
225041,4.0,10.0,1.0,1.0,1.0,1.0,0.2,0.4,20.0,451,9260.0,8,16,40,29,70
225041,4.0,10.0,1.0,1.0,1.0,1.0,0.2,0.4,20.0,452,9240.0,8,17,37,30,71
225041,4.0,10.0,1.0,1.0,1.0,1.0,0.2,0.4,20.0,453,9260.0,6,16,38,31,66
225041,4.0,10.0,1.0,1.0,1.0,1.0,0.2,0.4,20.0,454,9290.0,5,19,33,30,63
225041,4.0,10.0,1.0,1.0,1.0,1.0,0.2,0.4,20.0,455,9280.0,7,22,37,26,71
225041,4.0,10.0,1.0,1.0,1.0,1.0,0.2,0.4,20.0,456,9250.0,5,24,37,29,71
225041,4.0,10.0,1.0,1.0,1.0,1.0,0.2,0.4,20.0,457,9260.0,4,26,38,26,72
225041,4.0,10.0,1.0,1.0,1.0,1.0,0.2,0.4,20.0,458,9280.0,2,19,38,30,63
225041,4.0,10.0,1.0,1.0,1.0,1.0,0.2,0.4,20.0,459,9270.0,3,18,43,31,68
225041,4.0,10.0,1.0,1.0,1.0,1.0,0.2,0.4,20.0,460,9250.0,2,14,44,34,65
225041,4.0,10.0,1.0,1.0,1.0,1.0,0.2,0.4,20.0,461,9260.0,2,13,45,31,66
225041,4.0,10.0,1.0,1.0,1.0,1.0,0.2,0.4,20.0,462,9280.0,1,9,45,31,63
225041,4.0,10.0,1.0,1.0,1.0,1.0,0.2,0.4,20.0,463,9280.0,2,11,43,31,66
225041,4.0,10.0,1.0,1.0,1.0,1.0,0.2,0.4,20.0,464,9230.0,2,13,44,33,72
225041,4.0,10.0,1.0,1.0,1.0,1.0,0.2,0.4,20.0,465,9230.0,1,13,39,31,69
225041,4.0,10.0,1.0,1.0,1.0,1.0,0.2,0.4,20.0,466,9240.0,1,14,34,35,65
225041,4.0,10.0,1.0,1.0,1.0,1.0,0.2,0.4,20.0,467,9270.0,1,12,30,35,61
225041,4.0,10.0,1.0,1.0,1.0,1.0,0.2,0.4,20.0,468,9270.0,1,13,34,35,63
225041,4.0,10.0,1.0,1.0,1.0,1.0,0.2,0.4,20.0,469,9230.0,2,12,39,35,70
225041,4.0,10.0,1.0,1.0,1.0,1.0,0.2,0.4,20.0,470,9230.0,2,9,40,36,65
225041,4.0,10.0,1.0,1.0,1.0,1.0,0.2,0.4,20.0,471,9240.0,4,6,40,37,64
225041,4.0,10.0,1.0,1.0,1.0,1.0,0.2,0.4,20.0,472,9260.0,2,5,37,41,56
225041,4.0,10.0,1.0,1.0,1.0,1.0,0.2,0.4,20.0,473,9270.0,5,6,34,41,56
225041,4.0,10.0,1.0,1.0,1.0,1.0,0.2,0.4,20.0,474,9230.0,5,4,32,52,53
225041,4.0,10.0,1.0,1.0,1.0,1.0,0.2,0.4,20.0,475,9260.0,7,2,25,49,46
225041,4.0,10.0,1.0,1.0,1.0,1.0,0.2,0.4,20.0,476,9280.0,5,3,25,50,46
225041,4.0,10.0,1.0,1.0,1.0,1.0,0.2,0.4,20.0,477,9270.0,6,3,22,54,44
225041,4.0,10.0,1.0,1.0,1.0,1.0,0.2,0.4,20.0,478,9260.0,4,4,23,53,46
225041,4.0,10.0,1.0,1.0,1.0,1.0,0.2,0.4,20.0,479,9250.0,4,6,16,62,38
225041,4.0,10.0,1.0,1.0,1.0,1.0,0.2,0.4,20.0,480,9270.0,3,6,16,57,37
225041,4.0,10.0,1.0,1.0,1.0,1.0,0.2,0.4,20.0,481,9280.0,1,8,21,58,39
225041,4.0,10.0,1.0,1.0,1.0,1.0,0.2,0.4,20.0,482,9270.0,3,6,23,57,40
225041,4.0,10.0,1.0,1.0,1.0,1.0,0.2,0.4,20.0,483,9250.0,3,5,27,58,42
225041,4.0,10.0,1.0,1.0,1.0,1.0,0.2,0.4,20.0,484,9230.0,6,6,28,57,45
225041,4.0,10.0,1.0,1.0,1.0,1.0,0.2,0.4,20.0,485,9220.0,6,9,25,58,47
225041,4.0,10.0,1.0,1.0,1.0,1.0,0.2,0.4,20.0,486,9240.0,4,10,24,55,44
225041,4.0,10.0,1.0,1.0,1.0,1.0,0.2,0.4,20.0,487,9240.0,4,9,26,52,49
225041,4.0,10.0,1.0,1.0,1.0,1.0,0.2,0.4,20.0,488,9270.0,6,7,30,40,55
225041,4.0,10.0,1.0,1.0,1.0,1.0,0.2,0.4,20.0,489,9250.0,7,5,34,44,57
225041,4.0,10.0,1.0,1.0,1.0,1.0,0.2,0.4,20.0,490,9230.0,6,10,34,41,62
225041,4.0,10.0,1.0,1.0,1.0,1.0,0.2,0.4,20.0,491,9240.0,5,14,30,41,59
225041,4.0,10.0,1.0,1.0,1.0,1.0,0.2,0.4,20.0,492,9270.0,6,16,29,33,61
225041,4.0,10.0,1.0,1.0,1.0,1.0,0.2,0.4,20.0,493,9270.0,4,16,36,33,66
225041,4.0,10.0,1.0,1.0,1.0,1.0,0.2,0.4,20.0,494,9220.0,4,17,43,32,73
225041,4.0,10.0,1.0,1.0,1.0,1.0,0.2,0.4,20.0,495,9280.0,2,15,41,27,64
225041,4.0,10.0,1.0,1.0,1.0,1.0,0.2,0.4,20.0,496,9300.0,3,12,40,31,63
225041,4.0,10.0,1.0,1.0,1.0,1.0,0.2,0.4,20.0,497,9270.0,2,12,44,32,67
225041,4.0,10.0,1.0,1.0,1.0,1.0,0.2,0.4,20.0,498,9250.0,3,9,48,31,69
225041,4.0,10.0,1.0,1.0,1.0,1.0,0.2,0.4,20.0,499,9280.0,4,8,43,31,63