Exp Num,agent:svo_convergence_factor,agent:params:metabolism,agent:params:consumption_factor,agent:params:procreate_cost_factor,agent:params:procreate_req_factor,agent:params:start_energy_factor,agent:params:caught_chance,agent:params:caught_cooldown_factor,agent:params:maximum_age,Epoch,Resource,A,B,C,D,E
268,1.0,5.0,1.0,1.0,1.0,3.0,0.1,0.4,40.0,0,4500.0,17,33,26,40,110
268,1.0,5.0,1.0,1.0,1.0,3.0,0.1,0.4,40.0,1,4875.0,22,44,52,63,162
268,1.0,5.0,1.0,1.0,1.0,3.0,0.1,0.4,40.0,2,4968.75,25,68,92,96,241
268,1.0,5.0,1.0,1.0,1.0,3.0,0.1,0.4,40.0,3,5040.9375,16,51,102,92,207
268,1.0,5.0,1.0,1.0,1.0,3.0,0.1,0.4,40.0,4,5211.171875,7,45,113,100,186
268,1.0,5.0,1.0,1.0,1.0,3.0,0.1,0.4,40.0,5,5388.96484375,4,38,139,108,197
268,1.0,5.0,1.0,1.0,1.0,3.0,0.1,0.4,40.0,6,5576.2060546875,1,34,162,106,204
268,1.0,5.0,1.0,1.0,1.0,3.0,0.1,0.4,40.0,7,5835.257568359375,0,23,181,92,207
268,1.0,5.0,1.0,1.0,1.0,3.0,0.1,0.4,40.0,8,6169.071960449219,0,15,196,87,213
268,1.0,5.0,1.0,1.0,1.0,3.0,0.1,0.4,40.0,9,6581.339950561523,0,10,215,76,226
268,1.0,5.0,1.0,1.0,1.0,3.0,0.1,0.4,40.0,10,7091.674938201904,0,6,235,62,241
268,1.0,5.0,1.0,1.0,1.0,3.0,0.1,0.4,40.0,11,7704.59367275238,0,1,256,55,257
268,1.0,5.0,1.0,1.0,1.0,3.0,0.1,0.4,40.0,12,8455.742090940475,0,0,267,45,267
268,1.0,5.0,1.0,1.0,1.0,3.0,0.1,0.4,40.0,13,8835.0,0,0,277,33,277
268,1.0,5.0,1.0,1.0,1.0,3.0,0.1,0.4,40.0,14,8850.0,0,0,278,27,278
268,1.0,5.0,1.0,1.0,1.0,3.0,0.1,0.4,40.0,15,8885.0,0,0,277,16,277
268,1.0,5.0,1.0,1.0,1.0,3.0,0.1,0.4,40.0,16,8870.0,0,0,294,11,294
268,1.0,5.0,1.0,1.0,1.0,3.0,0.1,0.4,40.0,17,8855.0,0,0,294,11,294
268,1.0,5.0,1.0,1.0,1.0,3.0,0.1,0.4,40.0,18,8865.0,0,0,295,6,295
268,1.0,5.0,1.0,1.0,1.0,3.0,0.1,0.4,40.0,19,8850.0,0,0,306,2,306
268,1.0,5.0,1.0,1.0,1.0,3.0,0.1,0.4,40.0,20,8860.0,0,0,299,1,299
268,1.0,5.0,1.0,1.0,1.0,3.0,0.1,0.4,40.0,21,8885.0,0,0,295,1,295
268,1.0,5.0,1.0,1.0,1.0,3.0,0.1,0.4,40.0,22,8875.0,0,0,299,1,299
268,1.0,5.0,1.0,1.0,1.0,3.0,0.1,0.4,40.0,23,8875.0,0,0,300,0,300
268,1.0,5.0,1.0,1.0,1.0,3.0,0.1,0.4,40.0,24,8895.0,0,0,292,0,292
268,1.0,5.0,1.0,1.0,1.0,3.0,0.1,0.4,40.0,25,8875.0,0,0,302,0,302
268,1.0,5.0,1.0,1.0,1.0,3.0,0.1,0.4,40.0,26,8860.0,0,0,303,0,303
268,1.0,5.0,1.0,1.0,1.0,3.0,0.1,0.4,40.0,27,8850.0,0,0,308,0,308
268,1.0,5.0,1.0,1.0,1.0,3.0,0.1,0.4,40.0,28,8875.0,0,0,296,0,296
268,1.0,5.0,1.0,1.0,1.0,3.0,0.1,0.4,40.0,29,8905.0,0,0,288,0,288
268,1.0,5.0,1.0,1.0,1.0,3.0,0.1,0.4,40.0,30,8875.0,0,0,304,0,304
268,1.0,5.0,1.0,1.0,1.0,3.0,0.1,0.4,40.0,31,8860.0,0,0,304,0,304
268,1.0,5.0,1.0,1.0,1.0,3.0,0.1,0.4,40.0,32,8875.0,0,0,298,0,298
268,1.0,5.0,1.0,1.0,1.0,3.0,0.1,0.4,40.0,33,8905.0,0,0,287,0,287
268,1.0,5.0,1.0,1.0,1.0,3.0,0.1,0.4,40.0,34,8885.0,0,0,301,0,301
268,1.0,5.0,1.0,1.0,1.0,3.0,0.1,0.4,40.0,35,8875.0,0,0,298,0,298
268,1.0,5.0,1.0,1.0,1.0,3.0,0.1,0.4,40.0,36,8875.0,0,0,301,0,301
268,1.0,5.0,1.0,1.0,1.0,3.0,0.1,0.4,40.0,37,8850.0,0,0,309,0,309
268,1.0,5.0,1.0,1.0,1.0,3.0,0.1,0.4,40.0,38,8850.0,0,0,305,0,305
268,1.0,5.0,1.0,1.0,1.0,3.0,0.1,0.4,40.0,39,8855.0,0,0,305,0,305
268,1.0,5.0,1.0,1.0,1.0,3.0,0.1,0.4,40.0,40,8865.0,0,0,300,0,300
268,1.0,5.0,1.0,1.0,1.0,3.0,0.1,0.4,40.0,41,8890.0,0,0,294,0,294
268,1.0,5.0,1.0,1.0,1.0,3.0,0.1,0.4,40.0,42,8895.0,0,0,293,0,293
268,1.0,5.0,1.0,1.0,1.0,3.0,0.1,0.4,40.0,43,8875.0,0,0,303,0,303
268,1.0,5.0,1.0,1.0,1.0,3.0,0.1,0.4,40.0,44,8880.0,0,0,296,0,296
268,1.0,5.0,1.0,1.0,1.0,3.0,0.1,0.4,40.0,45,8885.0,0,0,298,0,298
268,1.0,5.0,1.0,1.0,1.0,3.0,0.1,0.4,40.0,46,8890.0,0,0,293,0,293
268,1.0,5.0,1.0,1.0,1.0,3.0,0.1,0.4,40.0,47,8875.0,0,0,302,0,302
268,1.0,5.0,1.0,1.0,1.0,3.0,0.1,0.4,40.0,48,8840.0,0,0,311,0,311
268,1.0,5.0,1.0,1.0,1.0,3.0,0.1,0.4,40.0,49,8830.0,0,0,312,0,312
268,1.0,5.0,1.0,1.0,1.0,3.0,0.1,0.4,40.0,50,8815.0,0,0,318,0,318
268,1.0,5.0,1.0,1.0,1.0,3.0,0.1,0.4,40.0,51,8860.0,0,0,297,0,297
268,1.0,5.0,1.0,1.0,1.0,3.0,0.1,0.4,40.0,52,8875.0,0,0,301,0,301
268,1.0,5.0,1.0,1.0,1.0,3.0,0.1,0.4,40.0,53,8850.0,0,0,309,0,309
268,1.0,5.0,1.0,1.0,1.0,3.0,0.1,0.4,40.0,54,8865.0,0,0,299,0,299
268,1.0,5.0,1.0,1.0,1.0,3.0,0.1,0.4,40.0,55,8890.0,0,0,294,0,294
268,1.0,5.0,1.0,1.0,1.0,3.0,0.1,0.4,40.0,56,8880.0,0,0,299,0,299
268,1.0,5.0,1.0,1.0,1.0,3.0,0.1,0.4,40.0,57,8895.0,0,0,292,0,292
268,1.0,5.0,1.0,1.0,1.0,3.0,0.1,0.4,40.0,58,8905.0,0,0,290,0,290
268,1.0,5.0,1.0,1.0,1.0,3.0,0.1,0.4,40.0,59,8900.0,0,0,295,0,295
268,1.0,5.0,1.0,1.0,1.0,3.0,0.1,0.4,40.0,60,8870.0,0,0,304,0,304
268,1.0,5.0,1.0,1.0,1.0,3.0,0.1,0.4,40.0,61,8875.0,0,0,298,0,298
268,1.0,5.0,1.0,1.0,1.0,3.0,0.1,0.4,40.0,62,8865.0,0,0,303,0,303
268,1.0,5.0,1.0,1.0,1.0,3.0,0.1,0.4,40.0,63,8880.0,0,0,296,0,296
268,1.0,5.0,1.0,1.0,1.0,3.0,0.1,0.4,40.0,64,8885.0,0,0,298,0,298
268,1.0,5.0,1.0,1.0,1.0,3.0,0.1,0.4,40.0,65,8885.0,0,0,297,0,297
268,1.0,5.0,1.0,1.0,1.0,3.0,0.1,0.4,40.0,66,8885.0,0,0,297,0,297
268,1.0,5.0,1.0,1.0,1.0,3.0,0.1,0.4,40.0,67,8875.0,0,0,301,0,301
268,1.0,5.0,1.0,1.0,1.0,3.0,0.1,0.4,40.0,68,8855.0,0,0,307,0,307
268,1.0,5.0,1.0,1.0,1.0,3.0,0.1,0.4,40.0,69,8855.0,0,0,303,0,303
268,1.0,5.0,1.0,1.0,1.0,3.0,0.1,0.4,40.0,70,8880.0,0,0,296,0,296
268,1.0,5.0,1.0,1.0,1.0,3.0,0.1,0.4,40.0,71,8900.0,0,0,292,0,292
268,1.0,5.0,1.0,1.0,1.0,3.0,0.1,0.4,40.0,72,8885.0,0,0,300,0,300
268,1.0,5.0,1.0,1.0,1.0,3.0,0.1,0.4,40.0,73,8850.0,0,0,310,0,310
268,1.0,5.0,1.0,1.0,1.0,3.0,0.1,0.4,40.0,74,8865.0,0,0,299,0,299
268,1.0,5.0,1.0,1.0,1.0,3.0,0.1,0.4,40.0,75,8885.0,0,0,295,0,295
268,1.0,5.0,1.0,1.0,1.0,3.0,0.1,0.4,40.0,76,8880.0,0,0,299,0,299
268,1.0,5.0,1.0,1.0,1.0,3.0,0.1,0.4,40.0,77,8890.0,0,0,294,0,294
268,1.0,5.0,1.0,1.0,1.0,3.0,0.1,0.4,40.0,78,8870.0,0,0,305,0,305
268,1.0,5.0,1.0,1.0,1.0,3.0,0.1,0.4,40.0,79,8835.0,0,0,312,0,312
268,1.0,5.0,1.0,1.0,1.0,3.0,0.1,0.4,40.0,80,8865.0,0,0,298,0,298
268,1.0,5.0,1.0,1.0,1.0,3.0,0.1,0.4,40.0,81,8890.0,0,0,295,0,295
268,1.0,5.0,1.0,1.0,1.0,3.0,0.1,0.4,40.0,82,8885.0,0,0,298,0,298
268,1.0,5.0,1.0,1.0,1.0,3.0,0.1,0.4,40.0,83,8890.0,0,0,295,0,295
268,1.0,5.0,1.0,1.0,1.0,3.0,0.1,0.4,40.0,84,8895.0,0,0,294,0,294
268,1.0,5.0,1.0,1.0,1.0,3.0,0.1,0.4,40.0,85,8910.0,0,0,289,0,289
268,1.0,5.0,1.0,1.0,1.0,3.0,0.1,0.4,40.0,86,8910.0,0,0,291,0,291
268,1.0,5.0,1.0,1.0,1.0,3.0,0.1,0.4,40.0,87,8930.0,0,0,282,0,282
268,1.0,5.0,1.0,1.0,1.0,3.0,0.1,0.4,40.0,88,8910.0,0,0,295,0,295
268,1.0,5.0,1.0,1.0,1.0,3.0,0.1,0.4,40.0,89,8925.0,0,0,282,0,282
268,1.0,5.0,1.0,1.0,1.0,3.0,0.1,0.4,40.0,90,8895.0,0,0,299,0,299
268,1.0,5.0,1.0,1.0,1.0,3.0,0.1,0.4,40.0,91,8870.0,0,0,302,0,302
268,1.0,5.0,1.0,1.0,1.0,3.0,0.1,0.4,40.0,92,8840.0,0,0,313,0,313
268,1.0,5.0,1.0,1.0,1.0,3.0,0.1,0.4,40.0,93,8895.0,0,0,285,0,285
268,1.0,5.0,1.0,1.0,1.0,3.0,0.1,0.4,40.0,94,8905.0,0,0,295,0,295
268,1.0,5.0,1.0,1.0,1.0,3.0,0.1,0.4,40.0,95,8895.0,0,0,294,0,294
268,1.0,5.0,1.0,1.0,1.0,3.0,0.1,0.4,40.0,96,8885.0,0,0,299,0,299
268,1.0,5.0,1.0,1.0,1.0,3.0,0.1,0.4,40.0,97,8890.0,0,0,293,0,293
268,1.0,5.0,1.0,1.0,1.0,3.0,0.1,0.4,40.0,98,8890.0,0,0,296,0,296
268,1.0,5.0,1.0,1.0,1.0,3.0,0.1,0.4,40.0,99,8870.0,0,0,302,0,302
268,1.0,5.0,1.0,1.0,1.0,3.0,0.1,0.4,40.0,100,8865.0,0,0,303,0,303
268,1.0,5.0,1.0,1.0,1.0,3.0,0.1,0.4,40.0,101,8875.0,0,0,297,0,297
268,1.0,5.0,1.0,1.0,1.0,3.0,0.1,0.4,40.0,102,8860.0,0,0,307,0,307
268,1.0,5.0,1.0,1.0,1.0,3.0,0.1,0.4,40.0,103,8860.0,0,0,302,0,302
268,1.0,5.0,1.0,1.0,1.0,3.0,0.1,0.4,40.0,104,8860.0,0,0,305,0,305
268,1.0,5.0,1.0,1.0,1.0,3.0,0.1,0.4,40.0,105,8860.0,0,0,303,0,303
268,1.0,5.0,1.0,1.0,1.0,3.0,0.1,0.4,40.0,106,8875.0,0,0,298,0,298
268,1.0,5.0,1.0,1.0,1.0,3.0,0.1,0.4,40.0,107,8885.0,0,0,297,0,297
268,1.0,5.0,1.0,1.0,1.0,3.0,0.1,0.4,40.0,108,8880.0,0,0,299,0,299
268,1.0,5.0,1.0,1.0,1.0,3.0,0.1,0.4,40.0,109,8870.0,0,0,302,0,302
268,1.0,5.0,1.0,1.0,1.0,3.0,0.1,0.4,40.0,110,8860.0,0,0,303,0,303
268,1.0,5.0,1.0,1.0,1.0,3.0,0.1,0.4,40.0,111,8865.0,0,0,302,0,302
268,1.0,5.0,1.0,1.0,1.0,3.0,0.1,0.4,40.0,112,8875.0,0,0,299,0,299
268,1.0,5.0,1.0,1.0,1.0,3.0,0.1,0.4,40.0,113,8885.0,0,0,296,0,296
268,1.0,5.0,1.0,1.0,1.0,3.0,0.1,0.4,40.0,114,8880.0,0,0,300,0,300
268,1.0,5.0,1.0,1.0,1.0,3.0,0.1,0.4,40.0,115,8910.0,0,0,286,0,286
268,1.0,5.0,1.0,1.0,1.0,3.0,0.1,0.4,40.0,116,8895.0,0,0,299,0,299
268,1.0,5.0,1.0,1.0,1.0,3.0,0.1,0.4,40.0,117,8900.0,0,0,290,0,290
268,1.0,5.0,1.0,1.0,1.0,3.0,0.1,0.4,40.0,118,8895.0,0,0,295,0,295
268,1.0,5.0,1.0,1.0,1.0,3.0,0.1,0.4,40.0,119,8865.0,0,0,306,0,306
268,1.0,5.0,1.0,1.0,1.0,3.0,0.1,0.4,40.0,120,8860.0,0,0,303,0,303
268,1.0,5.0,1.0,1.0,1.0,3.0,0.1,0.4,40.0,121,8860.0,0,0,304,0,304
268,1.0,5.0,1.0,1.0,1.0,3.0,0.1,0.4,40.0,122,8890.0,0,0,292,0,292
268,1.0,5.0,1.0,1.0,1.0,3.0,0.1,0.4,40.0,123,8885.0,0,0,298,0,298
268,1.0,5.0,1.0,1.0,1.0,3.0,0.1,0.4,40.0,124,8865.0,0,0,305,0,305
268,1.0,5.0,1.0,1.0,1.0,3.0,0.1,0.4,40.0,125,8835.0,0,0,312,0,312
268,1.0,5.0,1.0,1.0,1.0,3.0,0.1,0.4,40.0,126,8860.0,0,0,300,0,300
268,1.0,5.0,1.0,1.0,1.0,3.0,0.1,0.4,40.0,127,8865.0,0,0,304,0,304
268,1.0,5.0,1.0,1.0,1.0,3.0,0.1,0.4,40.0,128,8855.0,0,0,306,0,306
268,1.0,5.0,1.0,1.0,1.0,3.0,0.1,0.4,40.0,129,8880.0,0,0,295,0,295
268,1.0,5.0,1.0,1.0,1.0,3.0,0.1,0.4,40.0,130,8875.0,0,0,302,0,302
268,1.0,5.0,1.0,1.0,1.0,3.0,0.1,0.4,40.0,131,8895.0,0,0,291,0,291
268,1.0,5.0,1.0,1.0,1.0,3.0,0.1,0.4,40.0,132,8910.0,0,0,290,0,290
268,1.0,5.0,1.0,1.0,1.0,3.0,0.1,0.4,40.0,133,8895.0,0,0,297,0,297
268,1.0,5.0,1.0,1.0,1.0,3.0,0.1,0.4,40.0,134,8885.0,0,0,297,0,297
268,1.0,5.0,1.0,1.0,1.0,3.0,0.1,0.4,40.0,135,8865.0,0,0,305,0,305
268,1.0,5.0,1.0,1.0,1.0,3.0,0.1,0.4,40.0,136,8855.0,0,0,304,0,304
268,1.0,5.0,1.0,1.0,1.0,3.0,0.1,0.4,40.0,137,8875.0,0,0,296,0,296
268,1.0,5.0,1.0,1.0,1.0,3.0,0.1,0.4,40.0,138,8900.0,0,0,292,0,292
268,1.0,5.0,1.0,1.0,1.0,3.0,0.1,0.4,40.0,139,8870.0,0,0,306,0,306
268,1.0,5.0,1.0,1.0,1.0,3.0,0.1,0.4,40.0,140,8875.0,0,0,297,0,297
268,1.0,5.0,1.0,1.0,1.0,3.0,0.1,0.4,40.0,141,8895.0,0,0,293,0,293
268,1.0,5.0,1.0,1.0,1.0,3.0,0.1,0.4,40.0,142,8905.0,0,0,291,0,291
268,1.0,5.0,1.0,1.0,1.0,3.0,0.1,0.4,40.0,143,8920.0,0,0,286,0,286
268,1.0,5.0,1.0,1.0,1.0,3.0,0.1,0.4,40.0,144,8910.0,0,0,293,0,293
268,1.0,5.0,1.0,1.0,1.0,3.0,0.1,0.4,40.0,145,8885.0,0,0,299,0,299
268,1.0,5.0,1.0,1.0,1.0,3.0,0.1,0.4,40.0,146,8880.0,0,0,297,0,297
268,1.0,5.0,1.0,1.0,1.0,3.0,0.1,0.4,40.0,147,8890.0,0,0,295,0,295
268,1.0,5.0,1.0,1.0,1.0,3.0,0.1,0.4,40.0,148,8860.0,0,0,308,0,308
268,1.0,5.0,1.0,1.0,1.0,3.0,0.1,0.4,40.0,149,8845.0,0,0,306,0,306
268,1.0,5.0,1.0,1.0,1.0,3.0,0.1,0.4,40.0,150,8840.0,0,0,311,0,311
268,1.0,5.0,1.0,1.0,1.0,3.0,0.1,0.4,40.0,151,8845.0,0,0,306,0,306
268,1.0,5.0,1.0,1.0,1.0,3.0,0.1,0.4,40.0,152,8855.0,0,0,305,0,305
268,1.0,5.0,1.0,1.0,1.0,3.0,0.1,0.4,40.0,153,8865.0,0,0,300,0,300
268,1.0,5.0,1.0,1.0,1.0,3.0,0.1,0.4,40.0,154,8895.0,0,0,292,0,292
268,1.0,5.0,1.0,1.0,1.0,3.0,0.1,0.4,40.0,155,8865.0,0,0,306,0,306
268,1.0,5.0,1.0,1.0,1.0,3.0,0.1,0.4,40.0,156,8860.0,0,0,301,0,301
268,1.0,5.0,1.0,1.0,1.0,3.0,0.1,0.4,40.0,157,8870.0,0,0,301,0,301
268,1.0,5.0,1.0,1.0,1.0,3.0,0.1,0.4,40.0,158,8900.0,0,0,289,0,289
268,1.0,5.0,1.0,1.0,1.0,3.0,0.1,0.4,40.0,159,8925.0,0,0,285,0,285
268,1.0,5.0,1.0,1.0,1.0,3.0,0.1,0.4,40.0,160,8900.0,0,0,297,0,297
268,1.0,5.0,1.0,1.0,1.0,3.0,0.1,0.4,40.0,161,8855.0,0,0,309,0,309
268,1.0,5.0,1.0,1.0,1.0,3.0,0.1,0.4,40.0,162,8875.0,0,0,295,0,295
268,1.0,5.0,1.0,1.0,1.0,3.0,0.1,0.4,40.0,163,8885.0,0,0,297,0,297
268,1.0,5.0,1.0,1.0,1.0,3.0,0.1,0.4,40.0,164,8870.0,0,0,302,0,302
268,1.0,5.0,1.0,1.0,1.0,3.0,0.1,0.4,40.0,165,8855.0,0,0,307,0,307
268,1.0,5.0,1.0,1.0,1.0,3.0,0.1,0.4,40.0,166,8865.0,0,0,300,0,300
268,1.0,5.0,1.0,1.0,1.0,3.0,0.1,0.4,40.0,167,8890.0,0,0,294,0,294
268,1.0,5.0,1.0,1.0,1.0,3.0,0.1,0.4,40.0,168,8900.0,0,0,293,0,293
268,1.0,5.0,1.0,1.0,1.0,3.0,0.1,0.4,40.0,169,8885.0,0,0,299,0,299
268,1.0,5.0,1.0,1.0,1.0,3.0,0.1,0.4,40.0,170,8865.0,0,0,303,0,303
268,1.0,5.0,1.0,1.0,1.0,3.0,0.1,0.4,40.0,171,8850.0,0,0,308,0,308
268,1.0,5.0,1.0,1.0,1.0,3.0,0.1,0.4,40.0,172,8875.0,0,0,296,0,296
268,1.0,5.0,1.0,1.0,1.0,3.0,0.1,0.4,40.0,173,8890.0,0,0,296,0,296
268,1.0,5.0,1.0,1.0,1.0,3.0,0.1,0.4,40.0,174,8865.0,0,0,306,0,306
268,1.0,5.0,1.0,1.0,1.0,3.0,0.1,0.4,40.0,175,8840.0,0,0,311,0,311
268,1.0,5.0,1.0,1.0,1.0,3.0,0.1,0.4,40.0,176,8875.0,0,0,294,0,294
268,1.0,5.0,1.0,1.0,1.0,3.0,0.1,0.4,40.0,177,8900.0,0,0,293,0,293
268,1.0,5.0,1.0,1.0,1.0,3.0,0.1,0.4,40.0,178,8890.0,0,0,297,0,297
268,1.0,5.0,1.0,1.0,1.0,3.0,0.1,0.4,40.0,179,8880.0,0,0,298,0,298
268,1.0,5.0,1.0,1.0,1.0,3.0,0.1,0.4,40.0,180,8875.0,0,0,301,0,301
268,1.0,5.0,1.0,1.0,1.0,3.0,0.1,0.4,40.0,181,8845.0,0,0,310,0,310
268,1.0,5.0,1.0,1.0,1.0,3.0,0.1,0.4,40.0,182,8850.0,0,0,305,0,305
268,1.0,5.0,1.0,1.0,1.0,3.0,0.1,0.4,40.0,183,8870.0,0,0,299,0,299
268,1.0,5.0,1.0,1.0,1.0,3.0,0.1,0.4,40.0,184,8840.0,0,0,314,0,314
268,1.0,5.0,1.0,1.0,1.0,3.0,0.1,0.4,40.0,185,8860.0,0,0,299,0,299
268,1.0,5.0,1.0,1.0,1.0,3.0,0.1,0.4,40.0,186,8875.0,0,0,299,0,299
268,1.0,5.0,1.0,1.0,1.0,3.0,0.1,0.4,40.0,187,8885.0,0,0,296,0,296
268,1.0,5.0,1.0,1.0,1.0,3.0,0.1,0.4,40.0,188,8870.0,0,0,304,0,304
268,1.0,5.0,1.0,1.0,1.0,3.0,0.1,0.4,40.0,189,8880.0,0,0,294,0,294
268,1.0,5.0,1.0,1.0,1.0,3.0,0.1,0.4,40.0,190,8860.0,0,0,309,0,309
268,1.0,5.0,1.0,1.0,1.0,3.0,0.1,0.4,40.0,191,8875.0,0,0,295,0,295
268,1.0,5.0,1.0,1.0,1.0,3.0,0.1,0.4,40.0,192,8870.0,0,0,304,0,304
268,1.0,5.0,1.0,1.0,1.0,3.0,0.1,0.4,40.0,193,8855.0,0,0,306,0,306
268,1.0,5.0,1.0,1.0,1.0,3.0,0.1,0.4,40.0,194,8850.0,0,0,305,0,305
268,1.0,5.0,1.0,1.0,1.0,3.0,0.1,0.4,40.0,195,8875.0,0,0,297,0,297
268,1.0,5.0,1.0,1.0,1.0,3.0,0.1,0.4,40.0,196,8890.0,0,0,295,0,295
268,1.0,5.0,1.0,1.0,1.0,3.0,0.1,0.4,40.0,197,8865.0,0,0,306,0,306
268,1.0,5.0,1.0,1.0,1.0,3.0,0.1,0.4,40.0,198,8905.0,0,0,285,0,285
268,1.0,5.0,1.0,1.0,1.0,3.0,0.1,0.4,40.0,199,8915.0,0,0,290,0,290
268,1.0,5.0,1.0,1.0,1.0,3.0,0.1,0.4,40.0,200,8895.0,0,0,295,0,295
268,1.0,5.0,1.0,1.0,1.0,3.0,0.1,0.4,40.0,201,8870.0,0,0,304,0,304
268,1.0,5.0,1.0,1.0,1.0,3.0,0.1,0.4,40.0,202,8855.0,0,0,304,0,304
268,1.0,5.0,1.0,1.0,1.0,3.0,0.1,0.4,40.0,203,8870.0,0,0,300,0,300
268,1.0,5.0,1.0,1.0,1.0,3.0,0.1,0.4,40.0,204,8875.0,0,0,298,0,298
268,1.0,5.0,1.0,1.0,1.0,3.0,0.1,0.4,40.0,205,8875.0,0,0,301,0,301
268,1.0,5.0,1.0,1.0,1.0,3.0,0.1,0.4,40.0,206,8895.0,0,0,291,0,291
268,1.0,5.0,1.0,1.0,1.0,3.0,0.1,0.4,40.0,207,8885.0,0,0,300,0,300
268,1.0,5.0,1.0,1.0,1.0,3.0,0.1,0.4,40.0,208,8875.0,0,0,300,0,300
268,1.0,5.0,1.0,1.0,1.0,3.0,0.1,0.4,40.0,209,8905.0,0,0,288,0,288
268,1.0,5.0,1.0,1.0,1.0,3.0,0.1,0.4,40.0,210,8910.0,0,0,292,0,292
268,1.0,5.0,1.0,1.0,1.0,3.0,0.1,0.4,40.0,211,8900.0,0,0,294,0,294
268,1.0,5.0,1.0,1.0,1.0,3.0,0.1,0.4,40.0,212,8885.0,0,0,297,0,297
268,1.0,5.0,1.0,1.0,1.0,3.0,0.1,0.4,40.0,213,8875.0,0,0,301,0,301
268,1.0,5.0,1.0,1.0,1.0,3.0,0.1,0.4,40.0,214,8900.0,0,0,289,0,289
268,1.0,5.0,1.0,1.0,1.0,3.0,0.1,0.4,40.0,215,8890.0,0,0,299,0,299
268,1.0,5.0,1.0,1.0,1.0,3.0,0.1,0.4,40.0,216,8870.0,0,0,301,0,301
268,1.0,5.0,1.0,1.0,1.0,3.0,0.1,0.4,40.0,217,8875.0,0,0,299,0,299
268,1.0,5.0,1.0,1.0,1.0,3.0,0.1,0.4,40.0,218,8890.0,0,0,294,0,294
268,1.0,5.0,1.0,1.0,1.0,3.0,0.1,0.4,40.0,219,8895.0,0,0,295,0,295
268,1.0,5.0,1.0,1.0,1.0,3.0,0.1,0.4,40.0,220,8895.0,0,0,294,0,294
268,1.0,5.0,1.0,1.0,1.0,3.0,0.1,0.4,40.0,221,8890.0,0,0,297,0,297
268,1.0,5.0,1.0,1.0,1.0,3.0,0.1,0.4,40.0,222,8880.0,0,0,298,0,298
268,1.0,5.0,1.0,1.0,1.0,3.0,0.1,0.4,40.0,223,8875.0,0,0,299,0,299
268,1.0,5.0,1.0,1.0,1.0,3.0,0.1,0.4,40.0,224,8905.0,0,0,288,0,288
268,1.0,5.0,1.0,1.0,1.0,3.0,0.1,0.4,40.0,225,8910.0,0,0,292,0,292
268,1.0,5.0,1.0,1.0,1.0,3.0,0.1,0.4,40.0,226,8890.0,0,0,298,0,298
268,1.0,5.0,1.0,1.0,1.0,3.0,0.1,0.4,40.0,227,8885.0,0,0,297,0,297
268,1.0,5.0,1.0,1.0,1.0,3.0,0.1,0.4,40.0,228,8855.0,0,0,309,0,309
268,1.0,5.0,1.0,1.0,1.0,3.0,0.1,0.4,40.0,229,8870.0,0,0,296,0,296
268,1.0,5.0,1.0,1.0,1.0,3.0,0.1,0.4,40.0,230,8850.0,0,0,312,0,312
268,1.0,5.0,1.0,1.0,1.0,3.0,0.1,0.4,40.0,231,8855.0,0,0,302,0,302
268,1.0,5.0,1.0,1.0,1.0,3.0,0.1,0.4,40.0,232,8900.0,0,0,289,0,289
268,1.0,5.0,1.0,1.0,1.0,3.0,0.1,0.4,40.0,233,8915.0,0,0,289,0,289
268,1.0,5.0,1.0,1.0,1.0,3.0,0.1,0.4,40.0,234,8880.0,0,0,303,0,303
268,1.0,5.0,1.0,1.0,1.0,3.0,0.1,0.4,40.0,235,8865.0,0,0,302,0,302
268,1.0,5.0,1.0,1.0,1.0,3.0,0.1,0.4,40.0,236,8855.0,0,0,307,0,307
268,1.0,5.0,1.0,1.0,1.0,3.0,0.1,0.4,40.0,237,8835.0,0,0,312,0,312
268,1.0,5.0,1.0,1.0,1.0,3.0,0.1,0.4,40.0,238,8865.0,0,0,298,0,298
268,1.0,5.0,1.0,1.0,1.0,3.0,0.1,0.4,40.0,239,8865.0,0,0,305,0,305
268,1.0,5.0,1.0,1.0,1.0,3.0,0.1,0.4,40.0,240,8870.0,0,0,299,0,299
268,1.0,5.0,1.0,1.0,1.0,3.0,0.1,0.4,40.0,241,8880.0,0,0,298,0,298
268,1.0,5.0,1.0,1.0,1.0,3.0,0.1,0.4,40.0,242,8870.0,0,0,301,0,301
268,1.0,5.0,1.0,1.0,1.0,3.0,0.1,0.4,40.0,243,8890.0,0,0,293,0,293
268,1.0,5.0,1.0,1.0,1.0,3.0,0.1,0.4,40.0,244,8875.0,0,0,303,0,303
268,1.0,5.0,1.0,1.0,1.0,3.0,0.1,0.4,40.0,245,8875.0,0,0,297,0,297
268,1.0,5.0,1.0,1.0,1.0,3.0,0.1,0.4,40.0,246,8920.0,0,0,283,0,283
268,1.0,5.0,1.0,1.0,1.0,3.0,0.1,0.4,40.0,247,8905.0,0,0,296,0,296
268,1.0,5.0,1.0,1.0,1.0,3.0,0.1,0.4,40.0,248,8895.0,0,0,292,0,292
268,1.0,5.0,1.0,1.0,1.0,3.0,0.1,0.4,40.0,249,8900.0,0,0,294,0,294
268,1.0,5.0,1.0,1.0,1.0,3.0,0.1,0.4,40.0,250,8885.0,0,0,299,0,299
268,1.0,5.0,1.0,1.0,1.0,3.0,0.1,0.4,40.0,251,8890.0,0,0,293,0,293
268,1.0,5.0,1.0,1.0,1.0,3.0,0.1,0.4,40.0,252,8860.0,0,0,308,0,308
268,1.0,5.0,1.0,1.0,1.0,3.0,0.1,0.4,40.0,253,8850.0,0,0,306,0,306
268,1.0,5.0,1.0,1.0,1.0,3.0,0.1,0.4,40.0,254,8865.0,0,0,301,0,301
268,1.0,5.0,1.0,1.0,1.0,3.0,0.1,0.4,40.0,255,8895.0,0,0,291,0,291
268,1.0,5.0,1.0,1.0,1.0,3.0,0.1,0.4,40.0,256,8895.0,0,0,296,0,296
268,1.0,5.0,1.0,1.0,1.0,3.0,0.1,0.4,40.0,257,8890.0,0,0,296,0,296
268,1.0,5.0,1.0,1.0,1.0,3.0,0.1,0.4,40.0,258,8870.0,0,0,304,0,304
268,1.0,5.0,1.0,1.0,1.0,3.0,0.1,0.4,40.0,259,8850.0,0,0,306,0,306
268,1.0,5.0,1.0,1.0,1.0,3.0,0.1,0.4,40.0,260,8860.0,0,0,303,0,303
268,1.0,5.0,1.0,1.0,1.0,3.0,0.1,0.4,40.0,261,8860.0,0,0,304,0,304
268,1.0,5.0,1.0,1.0,1.0,3.0,0.1,0.4,40.0,262,8885.0,0,0,292,0,292
268,1.0,5.0,1.0,1.0,1.0,3.0,0.1,0.4,40.0,263,8890.0,0,0,298,0,298
268,1.0,5.0,1.0,1.0,1.0,3.0,0.1,0.4,40.0,264,8890.0,0,0,295,0,295
268,1.0,5.0,1.0,1.0,1.0,3.0,0.1,0.4,40.0,265,8880.0,0,0,300,0,300
268,1.0,5.0,1.0,1.0,1.0,3.0,0.1,0.4,40.0,266,8880.0,0,0,298,0,298
268,1.0,5.0,1.0,1.0,1.0,3.0,0.1,0.4,40.0,267,8870.0,0,0,303,0,303
268,1.0,5.0,1.0,1.0,1.0,3.0,0.1,0.4,40.0,268,8890.0,0,0,292,0,292
268,1.0,5.0,1.0,1.0,1.0,3.0,0.1,0.4,40.0,269,8855.0,0,0,312,0,312
268,1.0,5.0,1.0,1.0,1.0,3.0,0.1,0.4,40.0,270,8855.0,0,0,302,0,302
268,1.0,5.0,1.0,1.0,1.0,3.0,0.1,0.4,40.0,271,8855.0,0,0,305,0,305
268,1.0,5.0,1.0,1.0,1.0,3.0,0.1,0.4,40.0,272,8855.0,0,0,305,0,305
268,1.0,5.0,1.0,1.0,1.0,3.0,0.1,0.4,40.0,273,8865.0,0,0,300,0,300
268,1.0,5.0,1.0,1.0,1.0,3.0,0.1,0.4,40.0,274,8850.0,0,0,310,0,310
268,1.0,5.0,1.0,1.0,1.0,3.0,0.1,0.4,40.0,275,8890.0,0,0,287,0,287
268,1.0,5.0,1.0,1.0,1.0,3.0,0.1,0.4,40.0,276,8895.0,0,0,298,0,298
268,1.0,5.0,1.0,1.0,1.0,3.0,0.1,0.4,40.0,277,8875.0,0,0,299,0,299
268,1.0,5.0,1.0,1.0,1.0,3.0,0.1,0.4,40.0,278,8885.0,0,0,296,0,296
268,1.0,5.0,1.0,1.0,1.0,3.0,0.1,0.4,40.0,279,8880.0,0,0,298,0,298
268,1.0,5.0,1.0,1.0,1.0,3.0,0.1,0.4,40.0,280,8860.0,0,0,305,0,305
268,1.0,5.0,1.0,1.0,1.0,3.0,0.1,0.4,40.0,281,8870.0,0,0,298,0,298
268,1.0,5.0,1.0,1.0,1.0,3.0,0.1,0.4,40.0,282,8880.0,0,0,297,0,297
268,1.0,5.0,1.0,1.0,1.0,3.0,0.1,0.4,40.0,283,8895.0,0,0,293,0,293
268,1.0,5.0,1.0,1.0,1.0,3.0,0.1,0.4,40.0,284,8870.0,0,0,305,0,305
268,1.0,5.0,1.0,1.0,1.0,3.0,0.1,0.4,40.0,285,8905.0,0,0,285,0,285
268,1.0,5.0,1.0,1.0,1.0,3.0,0.1,0.4,40.0,286,8915.0,0,0,291,0,291
268,1.0,5.0,1.0,1.0,1.0,3.0,0.1,0.4,40.0,287,8895.0,0,0,295,0,295
268,1.0,5.0,1.0,1.0,1.0,3.0,0.1,0.4,40.0,288,8870.0,0,0,304,0,304
268,1.0,5.0,1.0,1.0,1.0,3.0,0.1,0.4,40.0,289,8885.0,0,0,294,0,294
268,1.0,5.0,1.0,1.0,1.0,3.0,0.1,0.4,40.0,290,8910.0,0,0,289,0,289
268,1.0,5.0,1.0,1.0,1.0,3.0,0.1,0.4,40.0,291,8895.0,0,0,297,0,297
268,1.0,5.0,1.0,1.0,1.0,3.0,0.1,0.4,40.0,292,8880.0,0,0,299,0,299
268,1.0,5.0,1.0,1.0,1.0,3.0,0.1,0.4,40.0,293,8865.0,0,0,304,0,304
268,1.0,5.0,1.0,1.0,1.0,3.0,0.1,0.4,40.0,294,8870.0,0,0,300,0,300
268,1.0,5.0,1.0,1.0,1.0,3.0,0.1,0.4,40.0,295,8900.0,0,0,290,0,290
268,1.0,5.0,1.0,1.0,1.0,3.0,0.1,0.4,40.0,296,8870.0,0,0,305,0,305
268,1.0,5.0,1.0,1.0,1.0,3.0,0.1,0.4,40.0,297,8855.0,0,0,305,0,305
268,1.0,5.0,1.0,1.0,1.0,3.0,0.1,0.4,40.0,298,8855.0,0,0,305,0,305
268,1.0,5.0,1.0,1.0,1.0,3.0,0.1,0.4,40.0,299,8870.0,0,0,298,0,298
268,1.0,5.0,1.0,1.0,1.0,3.0,0.1,0.4,40.0,300,8890.0,0,0,295,0,295
268,1.0,5.0,1.0,1.0,1.0,3.0,0.1,0.4,40.0,301,8885.0,0,0,298,0,298
268,1.0,5.0,1.0,1.0,1.0,3.0,0.1,0.4,40.0,302,8895.0,0,0,293,0,293
268,1.0,5.0,1.0,1.0,1.0,3.0,0.1,0.4,40.0,303,8865.0,0,0,306,0,306
268,1.0,5.0,1.0,1.0,1.0,3.0,0.1,0.4,40.0,304,8850.0,0,0,307,0,307
268,1.0,5.0,1.0,1.0,1.0,3.0,0.1,0.4,40.0,305,8880.0,0,0,294,0,294
268,1.0,5.0,1.0,1.0,1.0,3.0,0.1,0.4,40.0,306,8885.0,0,0,297,0,297
268,1.0,5.0,1.0,1.0,1.0,3.0,0.1,0.4,40.0,307,8885.0,0,0,297,0,297
268,1.0,5.0,1.0,1.0,1.0,3.0,0.1,0.4,40.0,308,8880.0,0,0,298,0,298
268,1.0,5.0,1.0,1.0,1.0,3.0,0.1,0.4,40.0,309,8875.0,0,0,299,0,299
268,1.0,5.0,1.0,1.0,1.0,3.0,0.1,0.4,40.0,310,8875.0,0,0,300,0,300
268,1.0,5.0,1.0,1.0,1.0,3.0,0.1,0.4,40.0,311,8865.0,0,0,304,0,304
268,1.0,5.0,1.0,1.0,1.0,3.0,0.1,0.4,40.0,312,8870.0,0,0,298,0,298
268,1.0,5.0,1.0,1.0,1.0,3.0,0.1,0.4,40.0,313,8895.0,0,0,293,0,293
268,1.0,5.0,1.0,1.0,1.0,3.0,0.1,0.4,40.0,314,8920.0,0,0,285,0,285
268,1.0,5.0,1.0,1.0,1.0,3.0,0.1,0.4,40.0,315,8855.0,0,0,315,0,315
268,1.0,5.0,1.0,1.0,1.0,3.0,0.1,0.4,40.0,316,8835.0,0,0,308,0,308
268,1.0,5.0,1.0,1.0,1.0,3.0,0.1,0.4,40.0,317,8890.0,0,0,288,0,288
268,1.0,5.0,1.0,1.0,1.0,3.0,0.1,0.4,40.0,318,8910.0,0,0,292,0,292
268,1.0,5.0,1.0,1.0,1.0,3.0,0.1,0.4,40.0,319,8900.0,0,0,292,0,292
268,1.0,5.0,1.0,1.0,1.0,3.0,0.1,0.4,40.0,320,8885.0,0,0,300,0,300
268,1.0,5.0,1.0,1.0,1.0,3.0,0.1,0.4,40.0,321,8855.0,0,0,308,0,308
268,1.0,5.0,1.0,1.0,1.0,3.0,0.1,0.4,40.0,322,8860.0,0,0,302,0,302
268,1.0,5.0,1.0,1.0,1.0,3.0,0.1,0.4,40.0,323,8870.0,0,0,299,0,299
268,1.0,5.0,1.0,1.0,1.0,3.0,0.1,0.4,40.0,324,8890.0,0,0,294,0,294
268,1.0,5.0,1.0,1.0,1.0,3.0,0.1,0.4,40.0,325,8865.0,0,0,305,0,305
268,1.0,5.0,1.0,1.0,1.0,3.0,0.1,0.4,40.0,326,8860.0,0,0,303,0,303
268,1.0,5.0,1.0,1.0,1.0,3.0,0.1,0.4,40.0,327,8880.0,0,0,296,0,296
268,1.0,5.0,1.0,1.0,1.0,3.0,0.1,0.4,40.0,328,8915.0,0,0,286,0,286
268,1.0,5.0,1.0,1.0,1.0,3.0,0.1,0.4,40.0,329,8870.0,0,0,309,0,309
268,1.0,5.0,1.0,1.0,1.0,3.0,0.1,0.4,40.0,330,8835.0,0,0,310,0,310
268,1.0,5.0,1.0,1.0,1.0,3.0,0.1,0.4,40.0,331,8855.0,0,0,303,0,303
268,1.0,5.0,1.0,1.0,1.0,3.0,0.1,0.4,40.0,332,8860.0,0,0,303,0,303
268,1.0,5.0,1.0,1.0,1.0,3.0,0.1,0.4,40.0,333,8890.0,0,0,292,0,292
268,1.0,5.0,1.0,1.0,1.0,3.0,0.1,0.4,40.0,334,8895.0,0,0,296,0,296
268,1.0,5.0,1.0,1.0,1.0,3.0,0.1,0.4,40.0,335,8860.0,0,0,308,0,308
268,1.0,5.0,1.0,1.0,1.0,3.0,0.1,0.4,40.0,336,8855.0,0,0,302,0,302
268,1.0,5.0,1.0,1.0,1.0,3.0,0.1,0.4,40.0,337,8855.0,0,0,305,0,305
268,1.0,5.0,1.0,1.0,1.0,3.0,0.1,0.4,40.0,338,8870.0,0,0,299,0,299
268,1.0,5.0,1.0,1.0,1.0,3.0,0.1,0.4,40.0,339,8870.0,0,0,302,0,302
268,1.0,5.0,1.0,1.0,1.0,3.0,0.1,0.4,40.0,340,8895.0,0,0,291,0,291
268,1.0,5.0,1.0,1.0,1.0,3.0,0.1,0.4,40.0,341,8905.0,0,0,292,0,292
268,1.0,5.0,1.0,1.0,1.0,3.0,0.1,0.4,40.0,342,8915.0,0,0,288,0,288
268,1.0,5.0,1.0,1.0,1.0,3.0,0.1,0.4,40.0,343,8910.0,0,0,290,0,290
268,1.0,5.0,1.0,1.0,1.0,3.0,0.1,0.4,40.0,344,8905.0,0,0,293,0,293
268,1.0,5.0,1.0,1.0,1.0,3.0,0.1,0.4,40.0,345,8885.0,0,0,299,0,299
268,1.0,5.0,1.0,1.0,1.0,3.0,0.1,0.4,40.0,346,8895.0,0,0,292,0,292
268,1.0,5.0,1.0,1.0,1.0,3.0,0.1,0.4,40.0,347,8890.0,0,0,298,0,298
268,1.0,5.0,1.0,1.0,1.0,3.0,0.1,0.4,40.0,348,8880.0,0,0,297,0,297
268,1.0,5.0,1.0,1.0,1.0,3.0,0.1,0.4,40.0,349,8880.0,0,0,299,0,299
268,1.0,5.0,1.0,1.0,1.0,3.0,0.1,0.4,40.0,350,8885.0,0,0,296,0,296
268,1.0,5.0,1.0,1.0,1.0,3.0,0.1,0.4,40.0,351,8860.0,0,0,308,0,308
268,1.0,5.0,1.0,1.0,1.0,3.0,0.1,0.4,40.0,352,8845.0,0,0,306,0,306
268,1.0,5.0,1.0,1.0,1.0,3.0,0.1,0.4,40.0,353,8850.0,0,0,307,0,307
268,1.0,5.0,1.0,1.0,1.0,3.0,0.1,0.4,40.0,354,8855.0,0,0,304,0,304
268,1.0,5.0,1.0,1.0,1.0,3.0,0.1,0.4,40.0,355,8890.0,0,0,290,0,290
268,1.0,5.0,1.0,1.0,1.0,3.0,0.1,0.4,40.0,356,8885.0,0,0,299,0,299
268,1.0,5.0,1.0,1.0,1.0,3.0,0.1,0.4,40.0,357,8900.0,0,0,290,0,290
268,1.0,5.0,1.0,1.0,1.0,3.0,0.1,0.4,40.0,358,8890.0,0,0,297,0,297
268,1.0,5.0,1.0,1.0,1.0,3.0,0.1,0.4,40.0,359,8875.0,0,0,301,0,301
268,1.0,5.0,1.0,1.0,1.0,3.0,0.1,0.4,40.0,360,8875.0,0,0,299,0,299
268,1.0,5.0,1.0,1.0,1.0,3.0,0.1,0.4,40.0,361,8885.0,0,0,296,0,296
268,1.0,5.0,1.0,1.0,1.0,3.0,0.1,0.4,40.0,362,8865.0,0,0,306,0,306
268,1.0,5.0,1.0,1.0,1.0,3.0,0.1,0.4,40.0,363,8870.0,0,0,299,0,299
268,1.0,5.0,1.0,1.0,1.0,3.0,0.1,0.4,40.0,364,8860.0,0,0,306,0,306
268,1.0,5.0,1.0,1.0,1.0,3.0,0.1,0.4,40.0,365,8850.0,0,0,307,0,307
268,1.0,5.0,1.0,1.0,1.0,3.0,0.1,0.4,40.0,366,8845.0,0,0,308,0,308
268,1.0,5.0,1.0,1.0,1.0,3.0,0.1,0.4,40.0,367,8880.0,0,0,294,0,294
268,1.0,5.0,1.0,1.0,1.0,3.0,0.1,0.4,40.0,368,8875.0,0,0,303,0,303
268,1.0,5.0,1.0,1.0,1.0,3.0,0.1,0.4,40.0,369,8870.0,0,0,300,0,300
268,1.0,5.0,1.0,1.0,1.0,3.0,0.1,0.4,40.0,370,8855.0,0,0,308,0,308
268,1.0,5.0,1.0,1.0,1.0,3.0,0.1,0.4,40.0,371,8845.0,0,0,308,0,308
268,1.0,5.0,1.0,1.0,1.0,3.0,0.1,0.4,40.0,372,8865.0,0,0,300,0,300
268,1.0,5.0,1.0,1.0,1.0,3.0,0.1,0.4,40.0,373,8890.0,0,0,294,0,294
268,1.0,5.0,1.0,1.0,1.0,3.0,0.1,0.4,40.0,374,8870.0,0,0,303,0,303
268,1.0,5.0,1.0,1.0,1.0,3.0,0.1,0.4,40.0,375,8895.0,0,0,290,0,290
268,1.0,5.0,1.0,1.0,1.0,3.0,0.1,0.4,40.0,376,8880.0,0,0,303,0,303
268,1.0,5.0,1.0,1.0,1.0,3.0,0.1,0.4,40.0,377,8890.0,0,0,292,0,292
268,1.0,5.0,1.0,1.0,1.0,3.0,0.1,0.4,40.0,378,8890.0,0,0,298,0,298
268,1.0,5.0,1.0,1.0,1.0,3.0,0.1,0.4,40.0,379,8880.0,0,0,299,0,299
268,1.0,5.0,1.0,1.0,1.0,3.0,0.1,0.4,40.0,380,8865.0,0,0,304,0,304
268,1.0,5.0,1.0,1.0,1.0,3.0,0.1,0.4,40.0,381,8855.0,0,0,306,0,306
268,1.0,5.0,1.0,1.0,1.0,3.0,0.1,0.4,40.0,382,8870.0,0,0,299,0,299
268,1.0,5.0,1.0,1.0,1.0,3.0,0.1,0.4,40.0,383,8880.0,0,0,298,0,298
268,1.0,5.0,1.0,1.0,1.0,3.0,0.1,0.4,40.0,384,8865.0,0,0,305,0,305
268,1.0,5.0,1.0,1.0,1.0,3.0,0.1,0.4,40.0,385,8890.0,0,0,291,0,291
268,1.0,5.0,1.0,1.0,1.0,3.0,0.1,0.4,40.0,386,8905.0,0,0,292,0,292
268,1.0,5.0,1.0,1.0,1.0,3.0,0.1,0.4,40.0,387,8860.0,0,0,310,0,310
268,1.0,5.0,1.0,1.0,1.0,3.0,0.1,0.4,40.0,388,8855.0,0,0,303,0,303
268,1.0,5.0,1.0,1.0,1.0,3.0,0.1,0.4,40.0,389,8865.0,0,0,301,0,301
268,1.0,5.0,1.0,1.0,1.0,3.0,0.1,0.4,40.0,390,8890.0,0,0,293,0,293
268,1.0,5.0,1.0,1.0,1.0,3.0,0.1,0.4,40.0,391,8880.0,0,0,301,0,301
268,1.0,5.0,1.0,1.0,1.0,3.0,0.1,0.4,40.0,392,8885.0,0,0,295,0,295
268,1.0,5.0,1.0,1.0,1.0,3.0,0.1,0.4,40.0,393,8880.0,0,0,300,0,300
268,1.0,5.0,1.0,1.0,1.0,3.0,0.1,0.4,40.0,394,8875.0,0,0,300,0,300
268,1.0,5.0,1.0,1.0,1.0,3.0,0.1,0.4,40.0,395,8870.0,0,0,302,0,302
268,1.0,5.0,1.0,1.0,1.0,3.0,0.1,0.4,40.0,396,8875.0,0,0,297,0,297
268,1.0,5.0,1.0,1.0,1.0,3.0,0.1,0.4,40.0,397,8895.0,0,0,292,0,292
268,1.0,5.0,1.0,1.0,1.0,3.0,0.1,0.4,40.0,398,8925.0,0,0,284,0,284
268,1.0,5.0,1.0,1.0,1.0,3.0,0.1,0.4,40.0,399,8915.0,0,0,292,0,292
268,1.0,5.0,1.0,1.0,1.0,3.0,0.1,0.4,40.0,400,8885.0,0,0,300,0,300
268,1.0,5.0,1.0,1.0,1.0,3.0,0.1,0.4,40.0,401,8885.0,0,0,296,0,296
268,1.0,5.0,1.0,1.0,1.0,3.0,0.1,0.4,40.0,402,8915.0,0,0,286,0,286
268,1.0,5.0,1.0,1.0,1.0,3.0,0.1,0.4,40.0,403,8885.0,0,0,303,0,303
268,1.0,5.0,1.0,1.0,1.0,3.0,0.1,0.4,40.0,404,8865.0,0,0,302,0,302
268,1.0,5.0,1.0,1.0,1.0,3.0,0.1,0.4,40.0,405,8885.0,0,0,295,0,295
268,1.0,5.0,1.0,1.0,1.0,3.0,0.1,0.4,40.0,406,8880.0,0,0,300,0,300
268,1.0,5.0,1.0,1.0,1.0,3.0,0.1,0.4,40.0,407,8875.0,0,0,300,0,300
268,1.0,5.0,1.0,1.0,1.0,3.0,0.1,0.4,40.0,408,8875.0,0,0,300,0,300
268,1.0,5.0,1.0,1.0,1.0,3.0,0.1,0.4,40.0,409,8865.0,0,0,304,0,304
268,1.0,5.0,1.0,1.0,1.0,3.0,0.1,0.4,40.0,410,8860.0,0,0,304,0,304
268,1.0,5.0,1.0,1.0,1.0,3.0,0.1,0.4,40.0,411,8860.0,0,0,304,0,304
268,1.0,5.0,1.0,1.0,1.0,3.0,0.1,0.4,40.0,412,8880.0,0,0,294,0,294
268,1.0,5.0,1.0,1.0,1.0,3.0,0.1,0.4,40.0,413,8890.0,0,0,297,0,297
268,1.0,5.0,1.0,1.0,1.0,3.0,0.1,0.4,40.0,414,8900.0,0,0,291,0,291
268,1.0,5.0,1.0,1.0,1.0,3.0,0.1,0.4,40.0,415,8915.0,0,0,288,0,288
268,1.0,5.0,1.0,1.0,1.0,3.0,0.1,0.4,40.0,416,8895.0,0,0,296,0,296
268,1.0,5.0,1.0,1.0,1.0,3.0,0.1,0.4,40.0,417,8875.0,0,0,302,0,302
268,1.0,5.0,1.0,1.0,1.0,3.0,0.1,0.4,40.0,418,8875.0,0,0,299,0,299
268,1.0,5.0,1.0,1.0,1.0,3.0,0.1,0.4,40.0,419,8865.0,0,0,304,0,304
268,1.0,5.0,1.0,1.0,1.0,3.0,0.1,0.4,40.0,420,8855.0,0,0,306,0,306
268,1.0,5.0,1.0,1.0,1.0,3.0,0.1,0.4,40.0,421,8860.0,0,0,303,0,303
268,1.0,5.0,1.0,1.0,1.0,3.0,0.1,0.4,40.0,422,8865.0,0,0,302,0,302
268,1.0,5.0,1.0,1.0,1.0,3.0,0.1,0.4,40.0,423,8875.0,0,0,299,0,299
268,1.0,5.0,1.0,1.0,1.0,3.0,0.1,0.4,40.0,424,8870.0,0,0,302,0,302
268,1.0,5.0,1.0,1.0,1.0,3.0,0.1,0.4,40.0,425,8875.0,0,0,299,0,299
268,1.0,5.0,1.0,1.0,1.0,3.0,0.1,0.4,40.0,426,8880.0,0,0,298,0,298
268,1.0,5.0,1.0,1.0,1.0,3.0,0.1,0.4,40.0,427,8885.0,0,0,297,0,297
268,1.0,5.0,1.0,1.0,1.0,3.0,0.1,0.4,40.0,428,8925.0,0,0,280,0,280
268,1.0,5.0,1.0,1.0,1.0,3.0,0.1,0.4,40.0,429,8925.0,0,0,290,0,290
268,1.0,5.0,1.0,1.0,1.0,3.0,0.1,0.4,40.0,430,8885.0,0,0,301,0,301
268,1.0,5.0,1.0,1.0,1.0,3.0,0.1,0.4,40.0,431,8855.0,0,0,306,0,306
268,1.0,5.0,1.0,1.0,1.0,3.0,0.1,0.4,40.0,432,8875.0,0,0,297,0,297
268,1.0,5.0,1.0,1.0,1.0,3.0,0.1,0.4,40.0,433,8865.0,0,0,305,0,305
268,1.0,5.0,1.0,1.0,1.0,3.0,0.1,0.4,40.0,434,8885.0,0,0,292,0,292
268,1.0,5.0,1.0,1.0,1.0,3.0,0.1,0.4,40.0,435,8900.0,0,0,294,0,294
268,1.0,5.0,1.0,1.0,1.0,3.0,0.1,0.4,40.0,436,8895.0,0,0,293,0,293
268,1.0,5.0,1.0,1.0,1.0,3.0,0.1,0.4,40.0,437,8900.0,0,0,292,0,292
268,1.0,5.0,1.0,1.0,1.0,3.0,0.1,0.4,40.0,438,8885.0,0,0,300,0,300
268,1.0,5.0,1.0,1.0,1.0,3.0,0.1,0.4,40.0,439,8880.0,0,0,298,0,298
268,1.0,5.0,1.0,1.0,1.0,3.0,0.1,0.4,40.0,440,8900.0,0,0,289,0,289
268,1.0,5.0,1.0,1.0,1.0,3.0,0.1,0.4,40.0,441,8905.0,0,0,293,0,293
268,1.0,5.0,1.0,1.0,1.0,3.0,0.1,0.4,40.0,442,8860.0,0,0,309,0,309
268,1.0,5.0,1.0,1.0,1.0,3.0,0.1,0.4,40.0,443,8850.0,0,0,304,0,304
268,1.0,5.0,1.0,1.0,1.0,3.0,0.1,0.4,40.0,444,8875.0,0,0,298,0,298
268,1.0,5.0,1.0,1.0,1.0,3.0,0.1,0.4,40.0,445,8900.0,0,0,291,0,291
268,1.0,5.0,1.0,1.0,1.0,3.0,0.1,0.4,40.0,446,8895.0,0,0,296,0,296
268,1.0,5.0,1.0,1.0,1.0,3.0,0.1,0.4,40.0,447,8890.0,0,0,296,0,296
268,1.0,5.0,1.0,1.0,1.0,3.0,0.1,0.4,40.0,448,8870.0,0,0,304,0,304
268,1.0,5.0,1.0,1.0,1.0,3.0,0.1,0.4,40.0,449,8860.0,0,0,302,0,302
268,1.0,5.0,1.0,1.0,1.0,3.0,0.1,0.4,40.0,450,8860.0,0,0,303,0,303
268,1.0,5.0,1.0,1.0,1.0,3.0,0.1,0.4,40.0,451,8875.0,0,0,297,0,297
268,1.0,5.0,1.0,1.0,1.0,3.0,0.1,0.4,40.0,452,8875.0,0,0,301,0,301
268,1.0,5.0,1.0,1.0,1.0,3.0,0.1,0.4,40.0,453,8870.0,0,0,300,0,300
268,1.0,5.0,1.0,1.0,1.0,3.0,0.1,0.4,40.0,454,8845.0,0,0,312,0,312
268,1.0,5.0,1.0,1.0,1.0,3.0,0.1,0.4,40.0,455,8845.0,0,0,304,0,304
268,1.0,5.0,1.0,1.0,1.0,3.0,0.1,0.4,40.0,456,8890.0,0,0,292,0,292
268,1.0,5.0,1.0,1.0,1.0,3.0,0.1,0.4,40.0,457,8890.0,0,0,298,0,298
268,1.0,5.0,1.0,1.0,1.0,3.0,0.1,0.4,40.0,458,8880.0,0,0,299,0,299
268,1.0,5.0,1.0,1.0,1.0,3.0,0.1,0.4,40.0,459,8875.0,0,0,300,0,300
268,1.0,5.0,1.0,1.0,1.0,3.0,0.1,0.4,40.0,460,8880.0,0,0,298,0,298
268,1.0,5.0,1.0,1.0,1.0,3.0,0.1,0.4,40.0,461,8890.0,0,0,295,0,295
268,1.0,5.0,1.0,1.0,1.0,3.0,0.1,0.4,40.0,462,8885.0,0,0,298,0,298
268,1.0,5.0,1.0,1.0,1.0,3.0,0.1,0.4,40.0,463,8885.0,0,0,297,0,297
268,1.0,5.0,1.0,1.0,1.0,3.0,0.1,0.4,40.0,464,8845.0,0,0,313,0,313
268,1.0,5.0,1.0,1.0,1.0,3.0,0.1,0.4,40.0,465,8835.0,0,0,309,0,309
268,1.0,5.0,1.0,1.0,1.0,3.0,0.1,0.4,40.0,466,8830.0,0,0,313,0,313
268,1.0,5.0,1.0,1.0,1.0,3.0,0.1,0.4,40.0,467,8855.0,0,0,301,0,301
268,1.0,5.0,1.0,1.0,1.0,3.0,0.1,0.4,40.0,468,8855.0,0,0,306,0,306
268,1.0,5.0,1.0,1.0,1.0,3.0,0.1,0.4,40.0,469,8875.0,0,0,297,0,297
268,1.0,5.0,1.0,1.0,1.0,3.0,0.1,0.4,40.0,470,8880.0,0,0,299,0,299
268,1.0,5.0,1.0,1.0,1.0,3.0,0.1,0.4,40.0,471,8895.0,0,0,291,0,291
268,1.0,5.0,1.0,1.0,1.0,3.0,0.1,0.4,40.0,472,8910.0,0,0,289,0,289
268,1.0,5.0,1.0,1.0,1.0,3.0,0.1,0.4,40.0,473,8885.0,0,0,301,0,301
268,1.0,5.0,1.0,1.0,1.0,3.0,0.1,0.4,40.0,474,8850.0,0,0,308,0,308
268,1.0,5.0,1.0,1.0,1.0,3.0,0.1,0.4,40.0,475,8875.0,0,0,294,0,294
268,1.0,5.0,1.0,1.0,1.0,3.0,0.1,0.4,40.0,476,8905.0,0,0,289,0,289
268,1.0,5.0,1.0,1.0,1.0,3.0,0.1,0.4,40.0,477,8890.0,0,0,299,0,299
268,1.0,5.0,1.0,1.0,1.0,3.0,0.1,0.4,40.0,478,8855.0,0,0,308,0,308
268,1.0,5.0,1.0,1.0,1.0,3.0,0.1,0.4,40.0,479,8850.0,0,0,306,0,306
268,1.0,5.0,1.0,1.0,1.0,3.0,0.1,0.4,40.0,480,8855.0,0,0,303,0,303
268,1.0,5.0,1.0,1.0,1.0,3.0,0.1,0.4,40.0,481,8855.0,0,0,306,0,306
268,1.0,5.0,1.0,1.0,1.0,3.0,0.1,0.4,40.0,482,8845.0,0,0,307,0,307
268,1.0,5.0,1.0,1.0,1.0,3.0,0.1,0.4,40.0,483,8880.0,0,0,294,0,294
268,1.0,5.0,1.0,1.0,1.0,3.0,0.1,0.4,40.0,484,8860.0,0,0,309,0,309
268,1.0,5.0,1.0,1.0,1.0,3.0,0.1,0.4,40.0,485,8875.0,0,0,294,0,294
268,1.0,5.0,1.0,1.0,1.0,3.0,0.1,0.4,40.0,486,8895.0,0,0,295,0,295
268,1.0,5.0,1.0,1.0,1.0,3.0,0.1,0.4,40.0,487,8900.0,0,0,292,0,292
268,1.0,5.0,1.0,1.0,1.0,3.0,0.1,0.4,40.0,488,8855.0,0,0,312,0,312
268,1.0,5.0,1.0,1.0,1.0,3.0,0.1,0.4,40.0,489,8835.0,0,0,310,0,310
268,1.0,5.0,1.0,1.0,1.0,3.0,0.1,0.4,40.0,490,8855.0,0,0,303,0,303
268,1.0,5.0,1.0,1.0,1.0,3.0,0.1,0.4,40.0,491,8845.0,0,0,309,0,309
268,1.0,5.0,1.0,1.0,1.0,3.0,0.1,0.4,40.0,492,8860.0,0,0,300,0,300
268,1.0,5.0,1.0,1.0,1.0,3.0,0.1,0.4,40.0,493,8890.0,0,0,294,0,294
268,1.0,5.0,1.0,1.0,1.0,3.0,0.1,0.4,40.0,494,8885.0,0,0,299,0,299
268,1.0,5.0,1.0,1.0,1.0,3.0,0.1,0.4,40.0,495,8900.0,0,0,290,0,290
268,1.0,5.0,1.0,1.0,1.0,3.0,0.1,0.4,40.0,496,8900.0,0,0,295,0,295
268,1.0,5.0,1.0,1.0,1.0,3.0,0.1,0.4,40.0,497,8900.0,0,0,292,0,292
268,1.0,5.0,1.0,1.0,1.0,3.0,0.1,0.4,40.0,498,8880.0,0,0,302,0,302
268,1.0,5.0,1.0,1.0,1.0,3.0,0.1,0.4,40.0,499,8850.0,0,0,309,0,309