Exp Num,agent:svo_convergence_factor,agent:params:metabolism,agent:params:consumption_factor,agent:params:procreate_cost_factor,agent:params:procreate_req_factor,agent:params:start_energy_factor,agent:params:caught_chance,agent:params:caught_cooldown_factor,agent:params:maximum_age,Epoch,Resource,A,B,C,D,E
247438,4.0,10.0,4.0,9.0,3.0,3.0,0.30000000000000004,0.30000000000000004,40.0,0,3720.0,24,23,9,28,72
247438,4.0,10.0,4.0,9.0,3.0,3.0,0.30000000000000004,0.30000000000000004,40.0,1,3610.0,24,23,9,28,72
247438,4.0,10.0,4.0,9.0,3.0,3.0,0.30000000000000004,0.30000000000000004,40.0,2,2792.5,19,18,8,24,60
247438,4.0,10.0,4.0,9.0,3.0,3.0,0.30000000000000004,0.30000000000000004,40.0,3,2530.625,18,16,8,23,57
247438,4.0,10.0,4.0,9.0,3.0,3.0,0.30000000000000004,0.30000000000000004,40.0,4,2603.28125,18,16,8,23,57
247438,4.0,10.0,4.0,9.0,3.0,3.0,0.30000000000000004,0.30000000000000004,40.0,5,2614.1015625,18,16,8,23,57
247438,4.0,10.0,4.0,9.0,3.0,3.0,0.30000000000000004,0.30000000000000004,40.0,6,2347.626953125,15,12,8,21,50
247438,4.0,10.0,4.0,9.0,3.0,3.0,0.30000000000000004,0.30000000000000004,40.0,7,2494.53369140625,13,8,6,20,42
247438,4.0,10.0,4.0,9.0,3.0,3.0,0.30000000000000004,0.30000000000000004,40.0,8,2758.1671142578125,13,8,5,20,41
247438,4.0,10.0,4.0,9.0,3.0,3.0,0.30000000000000004,0.30000000000000004,40.0,9,3167.7088928222656,13,8,5,20,41
247438,4.0,10.0,4.0,9.0,3.0,3.0,0.30000000000000004,0.30000000000000004,40.0,10,3279.636116027832,11,7,5,18,37
247438,4.0,10.0,4.0,9.0,3.0,3.0,0.30000000000000004,0.30000000000000004,40.0,11,3619.54514503479,10,6,4,16,34
247438,4.0,10.0,4.0,9.0,3.0,3.0,0.30000000000000004,0.30000000000000004,40.0,12,4204.431431293488,10,6,4,15,34
247438,4.0,10.0,4.0,9.0,3.0,3.0,0.30000000000000004,0.30000000000000004,40.0,13,5095.539289116859,10,6,4,15,34
247438,4.0,10.0,4.0,9.0,3.0,3.0,0.30000000000000004,0.30000000000000004,40.0,14,5369.424111396074,7,6,4,15,31
247438,4.0,10.0,4.0,9.0,3.0,3.0,0.30000000000000004,0.30000000000000004,40.0,15,5511.780139245093,8,6,4,14,32
247438,4.0,10.0,4.0,9.0,3.0,3.0,0.30000000000000004,0.30000000000000004,40.0,16,5649.725174056366,8,6,3,14,31
247438,4.0,10.0,4.0,9.0,3.0,3.0,0.30000000000000004,0.30000000000000004,40.0,17,5782.156467570458,8,6,3,14,31
247438,4.0,10.0,4.0,9.0,3.0,3.0,0.30000000000000004,0.30000000000000004,40.0,18,5987.695584463072,8,6,2,14,31
247438,4.0,10.0,4.0,9.0,3.0,3.0,0.30000000000000004,0.30000000000000004,40.0,19,6084.61948057884,8,6,2,14,31
247438,4.0,10.0,4.0,9.0,3.0,3.0,0.30000000000000004,0.30000000000000004,40.0,20,6125.77435072355,8,6,3,15,33
247438,4.0,10.0,4.0,9.0,3.0,3.0,0.30000000000000004,0.30000000000000004,40.0,21,6057.2179384044375,8,6,4,15,36
247438,4.0,10.0,4.0,9.0,3.0,3.0,0.30000000000000004,0.30000000000000004,40.0,22,5691.522423005546,8,6,4,18,42
247438,4.0,10.0,4.0,9.0,3.0,3.0,0.30000000000000004,0.30000000000000004,40.0,23,4914.403028756933,8,5,5,21,44
247438,4.0,10.0,4.0,9.0,3.0,3.0,0.30000000000000004,0.30000000000000004,40.0,24,4903.003785946166,8,6,5,22,47
247438,4.0,10.0,4.0,9.0,3.0,3.0,0.30000000000000004,0.30000000000000004,40.0,25,5248.754732432708,8,6,5,22,48
247438,4.0,10.0,4.0,9.0,3.0,3.0,0.30000000000000004,0.30000000000000004,40.0,26,5840.943415540885,8,7,6,22,50
247438,4.0,10.0,4.0,9.0,3.0,3.0,0.30000000000000004,0.30000000000000004,40.0,27,6501.179269426107,8,8,6,24,52
247438,4.0,10.0,4.0,9.0,3.0,3.0,0.30000000000000004,0.30000000000000004,40.0,28,7246.474086782633,8,8,6,24,53
247438,4.0,10.0,4.0,9.0,3.0,3.0,0.30000000000000004,0.30000000000000004,40.0,29,8058.092608478291,9,8,8,24,56
247438,4.0,10.0,4.0,9.0,3.0,3.0,0.30000000000000004,0.30000000000000004,40.0,30,8880.0,9,9,9,26,60
247438,4.0,10.0,4.0,9.0,3.0,3.0,0.30000000000000004,0.30000000000000004,40.0,31,8640.0,8,8,9,27,59
247438,4.0,10.0,4.0,9.0,3.0,3.0,0.30000000000000004,0.30000000000000004,40.0,32,8560.0,8,9,10,28,62
247438,4.0,10.0,4.0,9.0,3.0,3.0,0.30000000000000004,0.30000000000000004,40.0,33,8360.0,10,10,11,29,71
247438,4.0,10.0,4.0,9.0,3.0,3.0,0.30000000000000004,0.30000000000000004,40.0,34,8000.0,8,10,11,30,71
247438,4.0,10.0,4.0,9.0,3.0,3.0,0.30000000000000004,0.30000000000000004,40.0,35,8000.0,9,11,13,32,76
247438,4.0,10.0,4.0,9.0,3.0,3.0,0.30000000000000004,0.30000000000000004,40.0,36,8440.0,10,12,14,33,84
247438,4.0,10.0,4.0,9.0,3.0,3.0,0.30000000000000004,0.30000000000000004,40.0,37,8760.0,9,12,14,33,84
247438,4.0,10.0,4.0,9.0,3.0,3.0,0.30000000000000004,0.30000000000000004,40.0,38,9000.0,10,13,15,33,87
247438,4.0,10.0,4.0,9.0,3.0,3.0,0.30000000000000004,0.30000000000000004,40.0,39,9240.0,11,14,15,33,89
247438,4.0,10.0,4.0,9.0,3.0,3.0,0.30000000000000004,0.30000000000000004,40.0,40,9480.0,10,14,14,28,82
247438,4.0,10.0,4.0,9.0,3.0,3.0,0.30000000000000004,0.30000000000000004,40.0,41,9480.0,9,13,13,22,75
247438,4.0,10.0,4.0,9.0,3.0,3.0,0.30000000000000004,0.30000000000000004,40.0,42,9520.0,9,14,14,19,75
247438,4.0,10.0,4.0,9.0,3.0,3.0,0.30000000000000004,0.30000000000000004,40.0,43,9360.0,9,15,14,19,73
247438,4.0,10.0,4.0,9.0,3.0,3.0,0.30000000000000004,0.30000000000000004,40.0,44,9240.0,9,16,14,19,73
247438,4.0,10.0,4.0,9.0,3.0,3.0,0.30000000000000004,0.30000000000000004,40.0,45,9320.0,8,17,16,18,75
247438,4.0,10.0,4.0,9.0,3.0,3.0,0.30000000000000004,0.30000000000000004,40.0,46,9320.0,9,17,16,18,76
247438,4.0,10.0,4.0,9.0,3.0,3.0,0.30000000000000004,0.30000000000000004,40.0,47,9120.0,9,18,16,18,77
247438,4.0,10.0,4.0,9.0,3.0,3.0,0.30000000000000004,0.30000000000000004,40.0,48,9040.0,9,21,17,18,81
247438,4.0,10.0,4.0,9.0,3.0,3.0,0.30000000000000004,0.30000000000000004,40.0,49,8880.0,10,21,18,18,82
247438,4.0,10.0,4.0,9.0,3.0,3.0,0.30000000000000004,0.30000000000000004,40.0,50,8960.0,10,22,18,18,83
247438,4.0,10.0,4.0,9.0,3.0,3.0,0.30000000000000004,0.30000000000000004,40.0,51,8960.0,11,24,21,18,89
247438,4.0,10.0,4.0,9.0,3.0,3.0,0.30000000000000004,0.30000000000000004,40.0,52,8400.0,12,25,22,17,92
247438,4.0,10.0,4.0,9.0,3.0,3.0,0.30000000000000004,0.30000000000000004,40.0,53,8440.0,12,27,21,17,93
247438,4.0,10.0,4.0,9.0,3.0,3.0,0.30000000000000004,0.30000000000000004,40.0,54,8520.0,13,30,23,16,97
247438,4.0,10.0,4.0,9.0,3.0,3.0,0.30000000000000004,0.30000000000000004,40.0,55,8640.0,13,32,23,16,99
247438,4.0,10.0,4.0,9.0,3.0,3.0,0.30000000000000004,0.30000000000000004,40.0,56,8640.0,13,32,23,16,99
247438,4.0,10.0,4.0,9.0,3.0,3.0,0.30000000000000004,0.30000000000000004,40.0,57,9040.0,14,33,24,16,101
247438,4.0,10.0,4.0,9.0,3.0,3.0,0.30000000000000004,0.30000000000000004,40.0,58,8960.0,13,35,24,15,101
247438,4.0,10.0,4.0,9.0,3.0,3.0,0.30000000000000004,0.30000000000000004,40.0,59,8960.0,13,33,24,14,99
247438,4.0,10.0,4.0,9.0,3.0,3.0,0.30000000000000004,0.30000000000000004,40.0,60,9080.0,14,33,25,13,98
247438,4.0,10.0,4.0,9.0,3.0,3.0,0.30000000000000004,0.30000000000000004,40.0,61,8920.0,14,35,25,13,99
247438,4.0,10.0,4.0,9.0,3.0,3.0,0.30000000000000004,0.30000000000000004,40.0,62,8880.0,15,35,24,13,98
247438,4.0,10.0,4.0,9.0,3.0,3.0,0.30000000000000004,0.30000000000000004,40.0,63,8960.0,15,38,25,11,101
247438,4.0,10.0,4.0,9.0,3.0,3.0,0.30000000000000004,0.30000000000000004,40.0,64,8840.0,15,40,25,11,98
247438,4.0,10.0,4.0,9.0,3.0,3.0,0.30000000000000004,0.30000000000000004,40.0,65,8720.0,16,38,25,9,95
247438,4.0,10.0,4.0,9.0,3.0,3.0,0.30000000000000004,0.30000000000000004,40.0,66,8640.0,15,42,25,7,97
247438,4.0,10.0,4.0,9.0,3.0,3.0,0.30000000000000004,0.30000000000000004,40.0,67,8440.0,15,47,27,6,104
247438,4.0,10.0,4.0,9.0,3.0,3.0,0.30000000000000004,0.30000000000000004,40.0,68,8320.0,16,45,25,6,101
247438,4.0,10.0,4.0,9.0,3.0,3.0,0.30000000000000004,0.30000000000000004,40.0,69,8400.0,16,50,25,4,105
247438,4.0,10.0,4.0,9.0,3.0,3.0,0.30000000000000004,0.30000000000000004,40.0,70,8120.0,17,57,26,3,114
247438,4.0,10.0,4.0,9.0,3.0,3.0,0.30000000000000004,0.30000000000000004,40.0,71,8280.0,18,57,25,2,112
247438,4.0,10.0,4.0,9.0,3.0,3.0,0.30000000000000004,0.30000000000000004,40.0,72,8400.0,18,59,24,2,112
247438,4.0,10.0,4.0,9.0,3.0,3.0,0.30000000000000004,0.30000000000000004,40.0,73,8840.0,18,63,22,2,113
247438,4.0,10.0,4.0,9.0,3.0,3.0,0.30000000000000004,0.30000000000000004,40.0,74,8680.0,18,62,22,3,110
247438,4.0,10.0,4.0,9.0,3.0,3.0,0.30000000000000004,0.30000000000000004,40.0,75,8720.0,19,65,22,2,112
247438,4.0,10.0,4.0,9.0,3.0,3.0,0.30000000000000004,0.30000000000000004,40.0,76,8840.0,19,66,22,2,112
247438,4.0,10.0,4.0,9.0,3.0,3.0,0.30000000000000004,0.30000000000000004,40.0,77,9160.0,19,66,20,1,108
247438,4.0,10.0,4.0,9.0,3.0,3.0,0.30000000000000004,0.30000000000000004,40.0,78,9200.0,18,68,18,1,105
247438,4.0,10.0,4.0,9.0,3.0,3.0,0.30000000000000004,0.30000000000000004,40.0,79,9120.0,18,70,17,1,105
247438,4.0,10.0,4.0,9.0,3.0,3.0,0.30000000000000004,0.30000000000000004,40.0,80,8840.0,18,68,19,1,105
247438,4.0,10.0,4.0,9.0,3.0,3.0,0.30000000000000004,0.30000000000000004,40.0,81,9000.0,19,70,20,1,109
247438,4.0,10.0,4.0,9.0,3.0,3.0,0.30000000000000004,0.30000000000000004,40.0,82,8800.0,19,73,19,1,111
247438,4.0,10.0,4.0,9.0,3.0,3.0,0.30000000000000004,0.30000000000000004,40.0,83,8720.0,19,74,19,1,112
247438,4.0,10.0,4.0,9.0,3.0,3.0,0.30000000000000004,0.30000000000000004,40.0,84,8680.0,20,73,19,1,112
247438,4.0,10.0,4.0,9.0,3.0,3.0,0.30000000000000004,0.30000000000000004,40.0,85,8400.0,21,73,19,1,113
247438,4.0,10.0,4.0,9.0,3.0,3.0,0.30000000000000004,0.30000000000000004,40.0,86,8600.0,20,73,19,1,112
247438,4.0,10.0,4.0,9.0,3.0,3.0,0.30000000000000004,0.30000000000000004,40.0,87,8480.0,22,74,19,2,115
247438,4.0,10.0,4.0,9.0,3.0,3.0,0.30000000000000004,0.30000000000000004,40.0,88,8840.0,23,75,18,2,116
247438,4.0,10.0,4.0,9.0,3.0,3.0,0.30000000000000004,0.30000000000000004,40.0,89,8840.0,22,74,18,2,114
247438,4.0,10.0,4.0,9.0,3.0,3.0,0.30000000000000004,0.30000000000000004,40.0,90,8520.0,23,78,18,2,119
247438,4.0,10.0,4.0,9.0,3.0,3.0,0.30000000000000004,0.30000000000000004,40.0,91,8800.0,23,76,19,2,118
247438,4.0,10.0,4.0,9.0,3.0,3.0,0.30000000000000004,0.30000000000000004,40.0,92,9080.0,22,72,18,2,112
247438,4.0,10.0,4.0,9.0,3.0,3.0,0.30000000000000004,0.30000000000000004,40.0,93,9160.0,21,73,16,2,110
247438,4.0,10.0,4.0,9.0,3.0,3.0,0.30000000000000004,0.30000000000000004,40.0,94,9200.0,22,73,14,2,109
247438,4.0,10.0,4.0,9.0,3.0,3.0,0.30000000000000004,0.30000000000000004,40.0,95,9200.0,22,71,14,2,107
247438,4.0,10.0,4.0,9.0,3.0,3.0,0.30000000000000004,0.30000000000000004,40.0,96,9240.0,24,70,13,2,107
247438,4.0,10.0,4.0,9.0,3.0,3.0,0.30000000000000004,0.30000000000000004,40.0,97,9200.0,24,69,13,2,106
247438,4.0,10.0,4.0,9.0,3.0,3.0,0.30000000000000004,0.30000000000000004,40.0,98,9040.0,22,71,13,2,106
247438,4.0,10.0,4.0,9.0,3.0,3.0,0.30000000000000004,0.30000000000000004,40.0,99,9040.0,25,69,13,2,107
247438,4.0,10.0,4.0,9.0,3.0,3.0,0.30000000000000004,0.30000000000000004,40.0,100,8760.0,26,67,12,2,105
247438,4.0,10.0,4.0,9.0,3.0,3.0,0.30000000000000004,0.30000000000000004,40.0,101,8440.0,26,70,11,2,107
247438,4.0,10.0,4.0,9.0,3.0,3.0,0.30000000000000004,0.30000000000000004,40.0,102,8400.0,29,70,11,2,110
247438,4.0,10.0,4.0,9.0,3.0,3.0,0.30000000000000004,0.30000000000000004,40.0,103,8400.0,29,70,12,2,111
247438,4.0,10.0,4.0,9.0,3.0,3.0,0.30000000000000004,0.30000000000000004,40.0,104,8200.0,29,72,12,2,113
247438,4.0,10.0,4.0,9.0,3.0,3.0,0.30000000000000004,0.30000000000000004,40.0,105,8680.0,30,70,12,2,112
247438,4.0,10.0,4.0,9.0,3.0,3.0,0.30000000000000004,0.30000000000000004,40.0,106,8600.0,31,69,13,2,113
247438,4.0,10.0,4.0,9.0,3.0,3.0,0.30000000000000004,0.30000000000000004,40.0,107,8640.0,32,69,12,2,113
247438,4.0,10.0,4.0,9.0,3.0,3.0,0.30000000000000004,0.30000000000000004,40.0,108,8760.0,32,71,11,2,114
247438,4.0,10.0,4.0,9.0,3.0,3.0,0.30000000000000004,0.30000000000000004,40.0,109,9040.0,31,71,10,2,112
247438,4.0,10.0,4.0,9.0,3.0,3.0,0.30000000000000004,0.30000000000000004,40.0,110,8760.0,31,71,10,2,112
247438,4.0,10.0,4.0,9.0,3.0,3.0,0.30000000000000004,0.30000000000000004,40.0,111,8920.0,30,71,10,2,111
247438,4.0,10.0,4.0,9.0,3.0,3.0,0.30000000000000004,0.30000000000000004,40.0,112,8840.0,29,72,12,2,113
247438,4.0,10.0,4.0,9.0,3.0,3.0,0.30000000000000004,0.30000000000000004,40.0,113,8800.0,29,71,12,2,112
247438,4.0,10.0,4.0,9.0,3.0,3.0,0.30000000000000004,0.30000000000000004,40.0,114,8840.0,28,72,14,2,114
247438,4.0,10.0,4.0,9.0,3.0,3.0,0.30000000000000004,0.30000000000000004,40.0,115,8800.0,27,72,14,2,113
247438,4.0,10.0,4.0,9.0,3.0,3.0,0.30000000000000004,0.30000000000000004,40.0,116,8920.0,27,73,13,1,113
247438,4.0,10.0,4.0,9.0,3.0,3.0,0.30000000000000004,0.30000000000000004,40.0,117,8840.0,26,75,13,1,114
247438,4.0,10.0,4.0,9.0,3.0,3.0,0.30000000000000004,0.30000000000000004,40.0,118,8640.0,26,75,12,1,113
247438,4.0,10.0,4.0,9.0,3.0,3.0,0.30000000000000004,0.30000000000000004,40.0,119,8600.0,25,76,12,1,113
247438,4.0,10.0,4.0,9.0,3.0,3.0,0.30000000000000004,0.30000000000000004,40.0,120,8720.0,25,78,12,1,115
247438,4.0,10.0,4.0,9.0,3.0,3.0,0.30000000000000004,0.30000000000000004,40.0,121,8920.0,25,78,12,1,115
247438,4.0,10.0,4.0,9.0,3.0,3.0,0.30000000000000004,0.30000000000000004,40.0,122,8840.0,23,79,12,1,114
247438,4.0,10.0,4.0,9.0,3.0,3.0,0.30000000000000004,0.30000000000000004,40.0,123,8960.0,23,79,12,1,114
247438,4.0,10.0,4.0,9.0,3.0,3.0,0.30000000000000004,0.30000000000000004,40.0,124,8800.0,23,79,12,1,114
247438,4.0,10.0,4.0,9.0,3.0,3.0,0.30000000000000004,0.30000000000000004,40.0,125,8720.0,23,76,12,1,111
247438,4.0,10.0,4.0,9.0,3.0,3.0,0.30000000000000004,0.30000000000000004,40.0,126,8840.0,23,78,12,1,113
247438,4.0,10.0,4.0,9.0,3.0,3.0,0.30000000000000004,0.30000000000000004,40.0,127,8920.0,22,80,12,1,114
247438,4.0,10.0,4.0,9.0,3.0,3.0,0.30000000000000004,0.30000000000000004,40.0,128,8960.0,22,76,12,1,110
247438,4.0,10.0,4.0,9.0,3.0,3.0,0.30000000000000004,0.30000000000000004,40.0,129,8680.0,20,80,12,0,112
247438,4.0,10.0,4.0,9.0,3.0,3.0,0.30000000000000004,0.30000000000000004,40.0,130,8720.0,19,81,13,0,113
247438,4.0,10.0,4.0,9.0,3.0,3.0,0.30000000000000004,0.30000000000000004,40.0,131,8680.0,17,82,13,0,112
247438,4.0,10.0,4.0,9.0,3.0,3.0,0.30000000000000004,0.30000000000000004,40.0,132,8640.0,17,86,13,0,116
247438,4.0,10.0,4.0,9.0,3.0,3.0,0.30000000000000004,0.30000000000000004,40.0,133,8760.0,16,85,13,0,114
247438,4.0,10.0,4.0,9.0,3.0,3.0,0.30000000000000004,0.30000000000000004,40.0,134,8800.0,15,86,13,0,114
247438,4.0,10.0,4.0,9.0,3.0,3.0,0.30000000000000004,0.30000000000000004,40.0,135,8800.0,14,87,14,0,115
247438,4.0,10.0,4.0,9.0,3.0,3.0,0.30000000000000004,0.30000000000000004,40.0,136,8960.0,16,86,14,0,116
247438,4.0,10.0,4.0,9.0,3.0,3.0,0.30000000000000004,0.30000000000000004,40.0,137,9000.0,15,83,13,0,111
247438,4.0,10.0,4.0,9.0,3.0,3.0,0.30000000000000004,0.30000000000000004,40.0,138,8840.0,15,85,15,0,115
247438,4.0,10.0,4.0,9.0,3.0,3.0,0.30000000000000004,0.30000000000000004,40.0,139,8640.0,14,86,15,0,115
247438,4.0,10.0,4.0,9.0,3.0,3.0,0.30000000000000004,0.30000000000000004,40.0,140,8720.0,14,83,15,0,112
247438,4.0,10.0,4.0,9.0,3.0,3.0,0.30000000000000004,0.30000000000000004,40.0,141,8720.0,13,85,16,0,114
247438,4.0,10.0,4.0,9.0,3.0,3.0,0.30000000000000004,0.30000000000000004,40.0,142,8640.0,14,82,15,0,111
247438,4.0,10.0,4.0,9.0,3.0,3.0,0.30000000000000004,0.30000000000000004,40.0,143,8880.0,12,83,14,0,109
247438,4.0,10.0,4.0,9.0,3.0,3.0,0.30000000000000004,0.30000000000000004,40.0,144,9080.0,9,84,14,0,107
247438,4.0,10.0,4.0,9.0,3.0,3.0,0.30000000000000004,0.30000000000000004,40.0,145,8760.0,9,85,14,0,108
247438,4.0,10.0,4.0,9.0,3.0,3.0,0.30000000000000004,0.30000000000000004,40.0,146,8600.0,9,82,13,0,104
247438,4.0,10.0,4.0,9.0,3.0,3.0,0.30000000000000004,0.30000000000000004,40.0,147,8640.0,9,83,12,0,104
247438,4.0,10.0,4.0,9.0,3.0,3.0,0.30000000000000004,0.30000000000000004,40.0,148,8680.0,11,85,12,0,108
247438,4.0,10.0,4.0,9.0,3.0,3.0,0.30000000000000004,0.30000000000000004,40.0,149,8200.0,11,83,12,0,106
247438,4.0,10.0,4.0,9.0,3.0,3.0,0.30000000000000004,0.30000000000000004,40.0,150,8320.0,12,83,12,0,107
247438,4.0,10.0,4.0,9.0,3.0,3.0,0.30000000000000004,0.30000000000000004,40.0,151,8040.0,14,91,11,0,116
247438,4.0,10.0,4.0,9.0,3.0,3.0,0.30000000000000004,0.30000000000000004,40.0,152,8560.0,14,90,10,0,114
247438,4.0,10.0,4.0,9.0,3.0,3.0,0.30000000000000004,0.30000000000000004,40.0,153,8440.0,14,92,10,0,116
247438,4.0,10.0,4.0,9.0,3.0,3.0,0.30000000000000004,0.30000000000000004,40.0,154,8760.0,17,92,9,0,118
247438,4.0,10.0,4.0,9.0,3.0,3.0,0.30000000000000004,0.30000000000000004,40.0,155,8800.0,18,92,9,0,119
247438,4.0,10.0,4.0,9.0,3.0,3.0,0.30000000000000004,0.30000000000000004,40.0,156,8800.0,18,87,9,0,114
247438,4.0,10.0,4.0,9.0,3.0,3.0,0.30000000000000004,0.30000000000000004,40.0,157,8680.0,20,86,9,0,115
247438,4.0,10.0,4.0,9.0,3.0,3.0,0.30000000000000004,0.30000000000000004,40.0,158,8880.0,20,86,8,0,114
247438,4.0,10.0,4.0,9.0,3.0,3.0,0.30000000000000004,0.30000000000000004,40.0,159,8880.0,20,88,8,0,116
247438,4.0,10.0,4.0,9.0,3.0,3.0,0.30000000000000004,0.30000000000000004,40.0,160,9080.0,21,89,8,0,118
247438,4.0,10.0,4.0,9.0,3.0,3.0,0.30000000000000004,0.30000000000000004,40.0,161,8920.0,22,88,8,0,118
247438,4.0,10.0,4.0,9.0,3.0,3.0,0.30000000000000004,0.30000000000000004,40.0,162,9200.0,22,85,7,0,114
247438,4.0,10.0,4.0,9.0,3.0,3.0,0.30000000000000004,0.30000000000000004,40.0,163,8920.0,23,82,6,0,111
247438,4.0,10.0,4.0,9.0,3.0,3.0,0.30000000000000004,0.30000000000000004,40.0,164,8880.0,24,83,6,0,113
247438,4.0,10.0,4.0,9.0,3.0,3.0,0.30000000000000004,0.30000000000000004,40.0,165,8720.0,25,83,6,0,114
247438,4.0,10.0,4.0,9.0,3.0,3.0,0.30000000000000004,0.30000000000000004,40.0,166,8960.0,27,85,6,0,118
247438,4.0,10.0,4.0,9.0,3.0,3.0,0.30000000000000004,0.30000000000000004,40.0,167,8560.0,27,85,6,0,118
247438,4.0,10.0,4.0,9.0,3.0,3.0,0.30000000000000004,0.30000000000000004,40.0,168,8880.0,29,86,5,0,120
247438,4.0,10.0,4.0,9.0,3.0,3.0,0.30000000000000004,0.30000000000000004,40.0,169,8760.0,30,86,5,0,121
247438,4.0,10.0,4.0,9.0,3.0,3.0,0.30000000000000004,0.30000000000000004,40.0,170,9120.0,29,83,5,0,117
247438,4.0,10.0,4.0,9.0,3.0,3.0,0.30000000000000004,0.30000000000000004,40.0,171,8920.0,30,83,5,0,118
247438,4.0,10.0,4.0,9.0,3.0,3.0,0.30000000000000004,0.30000000000000004,40.0,172,9120.0,30,84,3,0,117
247438,4.0,10.0,4.0,9.0,3.0,3.0,0.30000000000000004,0.30000000000000004,40.0,173,9160.0,30,84,3,0,117
247438,4.0,10.0,4.0,9.0,3.0,3.0,0.30000000000000004,0.30000000000000004,40.0,174,9160.0,28,80,3,0,111
247438,4.0,10.0,4.0,9.0,3.0,3.0,0.30000000000000004,0.30000000000000004,40.0,175,9320.0,28,79,3,0,110
247438,4.0,10.0,4.0,9.0,3.0,3.0,0.30000000000000004,0.30000000000000004,40.0,176,9320.0,28,79,2,0,109
247438,4.0,10.0,4.0,9.0,3.0,3.0,0.30000000000000004,0.30000000000000004,40.0,177,9120.0,28,78,2,0,108
247438,4.0,10.0,4.0,9.0,3.0,3.0,0.30000000000000004,0.30000000000000004,40.0,178,9320.0,27,75,1,0,103
247438,4.0,10.0,4.0,9.0,3.0,3.0,0.30000000000000004,0.30000000000000004,40.0,179,9240.0,27,74,1,0,102
247438,4.0,10.0,4.0,9.0,3.0,3.0,0.30000000000000004,0.30000000000000004,40.0,180,9160.0,26,72,1,0,99
247438,4.0,10.0,4.0,9.0,3.0,3.0,0.30000000000000004,0.30000000000000004,40.0,181,9040.0,26,73,1,0,100
247438,4.0,10.0,4.0,9.0,3.0,3.0,0.30000000000000004,0.30000000000000004,40.0,182,8880.0,26,71,0,0,97
247438,4.0,10.0,4.0,9.0,3.0,3.0,0.30000000000000004,0.30000000000000004,40.0,183,8880.0,22,72,0,0,94
247438,4.0,10.0,4.0,9.0,3.0,3.0,0.30000000000000004,0.30000000000000004,40.0,184,8840.0,20,73,0,0,93
247438,4.0,10.0,4.0,9.0,3.0,3.0,0.30000000000000004,0.30000000000000004,40.0,185,8600.0,20,76,0,0,96
247438,4.0,10.0,4.0,9.0,3.0,3.0,0.30000000000000004,0.30000000000000004,40.0,186,8400.0,20,78,0,0,98
247438,4.0,10.0,4.0,9.0,3.0,3.0,0.30000000000000004,0.30000000000000004,40.0,187,8160.0,18,86,0,0,104
247438,4.0,10.0,4.0,9.0,3.0,3.0,0.30000000000000004,0.30000000000000004,40.0,188,8000.0,16,90,0,0,106
247438,4.0,10.0,4.0,9.0,3.0,3.0,0.30000000000000004,0.30000000000000004,40.0,189,7760.0,15,91,0,0,106
247438,4.0,10.0,4.0,9.0,3.0,3.0,0.30000000000000004,0.30000000000000004,40.0,190,7700.0,11,97,1,0,109
247438,4.0,10.0,4.0,9.0,3.0,3.0,0.30000000000000004,0.30000000000000004,40.0,191,7785.0,11,99,1,0,111
247438,4.0,10.0,4.0,9.0,3.0,3.0,0.30000000000000004,0.30000000000000004,40.0,192,7931.25,11,100,1,0,112
247438,4.0,10.0,4.0,9.0,3.0,3.0,0.30000000000000004,0.30000000000000004,40.0,193,8514.0625,10,100,1,0,111
247438,4.0,10.0,4.0,9.0,3.0,3.0,0.30000000000000004,0.30000000000000004,40.0,194,8720.0,11,101,1,0,113
247438,4.0,10.0,4.0,9.0,3.0,3.0,0.30000000000000004,0.30000000000000004,40.0,195,8680.0,8,100,1,0,109
247438,4.0,10.0,4.0,9.0,3.0,3.0,0.30000000000000004,0.30000000000000004,40.0,196,8640.0,7,106,1,0,114
247438,4.0,10.0,4.0,9.0,3.0,3.0,0.30000000000000004,0.30000000000000004,40.0,197,8680.0,7,105,2,0,114
247438,4.0,10.0,4.0,9.0,3.0,3.0,0.30000000000000004,0.30000000000000004,40.0,198,8760.0,7,104,2,0,113
247438,4.0,10.0,4.0,9.0,3.0,3.0,0.30000000000000004,0.30000000000000004,40.0,199,8600.0,7,109,2,0,118
247438,4.0,10.0,4.0,9.0,3.0,3.0,0.30000000000000004,0.30000000000000004,40.0,200,8920.0,9,108,2,0,119
247438,4.0,10.0,4.0,9.0,3.0,3.0,0.30000000000000004,0.30000000000000004,40.0,201,9080.0,9,108,2,0,119
247438,4.0,10.0,4.0,9.0,3.0,3.0,0.30000000000000004,0.30000000000000004,40.0,202,9200.0,9,110,2,0,121
247438,4.0,10.0,4.0,9.0,3.0,3.0,0.30000000000000004,0.30000000000000004,40.0,203,9320.0,9,110,2,0,121
247438,4.0,10.0,4.0,9.0,3.0,3.0,0.30000000000000004,0.30000000000000004,40.0,204,9240.0,9,110,2,0,121
247438,4.0,10.0,4.0,9.0,3.0,3.0,0.30000000000000004,0.30000000000000004,40.0,205,9040.0,9,112,2,0,123
247438,4.0,10.0,4.0,9.0,3.0,3.0,0.30000000000000004,0.30000000000000004,40.0,206,9080.0,10,111,2,0,123
247438,4.0,10.0,4.0,9.0,3.0,3.0,0.30000000000000004,0.30000000000000004,40.0,207,8920.0,10,111,2,0,123
247438,4.0,10.0,4.0,9.0,3.0,3.0,0.30000000000000004,0.30000000000000004,40.0,208,8960.0,10,112,2,0,124
247438,4.0,10.0,4.0,9.0,3.0,3.0,0.30000000000000004,0.30000000000000004,40.0,209,8920.0,11,109,2,0,122
247438,4.0,10.0,4.0,9.0,3.0,3.0,0.30000000000000004,0.30000000000000004,40.0,210,9240.0,11,108,2,0,121
247438,4.0,10.0,4.0,9.0,3.0,3.0,0.30000000000000004,0.30000000000000004,40.0,211,9360.0,11,105,2,0,118
247438,4.0,10.0,4.0,9.0,3.0,3.0,0.30000000000000004,0.30000000000000004,40.0,212,9400.0,11,103,2,0,116
247438,4.0,10.0,4.0,9.0,3.0,3.0,0.30000000000000004,0.30000000000000004,40.0,213,9600.0,11,102,1,0,114
247438,4.0,10.0,4.0,9.0,3.0,3.0,0.30000000000000004,0.30000000000000004,40.0,214,9640.0,10,101,1,0,112
247438,4.0,10.0,4.0,9.0,3.0,3.0,0.30000000000000004,0.30000000000000004,40.0,215,9520.0,10,97,1,0,108
247438,4.0,10.0,4.0,9.0,3.0,3.0,0.30000000000000004,0.30000000000000004,40.0,216,9280.0,10,96,1,0,107
247438,4.0,10.0,4.0,9.0,3.0,3.0,0.30000000000000004,0.30000000000000004,40.0,217,9400.0,10,88,1,0,99
247438,4.0,10.0,4.0,9.0,3.0,3.0,0.30000000000000004,0.30000000000000004,40.0,218,9320.0,10,82,1,0,93
247438,4.0,10.0,4.0,9.0,3.0,3.0,0.30000000000000004,0.30000000000000004,40.0,219,9480.0,10,79,1,0,90
247438,4.0,10.0,4.0,9.0,3.0,3.0,0.30000000000000004,0.30000000000000004,40.0,220,9320.0,10,74,1,0,85
247438,4.0,10.0,4.0,9.0,3.0,3.0,0.30000000000000004,0.30000000000000004,40.0,221,9280.0,10,73,1,0,84
247438,4.0,10.0,4.0,9.0,3.0,3.0,0.30000000000000004,0.30000000000000004,40.0,222,9480.0,9,71,1,0,81
247438,4.0,10.0,4.0,9.0,3.0,3.0,0.30000000000000004,0.30000000000000004,40.0,223,9240.0,9,69,1,0,79
247438,4.0,10.0,4.0,9.0,3.0,3.0,0.30000000000000004,0.30000000000000004,40.0,224,8760.0,9,68,1,0,78
247438,4.0,10.0,4.0,9.0,3.0,3.0,0.30000000000000004,0.30000000000000004,40.0,225,8680.0,9,65,1,0,75
247438,4.0,10.0,4.0,9.0,3.0,3.0,0.30000000000000004,0.30000000000000004,40.0,226,8440.0,8,66,1,0,75
247438,4.0,10.0,4.0,9.0,3.0,3.0,0.30000000000000004,0.30000000000000004,40.0,227,8120.0,8,67,1,0,76
247438,4.0,10.0,4.0,9.0,3.0,3.0,0.30000000000000004,0.30000000000000004,40.0,228,8000.0,8,65,1,0,74
247438,4.0,10.0,4.0,9.0,3.0,3.0,0.30000000000000004,0.30000000000000004,40.0,229,8000.0,8,67,1,0,76
247438,4.0,10.0,4.0,9.0,3.0,3.0,0.30000000000000004,0.30000000000000004,40.0,230,7800.0,7,74,1,0,82
247438,4.0,10.0,4.0,9.0,3.0,3.0,0.30000000000000004,0.30000000000000004,40.0,231,7230.0,9,72,1,0,82
247438,4.0,10.0,4.0,9.0,3.0,3.0,0.30000000000000004,0.30000000000000004,40.0,232,6477.5,10,78,1,0,89
247438,4.0,10.0,4.0,9.0,3.0,3.0,0.30000000000000004,0.30000000000000004,40.0,233,5896.875,11,83,1,0,95
247438,4.0,10.0,4.0,9.0,3.0,3.0,0.30000000000000004,0.30000000000000004,40.0,234,5811.09375,12,82,1,0,95
247438,4.0,10.0,4.0,9.0,3.0,3.0,0.30000000000000004,0.30000000000000004,40.0,235,6023.8671875,13,80,1,0,94
247438,4.0,10.0,4.0,9.0,3.0,3.0,0.30000000000000004,0.30000000000000004,40.0,236,6649.833984375,13,82,2,0,97
247438,4.0,10.0,4.0,9.0,3.0,3.0,0.30000000000000004,0.30000000000000004,40.0,237,7192.29248046875,13,82,2,0,97
247438,4.0,10.0,4.0,9.0,3.0,3.0,0.30000000000000004,0.30000000000000004,40.0,238,8310.365600585938,13,82,2,0,97
247438,4.0,10.0,4.0,9.0,3.0,3.0,0.30000000000000004,0.30000000000000004,40.0,239,9360.0,12,84,1,0,97
247438,4.0,10.0,4.0,9.0,3.0,3.0,0.30000000000000004,0.30000000000000004,40.0,240,9200.0,12,85,1,0,98
247438,4.0,10.0,4.0,9.0,3.0,3.0,0.30000000000000004,0.30000000000000004,40.0,241,9400.0,11,85,1,0,97
247438,4.0,10.0,4.0,9.0,3.0,3.0,0.30000000000000004,0.30000000000000004,40.0,242,9280.0,11,86,1,0,98
247438,4.0,10.0,4.0,9.0,3.0,3.0,0.30000000000000004,0.30000000000000004,40.0,243,9200.0,10,86,1,0,97
247438,4.0,10.0,4.0,9.0,3.0,3.0,0.30000000000000004,0.30000000000000004,40.0,244,9200.0,9,89,1,0,99
247438,4.0,10.0,4.0,9.0,3.0,3.0,0.30000000000000004,0.30000000000000004,40.0,245,9040.0,10,88,2,0,100
247438,4.0,10.0,4.0,9.0,3.0,3.0,0.30000000000000004,0.30000000000000004,40.0,246,9000.0,10,88,2,0,100
247438,4.0,10.0,4.0,9.0,3.0,3.0,0.30000000000000004,0.30000000000000004,40.0,247,8840.0,10,90,3,0,103
247438,4.0,10.0,4.0,9.0,3.0,3.0,0.30000000000000004,0.30000000000000004,40.0,248,8440.0,11,92,4,0,107
247438,4.0,10.0,4.0,9.0,3.0,3.0,0.30000000000000004,0.30000000000000004,40.0,249,8160.0,11,95,4,0,110
247438,4.0,10.0,4.0,9.0,3.0,3.0,0.30000000000000004,0.30000000000000004,40.0,250,8120.0,12,96,4,0,112
247438,4.0,10.0,4.0,9.0,3.0,3.0,0.30000000000000004,0.30000000000000004,40.0,251,8240.0,10,97,4,0,111
247438,4.0,10.0,4.0,9.0,3.0,3.0,0.30000000000000004,0.30000000000000004,40.0,252,8200.0,10,100,4,0,114
247438,4.0,10.0,4.0,9.0,3.0,3.0,0.30000000000000004,0.30000000000000004,40.0,253,8400.0,10,104,4,0,118
247438,4.0,10.0,4.0,9.0,3.0,3.0,0.30000000000000004,0.30000000000000004,40.0,254,8880.0,10,103,4,0,117
247438,4.0,10.0,4.0,9.0,3.0,3.0,0.30000000000000004,0.30000000000000004,40.0,255,8640.0,10,103,4,0,117
247438,4.0,10.0,4.0,9.0,3.0,3.0,0.30000000000000004,0.30000000000000004,40.0,256,8800.0,10,104,4,0,118
247438,4.0,10.0,4.0,9.0,3.0,3.0,0.30000000000000004,0.30000000000000004,40.0,257,8760.0,11,104,4,0,119
247438,4.0,10.0,4.0,9.0,3.0,3.0,0.30000000000000004,0.30000000000000004,40.0,258,8960.0,11,100,4,0,115
247438,4.0,10.0,4.0,9.0,3.0,3.0,0.30000000000000004,0.30000000000000004,40.0,259,9360.0,10,102,4,0,116
247438,4.0,10.0,4.0,9.0,3.0,3.0,0.30000000000000004,0.30000000000000004,40.0,260,9200.0,10,100,4,0,114
247438,4.0,10.0,4.0,9.0,3.0,3.0,0.30000000000000004,0.30000000000000004,40.0,261,9200.0,8,102,4,0,114
247438,4.0,10.0,4.0,9.0,3.0,3.0,0.30000000000000004,0.30000000000000004,40.0,262,9160.0,8,103,4,0,115
247438,4.0,10.0,4.0,9.0,3.0,3.0,0.30000000000000004,0.30000000000000004,40.0,263,9160.0,8,102,4,0,114
247438,4.0,10.0,4.0,9.0,3.0,3.0,0.30000000000000004,0.30000000000000004,40.0,264,9120.0,8,102,4,0,114
247438,4.0,10.0,4.0,9.0,3.0,3.0,0.30000000000000004,0.30000000000000004,40.0,265,8800.0,9,101,4,0,114
247438,4.0,10.0,4.0,9.0,3.0,3.0,0.30000000000000004,0.30000000000000004,40.0,266,8720.0,8,102,4,0,114
247438,4.0,10.0,4.0,9.0,3.0,3.0,0.30000000000000004,0.30000000000000004,40.0,267,8720.0,8,102,4,0,114
247438,4.0,10.0,4.0,9.0,3.0,3.0,0.30000000000000004,0.30000000000000004,40.0,268,8840.0,8,101,4,0,113
247438,4.0,10.0,4.0,9.0,3.0,3.0,0.30000000000000004,0.30000000000000004,40.0,269,8800.0,8,101,3,0,112
247438,4.0,10.0,4.0,9.0,3.0,3.0,0.30000000000000004,0.30000000000000004,40.0,270,8560.0,8,103,3,0,114
247438,4.0,10.0,4.0,9.0,3.0,3.0,0.30000000000000004,0.30000000000000004,40.0,271,8480.0,8,102,3,0,113
247438,4.0,10.0,4.0,9.0,3.0,3.0,0.30000000000000004,0.30000000000000004,40.0,272,8600.0,9,101,3,0,113
247438,4.0,10.0,4.0,9.0,3.0,3.0,0.30000000000000004,0.30000000000000004,40.0,273,8800.0,9,101,3,0,113
247438,4.0,10.0,4.0,9.0,3.0,3.0,0.30000000000000004,0.30000000000000004,40.0,274,8880.0,8,99,3,0,110
247438,4.0,10.0,4.0,9.0,3.0,3.0,0.30000000000000004,0.30000000000000004,40.0,275,8600.0,9,101,3,0,113
247438,4.0,10.0,4.0,9.0,3.0,3.0,0.30000000000000004,0.30000000000000004,40.0,276,8520.0,9,101,3,0,113
247438,4.0,10.0,4.0,9.0,3.0,3.0,0.30000000000000004,0.30000000000000004,40.0,277,8720.0,9,101,3,0,113
247438,4.0,10.0,4.0,9.0,3.0,3.0,0.30000000000000004,0.30000000000000004,40.0,278,8600.0,10,102,3,0,115
247438,4.0,10.0,4.0,9.0,3.0,3.0,0.30000000000000004,0.30000000000000004,40.0,279,8400.0,10,102,1,0,113
247438,4.0,10.0,4.0,9.0,3.0,3.0,0.30000000000000004,0.30000000000000004,40.0,280,8600.0,10,104,1,0,115
247438,4.0,10.0,4.0,9.0,3.0,3.0,0.30000000000000004,0.30000000000000004,40.0,281,8720.0,10,108,1,0,119
247438,4.0,10.0,4.0,9.0,3.0,3.0,0.30000000000000004,0.30000000000000004,40.0,282,8800.0,10,102,1,0,113
247438,4.0,10.0,4.0,9.0,3.0,3.0,0.30000000000000004,0.30000000000000004,40.0,283,9080.0,11,99,1,0,111
247438,4.0,10.0,4.0,9.0,3.0,3.0,0.30000000000000004,0.30000000000000004,40.0,284,8800.0,11,102,1,0,114
247438,4.0,10.0,4.0,9.0,3.0,3.0,0.30000000000000004,0.30000000000000004,40.0,285,8760.0,11,101,1,0,113
247438,4.0,10.0,4.0,9.0,3.0,3.0,0.30000000000000004,0.30000000000000004,40.0,286,8680.0,12,102,1,0,115
247438,4.0,10.0,4.0,9.0,3.0,3.0,0.30000000000000004,0.30000000000000004,40.0,287,8840.0,12,105,1,0,118
247438,4.0,10.0,4.0,9.0,3.0,3.0,0.30000000000000004,0.30000000000000004,40.0,288,8920.0,11,102,1,0,114
247438,4.0,10.0,4.0,9.0,3.0,3.0,0.30000000000000004,0.30000000000000004,40.0,289,8880.0,11,104,1,0,116
247438,4.0,10.0,4.0,9.0,3.0,3.0,0.30000000000000004,0.30000000000000004,40.0,290,9040.0,13,103,0,0,116
247438,4.0,10.0,4.0,9.0,3.0,3.0,0.30000000000000004,0.30000000000000004,40.0,291,8880.0,12,99,0,0,111
247438,4.0,10.0,4.0,9.0,3.0,3.0,0.30000000000000004,0.30000000000000004,40.0,292,9080.0,11,100,1,0,112
247438,4.0,10.0,4.0,9.0,3.0,3.0,0.30000000000000004,0.30000000000000004,40.0,293,8880.0,13,99,1,0,113
247438,4.0,10.0,4.0,9.0,3.0,3.0,0.30000000000000004,0.30000000000000004,40.0,294,8680.0,13,98,1,0,112
247438,4.0,10.0,4.0,9.0,3.0,3.0,0.30000000000000004,0.30000000000000004,40.0,295,8760.0,13,100,2,0,115
247438,4.0,10.0,4.0,9.0,3.0,3.0,0.30000000000000004,0.30000000000000004,40.0,296,8680.0,13,101,2,0,116
247438,4.0,10.0,4.0,9.0,3.0,3.0,0.30000000000000004,0.30000000000000004,40.0,297,8760.0,13,104,2,0,119
247438,4.0,10.0,4.0,9.0,3.0,3.0,0.30000000000000004,0.30000000000000004,40.0,298,9000.0,12,104,2,0,118
247438,4.0,10.0,4.0,9.0,3.0,3.0,0.30000000000000004,0.30000000000000004,40.0,299,8960.0,11,100,2,0,113
247438,4.0,10.0,4.0,9.0,3.0,3.0,0.30000000000000004,0.30000000000000004,40.0,300,8760.0,10,99,2,0,111
247438,4.0,10.0,4.0,9.0,3.0,3.0,0.30000000000000004,0.30000000000000004,40.0,301,8720.0,9,103,2,0,114
247438,4.0,10.0,4.0,9.0,3.0,3.0,0.30000000000000004,0.30000000000000004,40.0,302,8760.0,8,100,2,0,110
247438,4.0,10.0,4.0,9.0,3.0,3.0,0.30000000000000004,0.30000000000000004,40.0,303,8680.0,7,105,2,0,114
247438,4.0,10.0,4.0,9.0,3.0,3.0,0.30000000000000004,0.30000000000000004,40.0,304,8560.0,7,105,2,0,114
247438,4.0,10.0,4.0,9.0,3.0,3.0,0.30000000000000004,0.30000000000000004,40.0,305,8640.0,7,102,2,0,111
247438,4.0,10.0,4.0,9.0,3.0,3.0,0.30000000000000004,0.30000000000000004,40.0,306,8960.0,7,102,2,0,111
247438,4.0,10.0,4.0,9.0,3.0,3.0,0.30000000000000004,0.30000000000000004,40.0,307,8800.0,7,99,3,0,109
247438,4.0,10.0,4.0,9.0,3.0,3.0,0.30000000000000004,0.30000000000000004,40.0,308,8600.0,7,100,3,0,110
247438,4.0,10.0,4.0,9.0,3.0,3.0,0.30000000000000004,0.30000000000000004,40.0,309,8600.0,7,104,3,0,114
247438,4.0,10.0,4.0,9.0,3.0,3.0,0.30000000000000004,0.30000000000000004,40.0,310,8520.0,8,106,3,0,117
247438,4.0,10.0,4.0,9.0,3.0,3.0,0.30000000000000004,0.30000000000000004,40.0,311,8600.0,8,103,3,0,114
247438,4.0,10.0,4.0,9.0,3.0,3.0,0.30000000000000004,0.30000000000000004,40.0,312,8640.0,8,103,3,0,114
247438,4.0,10.0,4.0,9.0,3.0,3.0,0.30000000000000004,0.30000000000000004,40.0,313,8560.0,8,103,4,0,115
247438,4.0,10.0,4.0,9.0,3.0,3.0,0.30000000000000004,0.30000000000000004,40.0,314,8640.0,8,101,4,0,113
247438,4.0,10.0,4.0,9.0,3.0,3.0,0.30000000000000004,0.30000000000000004,40.0,315,8800.0,8,102,4,0,114
247438,4.0,10.0,4.0,9.0,3.0,3.0,0.30000000000000004,0.30000000000000004,40.0,316,8880.0,7,102,4,0,113
247438,4.0,10.0,4.0,9.0,3.0,3.0,0.30000000000000004,0.30000000000000004,40.0,317,8880.0,7,102,4,0,113
247438,4.0,10.0,4.0,9.0,3.0,3.0,0.30000000000000004,0.30000000000000004,40.0,318,8960.0,7,103,4,0,114
247438,4.0,10.0,4.0,9.0,3.0,3.0,0.30000000000000004,0.30000000000000004,40.0,319,8920.0,8,103,4,0,115
247438,4.0,10.0,4.0,9.0,3.0,3.0,0.30000000000000004,0.30000000000000004,40.0,320,8880.0,8,103,4,0,115
247438,4.0,10.0,4.0,9.0,3.0,3.0,0.30000000000000004,0.30000000000000004,40.0,321,8840.0,8,105,5,0,118
247438,4.0,10.0,4.0,9.0,3.0,3.0,0.30000000000000004,0.30000000000000004,40.0,322,8920.0,9,105,5,0,119
247438,4.0,10.0,4.0,9.0,3.0,3.0,0.30000000000000004,0.30000000000000004,40.0,323,8880.0,8,101,5,0,114
247438,4.0,10.0,4.0,9.0,3.0,3.0,0.30000000000000004,0.30000000000000004,40.0,324,9080.0,6,103,5,0,114
247438,4.0,10.0,4.0,9.0,3.0,3.0,0.30000000000000004,0.30000000000000004,40.0,325,9120.0,8,100,5,0,113
247438,4.0,10.0,4.0,9.0,3.0,3.0,0.30000000000000004,0.30000000000000004,40.0,326,8960.0,10,99,4,0,113
247438,4.0,10.0,4.0,9.0,3.0,3.0,0.30000000000000004,0.30000000000000004,40.0,327,8720.0,10,101,4,0,115
247438,4.0,10.0,4.0,9.0,3.0,3.0,0.30000000000000004,0.30000000000000004,40.0,328,8840.0,12,100,4,0,116
247438,4.0,10.0,4.0,9.0,3.0,3.0,0.30000000000000004,0.30000000000000004,40.0,329,8720.0,12,100,4,0,116
247438,4.0,10.0,4.0,9.0,3.0,3.0,0.30000000000000004,0.30000000000000004,40.0,330,8840.0,12,100,4,0,116
247438,4.0,10.0,4.0,9.0,3.0,3.0,0.30000000000000004,0.30000000000000004,40.0,331,8840.0,13,99,4,0,116
247438,4.0,10.0,4.0,9.0,3.0,3.0,0.30000000000000004,0.30000000000000004,40.0,332,8960.0,13,97,4,0,114
247438,4.0,10.0,4.0,9.0,3.0,3.0,0.30000000000000004,0.30000000000000004,40.0,333,8880.0,13,96,5,0,114
247438,4.0,10.0,4.0,9.0,3.0,3.0,0.30000000000000004,0.30000000000000004,40.0,334,8880.0,15,94,5,0,114
247438,4.0,10.0,4.0,9.0,3.0,3.0,0.30000000000000004,0.30000000000000004,40.0,335,8800.0,15,92,5,0,112
247438,4.0,10.0,4.0,9.0,3.0,3.0,0.30000000000000004,0.30000000000000004,40.0,336,8920.0,15,92,6,0,113
247438,4.0,10.0,4.0,9.0,3.0,3.0,0.30000000000000004,0.30000000000000004,40.0,337,8720.0,16,91,6,0,113
247438,4.0,10.0,4.0,9.0,3.0,3.0,0.30000000000000004,0.30000000000000004,40.0,338,8520.0,16,90,7,0,113
247438,4.0,10.0,4.0,9.0,3.0,3.0,0.30000000000000004,0.30000000000000004,40.0,339,8560.0,17,90,7,0,114
247438,4.0,10.0,4.0,9.0,3.0,3.0,0.30000000000000004,0.30000000000000004,40.0,340,8640.0,17,89,7,1,113
247438,4.0,10.0,4.0,9.0,3.0,3.0,0.30000000000000004,0.30000000000000004,40.0,341,8680.0,17,90,7,1,114
247438,4.0,10.0,4.0,9.0,3.0,3.0,0.30000000000000004,0.30000000000000004,40.0,342,8800.0,18,88,7,1,113
247438,4.0,10.0,4.0,9.0,3.0,3.0,0.30000000000000004,0.30000000000000004,40.0,343,8800.0,19,89,7,1,115
247438,4.0,10.0,4.0,9.0,3.0,3.0,0.30000000000000004,0.30000000000000004,40.0,344,8720.0,19,90,7,1,116
247438,4.0,10.0,4.0,9.0,3.0,3.0,0.30000000000000004,0.30000000000000004,40.0,345,8840.0,20,87,7,1,114
247438,4.0,10.0,4.0,9.0,3.0,3.0,0.30000000000000004,0.30000000000000004,40.0,346,9000.0,21,87,8,1,116
247438,4.0,10.0,4.0,9.0,3.0,3.0,0.30000000000000004,0.30000000000000004,40.0,347,8840.0,21,83,8,1,112
247438,4.0,10.0,4.0,9.0,3.0,3.0,0.30000000000000004,0.30000000000000004,40.0,348,9040.0,20,77,8,1,105
247438,4.0,10.0,4.0,9.0,3.0,3.0,0.30000000000000004,0.30000000000000004,40.0,349,9000.0,21,77,9,1,107
247438,4.0,10.0,4.0,9.0,3.0,3.0,0.30000000000000004,0.30000000000000004,40.0,350,8840.0,21,75,9,1,105
247438,4.0,10.0,4.0,9.0,3.0,3.0,0.30000000000000004,0.30000000000000004,40.0,351,8880.0,21,73,10,1,104
247438,4.0,10.0,4.0,9.0,3.0,3.0,0.30000000000000004,0.30000000000000004,40.0,352,8720.0,24,70,12,1,106
247438,4.0,10.0,4.0,9.0,3.0,3.0,0.30000000000000004,0.30000000000000004,40.0,353,8600.0,24,70,12,1,106
247438,4.0,10.0,4.0,9.0,3.0,3.0,0.30000000000000004,0.30000000000000004,40.0,354,8400.0,27,68,13,1,108
247438,4.0,10.0,4.0,9.0,3.0,3.0,0.30000000000000004,0.30000000000000004,40.0,355,8360.0,28,70,15,1,114
247438,4.0,10.0,4.0,9.0,3.0,3.0,0.30000000000000004,0.30000000000000004,40.0,356,8400.0,28,69,15,1,113
247438,4.0,10.0,4.0,9.0,3.0,3.0,0.30000000000000004,0.30000000000000004,40.0,357,8680.0,27,69,16,1,113
247438,4.0,10.0,4.0,9.0,3.0,3.0,0.30000000000000004,0.30000000000000004,40.0,358,8440.0,26,72,17,2,116
247438,4.0,10.0,4.0,9.0,3.0,3.0,0.30000000000000004,0.30000000000000004,40.0,359,8840.0,28,70,17,1,116
247438,4.0,10.0,4.0,9.0,3.0,3.0,0.30000000000000004,0.30000000000000004,40.0,360,8640.0,30,69,16,1,116
247438,4.0,10.0,4.0,9.0,3.0,3.0,0.30000000000000004,0.30000000000000004,40.0,361,8920.0,30,70,18,1,119
247438,4.0,10.0,4.0,9.0,3.0,3.0,0.30000000000000004,0.30000000000000004,40.0,362,8880.0,30,65,18,1,114
247438,4.0,10.0,4.0,9.0,3.0,3.0,0.30000000000000004,0.30000000000000004,40.0,363,9000.0,30,65,17,1,113
247438,4.0,10.0,4.0,9.0,3.0,3.0,0.30000000000000004,0.30000000000000004,40.0,364,8960.0,31,65,19,1,116
247438,4.0,10.0,4.0,9.0,3.0,3.0,0.30000000000000004,0.30000000000000004,40.0,365,8960.0,32,63,20,1,116
247438,4.0,10.0,4.0,9.0,3.0,3.0,0.30000000000000004,0.30000000000000004,40.0,366,9160.0,31,61,20,1,113
247438,4.0,10.0,4.0,9.0,3.0,3.0,0.30000000000000004,0.30000000000000004,40.0,367,9080.0,32,59,21,1,113
247438,4.0,10.0,4.0,9.0,3.0,3.0,0.30000000000000004,0.30000000000000004,40.0,368,9040.0,32,61,22,1,116
247438,4.0,10.0,4.0,9.0,3.0,3.0,0.30000000000000004,0.30000000000000004,40.0,369,8960.0,30,57,22,1,110
247438,4.0,10.0,4.0,9.0,3.0,3.0,0.30000000000000004,0.30000000000000004,40.0,370,8720.0,31,54,23,1,109
247438,4.0,10.0,4.0,9.0,3.0,3.0,0.30000000000000004,0.30000000000000004,40.0,371,8760.0,31,55,22,1,109
247438,4.0,10.0,4.0,9.0,3.0,3.0,0.30000000000000004,0.30000000000000004,40.0,372,8520.0,31,54,22,1,108
247438,4.0,10.0,4.0,9.0,3.0,3.0,0.30000000000000004,0.30000000000000004,40.0,373,8400.0,34,54,24,1,113
247438,4.0,10.0,4.0,9.0,3.0,3.0,0.30000000000000004,0.30000000000000004,40.0,374,8640.0,34,56,26,1,117
247438,4.0,10.0,4.0,9.0,3.0,3.0,0.30000000000000004,0.30000000000000004,40.0,375,8880.0,34,56,26,1,117
247438,4.0,10.0,4.0,9.0,3.0,3.0,0.30000000000000004,0.30000000000000004,40.0,376,8840.0,34,57,27,1,119
247438,4.0,10.0,4.0,9.0,3.0,3.0,0.30000000000000004,0.30000000000000004,40.0,377,8960.0,33,57,26,1,117
247438,4.0,10.0,4.0,9.0,3.0,3.0,0.30000000000000004,0.30000000000000004,40.0,378,8960.0,31,58,26,1,116
247438,4.0,10.0,4.0,9.0,3.0,3.0,0.30000000000000004,0.30000000000000004,40.0,379,9120.0,31,56,24,1,111
247438,4.0,10.0,4.0,9.0,3.0,3.0,0.30000000000000004,0.30000000000000004,40.0,380,9120.0,32,53,24,1,109
247438,4.0,10.0,4.0,9.0,3.0,3.0,0.30000000000000004,0.30000000000000004,40.0,381,9040.0,30,53,23,1,106
247438,4.0,10.0,4.0,9.0,3.0,3.0,0.30000000000000004,0.30000000000000004,40.0,382,9160.0,31,51,23,1,105
247438,4.0,10.0,4.0,9.0,3.0,3.0,0.30000000000000004,0.30000000000000004,40.0,383,9040.0,31,51,22,1,104
247438,4.0,10.0,4.0,9.0,3.0,3.0,0.30000000000000004,0.30000000000000004,40.0,384,9000.0,29,54,22,1,105
247438,4.0,10.0,4.0,9.0,3.0,3.0,0.30000000000000004,0.30000000000000004,40.0,385,9000.0,29,51,21,1,101
247438,4.0,10.0,4.0,9.0,3.0,3.0,0.30000000000000004,0.30000000000000004,40.0,386,8880.0,29,52,21,1,102
247438,4.0,10.0,4.0,9.0,3.0,3.0,0.30000000000000004,0.30000000000000004,40.0,387,8880.0,29,54,20,1,103
247438,4.0,10.0,4.0,9.0,3.0,3.0,0.30000000000000004,0.30000000000000004,40.0,388,8720.0,29,58,17,1,104
247438,4.0,10.0,4.0,9.0,3.0,3.0,0.30000000000000004,0.30000000000000004,40.0,389,8280.0,28,58,17,3,103
247438,4.0,10.0,4.0,9.0,3.0,3.0,0.30000000000000004,0.30000000000000004,40.0,390,8080.0,29,60,17,3,106
247438,4.0,10.0,4.0,9.0,3.0,3.0,0.30000000000000004,0.30000000000000004,40.0,391,8440.0,28,64,16,3,108
247438,4.0,10.0,4.0,9.0,3.0,3.0,0.30000000000000004,0.30000000000000004,40.0,392,8320.0,28,63,17,3,108
247438,4.0,10.0,4.0,9.0,3.0,3.0,0.30000000000000004,0.30000000000000004,40.0,393,8480.0,28,65,17,3,110
247438,4.0,10.0,4.0,9.0,3.0,3.0,0.30000000000000004,0.30000000000000004,40.0,394,8600.0,25,68,17,3,110
247438,4.0,10.0,4.0,9.0,3.0,3.0,0.30000000000000004,0.30000000000000004,40.0,395,8720.0,25,67,17,3,109
247438,4.0,10.0,4.0,9.0,3.0,3.0,0.30000000000000004,0.30000000000000004,40.0,396,8680.0,23,70,17,3,110
247438,4.0,10.0,4.0,9.0,3.0,3.0,0.30000000000000004,0.30000000000000004,40.0,397,8640.0,24,73,17,3,114
247438,4.0,10.0,4.0,9.0,3.0,3.0,0.30000000000000004,0.30000000000000004,40.0,398,8800.0,23,74,16,3,113
247438,4.0,10.0,4.0,9.0,3.0,3.0,0.30000000000000004,0.30000000000000004,40.0,399,8880.0,24,73,16,3,113
247438,4.0,10.0,4.0,9.0,3.0,3.0,0.30000000000000004,0.30000000000000004,40.0,400,8720.0,24,74,14,3,112
247438,4.0,10.0,4.0,9.0,3.0,3.0,0.30000000000000004,0.30000000000000004,40.0,401,8960.0,25,75,15,2,115
247438,4.0,10.0,4.0,9.0,3.0,3.0,0.30000000000000004,0.30000000000000004,40.0,402,9000.0,22,77,15,2,114
247438,4.0,10.0,4.0,9.0,3.0,3.0,0.30000000000000004,0.30000000000000004,40.0,403,8840.0,22,79,15,2,116
247438,4.0,10.0,4.0,9.0,3.0,3.0,0.30000000000000004,0.30000000000000004,40.0,404,8760.0,21,79,15,2,115
247438,4.0,10.0,4.0,9.0,3.0,3.0,0.30000000000000004,0.30000000000000004,40.0,405,9080.0,21,79,11,2,111
247438,4.0,10.0,4.0,9.0,3.0,3.0,0.30000000000000004,0.30000000000000004,40.0,406,9000.0,23,78,9,2,110
247438,4.0,10.0,4.0,9.0,3.0,3.0,0.30000000000000004,0.30000000000000004,40.0,407,8920.0,21,80,9,2,110
247438,4.0,10.0,4.0,9.0,3.0,3.0,0.30000000000000004,0.30000000000000004,40.0,408,8880.0,20,81,8,2,109
247438,4.0,10.0,4.0,9.0,3.0,3.0,0.30000000000000004,0.30000000000000004,40.0,409,8880.0,21,80,9,2,110
247438,4.0,10.0,4.0,9.0,3.0,3.0,0.30000000000000004,0.30000000000000004,40.0,410,8720.0,19,84,9,2,112
247438,4.0,10.0,4.0,9.0,3.0,3.0,0.30000000000000004,0.30000000000000004,40.0,411,8680.0,18,84,10,2,112
247438,4.0,10.0,4.0,9.0,3.0,3.0,0.30000000000000004,0.30000000000000004,40.0,412,8760.0,19,84,10,2,113
247438,4.0,10.0,4.0,9.0,3.0,3.0,0.30000000000000004,0.30000000000000004,40.0,413,8880.0,19,86,10,2,115
247438,4.0,10.0,4.0,9.0,3.0,3.0,0.30000000000000004,0.30000000000000004,40.0,414,9000.0,18,85,9,2,112
247438,4.0,10.0,4.0,9.0,3.0,3.0,0.30000000000000004,0.30000000000000004,40.0,415,8960.0,17,82,8,2,107
247438,4.0,10.0,4.0,9.0,3.0,3.0,0.30000000000000004,0.30000000000000004,40.0,416,8760.0,18,83,9,2,110
247438,4.0,10.0,4.0,9.0,3.0,3.0,0.30000000000000004,0.30000000000000004,40.0,417,8560.0,18,81,9,2,108
247438,4.0,10.0,4.0,9.0,3.0,3.0,0.30000000000000004,0.30000000000000004,40.0,418,8760.0,15,80,8,2,103
247438,4.0,10.0,4.0,9.0,3.0,3.0,0.30000000000000004,0.30000000000000004,40.0,419,8520.0,16,83,9,2,108
247438,4.0,10.0,4.0,9.0,3.0,3.0,0.30000000000000004,0.30000000000000004,40.0,420,8400.0,15,83,9,2,107
247438,4.0,10.0,4.0,9.0,3.0,3.0,0.30000000000000004,0.30000000000000004,40.0,421,8440.0,15,84,9,2,108
247438,4.0,10.0,4.0,9.0,3.0,3.0,0.30000000000000004,0.30000000000000004,40.0,422,8520.0,15,90,9,2,114
247438,4.0,10.0,4.0,9.0,3.0,3.0,0.30000000000000004,0.30000000000000004,40.0,423,8600.0,16,88,9,2,113
247438,4.0,10.0,4.0,9.0,3.0,3.0,0.30000000000000004,0.30000000000000004,40.0,424,8720.0,17,85,9,1,111
247438,4.0,10.0,4.0,9.0,3.0,3.0,0.30000000000000004,0.30000000000000004,40.0,425,8720.0,18,90,9,1,117
247438,4.0,10.0,4.0,9.0,3.0,3.0,0.30000000000000004,0.30000000000000004,40.0,426,8560.0,19,90,9,1,118
247438,4.0,10.0,4.0,9.0,3.0,3.0,0.30000000000000004,0.30000000000000004,40.0,427,8960.0,21,84,8,1,113
247438,4.0,10.0,4.0,9.0,3.0,3.0,0.30000000000000004,0.30000000000000004,40.0,428,8800.0,20,86,8,1,114
247438,4.0,10.0,4.0,9.0,3.0,3.0,0.30000000000000004,0.30000000000000004,40.0,429,8640.0,20,83,8,1,111
247438,4.0,10.0,4.0,9.0,3.0,3.0,0.30000000000000004,0.30000000000000004,40.0,430,8800.0,18,85,8,1,111
247438,4.0,10.0,4.0,9.0,3.0,3.0,0.30000000000000004,0.30000000000000004,40.0,431,8720.0,18,89,8,0,115
247438,4.0,10.0,4.0,9.0,3.0,3.0,0.30000000000000004,0.30000000000000004,40.0,432,8560.0,19,91,7,0,117
247438,4.0,10.0,4.0,9.0,3.0,3.0,0.30000000000000004,0.30000000000000004,40.0,433,8760.0,20,91,6,0,117
247438,4.0,10.0,4.0,9.0,3.0,3.0,0.30000000000000004,0.30000000000000004,40.0,434,9000.0,19,92,6,0,117
247438,4.0,10.0,4.0,9.0,3.0,3.0,0.30000000000000004,0.30000000000000004,40.0,435,9120.0,20,93,6,0,119
247438,4.0,10.0,4.0,9.0,3.0,3.0,0.30000000000000004,0.30000000000000004,40.0,436,9160.0,21,92,6,0,119
247438,4.0,10.0,4.0,9.0,3.0,3.0,0.30000000000000004,0.30000000000000004,40.0,437,9120.0,21,90,6,0,117
247438,4.0,10.0,4.0,9.0,3.0,3.0,0.30000000000000004,0.30000000000000004,40.0,438,9040.0,22,91,6,0,119
247438,4.0,10.0,4.0,9.0,3.0,3.0,0.30000000000000004,0.30000000000000004,40.0,439,9080.0,23,87,5,0,115
247438,4.0,10.0,4.0,9.0,3.0,3.0,0.30000000000000004,0.30000000000000004,40.0,440,8960.0,22,88,5,0,115
247438,4.0,10.0,4.0,9.0,3.0,3.0,0.30000000000000004,0.30000000000000004,40.0,441,8960.0,22,89,5,0,116
247438,4.0,10.0,4.0,9.0,3.0,3.0,0.30000000000000004,0.30000000000000004,40.0,442,8960.0,22,87,5,0,114
247438,4.0,10.0,4.0,9.0,3.0,3.0,0.30000000000000004,0.30000000000000004,40.0,443,8800.0,22,84,5,0,111
247438,4.0,10.0,4.0,9.0,3.0,3.0,0.30000000000000004,0.30000000000000004,40.0,444,8680.0,22,88,5,0,115
247438,4.0,10.0,4.0,9.0,3.0,3.0,0.30000000000000004,0.30000000000000004,40.0,445,8760.0,23,86,5,0,114
247438,4.0,10.0,4.0,9.0,3.0,3.0,0.30000000000000004,0.30000000000000004,40.0,446,8880.0,23,83,3,0,109
247438,4.0,10.0,4.0,9.0,3.0,3.0,0.30000000000000004,0.30000000000000004,40.0,447,8560.0,22,89,3,0,114
247438,4.0,10.0,4.0,9.0,3.0,3.0,0.30000000000000004,0.30000000000000004,40.0,448,8440.0,23,87,3,0,113
247438,4.0,10.0,4.0,9.0,3.0,3.0,0.30000000000000004,0.30000000000000004,40.0,449,8440.0,23,84,2,0,109
247438,4.0,10.0,4.0,9.0,3.0,3.0,0.30000000000000004,0.30000000000000004,40.0,450,8320.0,25,86,2,0,113
247438,4.0,10.0,4.0,9.0,3.0,3.0,0.30000000000000004,0.30000000000000004,40.0,451,8360.0,26,87,2,0,115
247438,4.0,10.0,4.0,9.0,3.0,3.0,0.30000000000000004,0.30000000000000004,40.0,452,8560.0,27,84,2,0,113
247438,4.0,10.0,4.0,9.0,3.0,3.0,0.30000000000000004,0.30000000000000004,40.0,453,8520.0,29,85,2,0,116
247438,4.0,10.0,4.0,9.0,3.0,3.0,0.30000000000000004,0.30000000000000004,40.0,454,8400.0,29,82,1,0,112
247438,4.0,10.0,4.0,9.0,3.0,3.0,0.30000000000000004,0.30000000000000004,40.0,455,8440.0,32,83,1,0,116
247438,4.0,10.0,4.0,9.0,3.0,3.0,0.30000000000000004,0.30000000000000004,40.0,456,8800.0,34,84,1,0,119
247438,4.0,10.0,4.0,9.0,3.0,3.0,0.30000000000000004,0.30000000000000004,40.0,457,8760.0,32,82,1,0,115
247438,4.0,10.0,4.0,9.0,3.0,3.0,0.30000000000000004,0.30000000000000004,40.0,458,8840.0,32,83,1,0,116
247438,4.0,10.0,4.0,9.0,3.0,3.0,0.30000000000000004,0.30000000000000004,40.0,459,9000.0,33,85,1,0,119
247438,4.0,10.0,4.0,9.0,3.0,3.0,0.30000000000000004,0.30000000000000004,40.0,460,9160.0,33,86,1,0,120
247438,4.0,10.0,4.0,9.0,3.0,3.0,0.30000000000000004,0.30000000000000004,40.0,461,9000.0,31,84,1,0,116
247438,4.0,10.0,4.0,9.0,3.0,3.0,0.30000000000000004,0.30000000000000004,40.0,462,9160.0,34,81,1,0,116
247438,4.0,10.0,4.0,9.0,3.0,3.0,0.30000000000000004,0.30000000000000004,40.0,463,9080.0,33,80,1,0,114
247438,4.0,10.0,4.0,9.0,3.0,3.0,0.30000000000000004,0.30000000000000004,40.0,464,9040.0,33,81,0,0,114
247438,4.0,10.0,4.0,9.0,3.0,3.0,0.30000000000000004,0.30000000000000004,40.0,465,8960.0,33,80,0,0,113
247438,4.0,10.0,4.0,9.0,3.0,3.0,0.30000000000000004,0.30000000000000004,40.0,466,8800.0,32,80,0,0,112
247438,4.0,10.0,4.0,9.0,3.0,3.0,0.30000000000000004,0.30000000000000004,40.0,467,8720.0,33,81,0,0,114
247438,4.0,10.0,4.0,9.0,3.0,3.0,0.30000000000000004,0.30000000000000004,40.0,468,8640.0,36,80,0,0,116
247438,4.0,10.0,4.0,9.0,3.0,3.0,0.30000000000000004,0.30000000000000004,40.0,469,8800.0,34,81,0,0,115
247438,4.0,10.0,4.0,9.0,3.0,3.0,0.30000000000000004,0.30000000000000004,40.0,470,8720.0,33,83,0,0,116
247438,4.0,10.0,4.0,9.0,3.0,3.0,0.30000000000000004,0.30000000000000004,40.0,471,8720.0,34,83,0,0,117
247438,4.0,10.0,4.0,9.0,3.0,3.0,0.30000000000000004,0.30000000000000004,40.0,472,8840.0,34,82,0,0,116
247438,4.0,10.0,4.0,9.0,3.0,3.0,0.30000000000000004,0.30000000000000004,40.0,473,8880.0,34,82,0,0,116
247438,4.0,10.0,4.0,9.0,3.0,3.0,0.30000000000000004,0.30000000000000004,40.0,474,8680.0,33,81,0,0,114
247438,4.0,10.0,4.0,9.0,3.0,3.0,0.30000000000000004,0.30000000000000004,40.0,475,8880.0,35,80,0,0,115
247438,4.0,10.0,4.0,9.0,3.0,3.0,0.30000000000000004,0.30000000000000004,40.0,476,8840.0,34,81,0,0,115
247438,4.0,10.0,4.0,9.0,3.0,3.0,0.30000000000000004,0.30000000000000004,40.0,477,9040.0,34,78,0,0,112
247438,4.0,10.0,4.0,9.0,3.0,3.0,0.30000000000000004,0.30000000000000004,40.0,478,8720.0,34,75,0,0,109
247438,4.0,10.0,4.0,9.0,3.0,3.0,0.30000000000000004,0.30000000000000004,40.0,479,8800.0,34,75,0,0,109
247438,4.0,10.0,4.0,9.0,3.0,3.0,0.30000000000000004,0.30000000000000004,40.0,480,8920.0,36,74,1,0,111
247438,4.0,10.0,4.0,9.0,3.0,3.0,0.30000000000000004,0.30000000000000004,40.0,481,9000.0,34,71,1,0,106
247438,4.0,10.0,4.0,9.0,3.0,3.0,0.30000000000000004,0.30000000000000004,40.0,482,8840.0,33,66,1,0,100
247438,4.0,10.0,4.0,9.0,3.0,3.0,0.30000000000000004,0.30000000000000004,40.0,483,8800.0,35,69,1,0,105
247438,4.0,10.0,4.0,9.0,3.0,3.0,0.30000000000000004,0.30000000000000004,40.0,484,8520.0,37,70,1,0,108
247438,4.0,10.0,4.0,9.0,3.0,3.0,0.30000000000000004,0.30000000000000004,40.0,485,8440.0,36,73,1,0,110
247438,4.0,10.0,4.0,9.0,3.0,3.0,0.30000000000000004,0.30000000000000004,40.0,486,8240.0,40,73,1,0,114
247438,4.0,10.0,4.0,9.0,3.0,3.0,0.30000000000000004,0.30000000000000004,40.0,487,8160.0,42,73,1,0,116
247438,4.0,10.0,4.0,9.0,3.0,3.0,0.30000000000000004,0.30000000000000004,40.0,488,8320.0,44,75,1,0,120
247438,4.0,10.0,4.0,9.0,3.0,3.0,0.30000000000000004,0.30000000000000004,40.0,489,8760.0,44,73,1,0,118
247438,4.0,10.0,4.0,9.0,3.0,3.0,0.30000000000000004,0.30000000000000004,40.0,490,8640.0,44,72,1,0,117
247438,4.0,10.0,4.0,9.0,3.0,3.0,0.30000000000000004,0.30000000000000004,40.0,491,8680.0,44,73,1,0,118
247438,4.0,10.0,4.0,9.0,3.0,3.0,0.30000000000000004,0.30000000000000004,40.0,492,8880.0,43,73,1,0,117
247438,4.0,10.0,4.0,9.0,3.0,3.0,0.30000000000000004,0.30000000000000004,40.0,493,8960.0,43,73,1,0,117
247438,4.0,10.0,4.0,9.0,3.0,3.0,0.30000000000000004,0.30000000000000004,40.0,494,9160.0,45,68,1,0,114
247438,4.0,10.0,4.0,9.0,3.0,3.0,0.30000000000000004,0.30000000000000004,40.0,495,9080.0,42,70,1,0,113
247438,4.0,10.0,4.0,9.0,3.0,3.0,0.30000000000000004,0.30000000000000004,40.0,496,9160.0,43,68,1,0,112
247438,4.0,10.0,4.0,9.0,3.0,3.0,0.30000000000000004,0.30000000000000004,40.0,497,8920.0,42,65,2,0,109
247438,4.0,10.0,4.0,9.0,3.0,3.0,0.30000000000000004,0.30000000000000004,40.0,498,9080.0,44,65,2,0,111
247438,4.0,10.0,4.0,9.0,3.0,3.0,0.30000000000000004,0.30000000000000004,40.0,499,8840.0,47,65,2,0,114