Exp Num,agent:svo_convergence_factor,agent:params:metabolism,agent:params:consumption_factor,agent:params:procreate_cost_factor,agent:params:procreate_req_factor,agent:params:start_energy_factor,agent:params:caught_chance,agent:params:caught_cooldown_factor,agent:params:maximum_age,Epoch,Resource,A,B,C,D,E
209744,4.0,5.0,2.0,3.0,2.0,1.0,0.5,0.4,50.0,0,4000.0,23,26,15,23,77
209744,4.0,5.0,2.0,3.0,2.0,1.0,0.5,0.4,50.0,1,4000.0,23,26,15,23,77
209744,4.0,5.0,2.0,3.0,2.0,1.0,0.5,0.4,50.0,2,4000.0,23,26,15,23,77
209744,4.0,5.0,2.0,3.0,2.0,1.0,0.5,0.4,50.0,3,4000.0,23,26,15,23,77
209744,4.0,5.0,2.0,3.0,2.0,1.0,0.5,0.4,50.0,4,4000.0,30,41,27,35,115
209744,4.0,5.0,2.0,3.0,2.0,1.0,0.5,0.4,50.0,5,3500.0,32,48,32,41,134
209744,4.0,5.0,2.0,3.0,2.0,1.0,0.5,0.4,50.0,6,3295.0,32,48,33,41,139
209744,4.0,5.0,2.0,3.0,2.0,1.0,0.5,0.4,50.0,7,3438.75,36,57,41,45,164
209744,4.0,5.0,2.0,3.0,2.0,1.0,0.5,0.4,50.0,8,3908.4375,39,61,42,45,172
209744,4.0,5.0,2.0,3.0,2.0,1.0,0.5,0.4,50.0,9,4405.546875,38,54,35,40,157
209744,4.0,5.0,2.0,3.0,2.0,1.0,0.5,0.4,50.0,10,5066.93359375,34,48,31,42,142
209744,4.0,5.0,2.0,3.0,2.0,1.0,0.5,0.4,50.0,11,5533.6669921875,26,35,25,39,114
209744,4.0,5.0,2.0,3.0,2.0,1.0,0.5,0.4,50.0,12,5927.083740234375,21,33,24,39,106
209744,4.0,5.0,2.0,3.0,2.0,1.0,0.5,0.4,50.0,13,6288.854675292969,22,32,27,41,111
209744,4.0,5.0,2.0,3.0,2.0,1.0,0.5,0.4,50.0,14,6621.068344116211,19,34,29,43,118
209744,4.0,5.0,2.0,3.0,2.0,1.0,0.5,0.4,50.0,15,6706.335430145264,21,41,41,52,145
209744,4.0,5.0,2.0,3.0,2.0,1.0,0.5,0.4,50.0,16,6412.91928768158,31,47,53,59,181
209744,4.0,5.0,2.0,3.0,2.0,1.0,0.5,0.4,50.0,17,5616.1491096019745,37,58,63,74,217
209744,4.0,5.0,2.0,3.0,2.0,1.0,0.5,0.4,50.0,18,5410.186387002468,44,66,74,79,253
209744,4.0,5.0,2.0,3.0,2.0,1.0,0.5,0.4,50.0,19,6072.732983753085,49,69,78,81,265
209744,4.0,5.0,2.0,3.0,2.0,1.0,0.5,0.4,50.0,20,6780.916229691356,48,73,78,80,269
209744,4.0,5.0,2.0,3.0,2.0,1.0,0.5,0.4,50.0,21,7516.1452871141955,48,70,65,77,255
209744,4.0,5.0,2.0,3.0,2.0,1.0,0.5,0.4,50.0,22,8495.181608892744,45,61,57,64,230
209744,4.0,5.0,2.0,3.0,2.0,1.0,0.5,0.4,50.0,23,8430.0,35,51,47,59,200
209744,4.0,5.0,2.0,3.0,2.0,1.0,0.5,0.4,50.0,24,8180.0,29,46,43,59,188
209744,4.0,5.0,2.0,3.0,2.0,1.0,0.5,0.4,50.0,25,7880.0,31,49,46,62,204
209744,4.0,5.0,2.0,3.0,2.0,1.0,0.5,0.4,50.0,26,7330.0,40,56,55,72,241
209744,4.0,5.0,2.0,3.0,2.0,1.0,0.5,0.4,50.0,27,6152.5,45,65,67,85,292
209744,4.0,5.0,2.0,3.0,2.0,1.0,0.5,0.4,50.0,28,6870.625,46,72,70,90,306
209744,4.0,5.0,2.0,3.0,2.0,1.0,0.5,0.4,50.0,29,7828.28125,49,73,74,92,319
209744,4.0,5.0,2.0,3.0,2.0,1.0,0.5,0.4,50.0,30,8635.3515625,47,66,72,84,310
209744,4.0,5.0,2.0,3.0,2.0,1.0,0.5,0.4,50.0,31,8960.0,41,54,65,77,285
209744,4.0,5.0,2.0,3.0,2.0,1.0,0.5,0.4,50.0,32,8660.0,38,47,61,70,271
209744,4.0,5.0,2.0,3.0,2.0,1.0,0.5,0.4,50.0,33,8660.0,27,45,52,69,245
209744,4.0,5.0,2.0,3.0,2.0,1.0,0.5,0.4,50.0,34,8210.0,26,39,45,71,236
209744,4.0,5.0,2.0,3.0,2.0,1.0,0.5,0.4,50.0,35,7760.0,23,43,47,71,243
209744,4.0,5.0,2.0,3.0,2.0,1.0,0.5,0.4,50.0,36,7130.0,27,43,53,75,260
209744,4.0,5.0,2.0,3.0,2.0,1.0,0.5,0.4,50.0,37,6442.5,29,47,62,82,290
209744,4.0,5.0,2.0,3.0,2.0,1.0,0.5,0.4,50.0,38,6793.125,29,51,68,89,304
209744,4.0,5.0,2.0,3.0,2.0,1.0,0.5,0.4,50.0,39,7431.40625,30,53,73,91,316
209744,4.0,5.0,2.0,3.0,2.0,1.0,0.5,0.4,50.0,40,8049.2578125,26,54,67,92,304
209744,4.0,5.0,2.0,3.0,2.0,1.0,0.5,0.4,50.0,41,8660.0,23,51,62,83,293
209744,4.0,5.0,2.0,3.0,2.0,1.0,0.5,0.4,50.0,42,8260.0,25,46,57,78,286
209744,4.0,5.0,2.0,3.0,2.0,1.0,0.5,0.4,50.0,43,8270.0,21,46,52,75,276
209744,4.0,5.0,2.0,3.0,2.0,1.0,0.5,0.4,50.0,44,7920.0,24,45,60,68,288
209744,4.0,5.0,2.0,3.0,2.0,1.0,0.5,0.4,50.0,45,7560.0,27,42,69,77,301
209744,4.0,5.0,2.0,3.0,2.0,1.0,0.5,0.4,50.0,46,7150.0,31,45,74,83,315
209744,4.0,5.0,2.0,3.0,2.0,1.0,0.5,0.4,50.0,47,7187.5,31,49,80,83,328
209744,4.0,5.0,2.0,3.0,2.0,1.0,0.5,0.4,50.0,48,7344.375,30,51,84,80,332
209744,4.0,5.0,2.0,3.0,2.0,1.0,0.5,0.4,50.0,49,7750.46875,29,51,88,81,333
209744,4.0,5.0,2.0,3.0,2.0,1.0,0.5,0.4,50.0,50,8058.0859375,29,49,79,82,318
209744,4.0,5.0,2.0,3.0,2.0,1.0,0.5,0.4,50.0,51,8450.0,24,46,74,76,303
209744,4.0,5.0,2.0,3.0,2.0,1.0,0.5,0.4,50.0,52,8170.0,18,43,70,77,291
209744,4.0,5.0,2.0,3.0,2.0,1.0,0.5,0.4,50.0,53,8100.0,16,44,62,76,283
209744,4.0,5.0,2.0,3.0,2.0,1.0,0.5,0.4,50.0,54,7780.0,17,52,62,79,287
209744,4.0,5.0,2.0,3.0,2.0,1.0,0.5,0.4,50.0,55,7295.0,21,59,63,90,303
209744,4.0,5.0,2.0,3.0,2.0,1.0,0.5,0.4,50.0,56,7108.75,21,61,65,95,309
209744,4.0,5.0,2.0,3.0,2.0,1.0,0.5,0.4,50.0,57,7265.9375,23,64,71,97,320
209744,4.0,5.0,2.0,3.0,2.0,1.0,0.5,0.4,50.0,58,7732.421875,23,64,69,94,313
209744,4.0,5.0,2.0,3.0,2.0,1.0,0.5,0.4,50.0,59,7995.52734375,23,60,67,89,305
209744,4.0,5.0,2.0,3.0,2.0,1.0,0.5,0.4,50.0,60,8384.4091796875,19,57,61,91,292
209744,4.0,5.0,2.0,3.0,2.0,1.0,0.5,0.4,50.0,61,8240.0,17,50,61,85,281
209744,4.0,5.0,2.0,3.0,2.0,1.0,0.5,0.4,50.0,62,8090.0,20,43,63,78,278
209744,4.0,5.0,2.0,3.0,2.0,1.0,0.5,0.4,50.0,63,7940.0,24,45,69,80,287
209744,4.0,5.0,2.0,3.0,2.0,1.0,0.5,0.4,50.0,64,7255.0,27,55,78,86,310
209744,4.0,5.0,2.0,3.0,2.0,1.0,0.5,0.4,50.0,65,7148.75,30,63,79,90,323
209744,4.0,5.0,2.0,3.0,2.0,1.0,0.5,0.4,50.0,66,7175.9375,34,66,82,93,330
209744,4.0,5.0,2.0,3.0,2.0,1.0,0.5,0.4,50.0,67,7679.921875,34,68,79,92,327
209744,4.0,5.0,2.0,3.0,2.0,1.0,0.5,0.4,50.0,68,8039.90234375,29,65,77,87,315
209744,4.0,5.0,2.0,3.0,2.0,1.0,0.5,0.4,50.0,69,8640.0,25,61,63,84,287
209744,4.0,5.0,2.0,3.0,2.0,1.0,0.5,0.4,50.0,70,8600.0,21,51,58,78,265
209744,4.0,5.0,2.0,3.0,2.0,1.0,0.5,0.4,50.0,71,8430.0,21,44,54,73,251
209744,4.0,5.0,2.0,3.0,2.0,1.0,0.5,0.4,50.0,72,8230.0,24,41,53,68,250
209744,4.0,5.0,2.0,3.0,2.0,1.0,0.5,0.4,50.0,73,7890.0,29,44,52,72,256
209744,4.0,5.0,2.0,3.0,2.0,1.0,0.5,0.4,50.0,74,7492.5,32,49,51,76,262
209744,4.0,5.0,2.0,3.0,2.0,1.0,0.5,0.4,50.0,75,6805.625,40,61,52,82,287
209744,4.0,5.0,2.0,3.0,2.0,1.0,0.5,0.4,50.0,76,6627.03125,49,65,56,83,310
209744,4.0,5.0,2.0,3.0,2.0,1.0,0.5,0.4,50.0,77,7203.7890625,50,69,58,80,318
209744,4.0,5.0,2.0,3.0,2.0,1.0,0.5,0.4,50.0,78,7684.736328125,48,68,56,80,311
209744,4.0,5.0,2.0,3.0,2.0,1.0,0.5,0.4,50.0,79,8305.92041015625,45,61,50,79,293
209744,4.0,5.0,2.0,3.0,2.0,1.0,0.5,0.4,50.0,80,8630.0,45,53,46,72,277
209744,4.0,5.0,2.0,3.0,2.0,1.0,0.5,0.4,50.0,81,8440.0,42,44,44,71,264
209744,4.0,5.0,2.0,3.0,2.0,1.0,0.5,0.4,50.0,82,8510.0,38,32,41,66,244
209744,4.0,5.0,2.0,3.0,2.0,1.0,0.5,0.4,50.0,83,7900.0,44,35,44,59,252
209744,4.0,5.0,2.0,3.0,2.0,1.0,0.5,0.4,50.0,84,7435.0,46,39,51,61,265
209744,4.0,5.0,2.0,3.0,2.0,1.0,0.5,0.4,50.0,85,6513.75,53,50,58,63,296
209744,4.0,5.0,2.0,3.0,2.0,1.0,0.5,0.4,50.0,86,6552.1875,60,54,67,66,318
209744,4.0,5.0,2.0,3.0,2.0,1.0,0.5,0.4,50.0,87,6940.234375,67,57,68,67,330
209744,4.0,5.0,2.0,3.0,2.0,1.0,0.5,0.4,50.0,88,7365.29296875,69,59,68,62,330
209744,4.0,5.0,2.0,3.0,2.0,1.0,0.5,0.4,50.0,89,7856.6162109375,72,52,68,56,317
209744,4.0,5.0,2.0,3.0,2.0,1.0,0.5,0.4,50.0,90,8270.770263671875,70,52,60,54,306
209744,4.0,5.0,2.0,3.0,2.0,1.0,0.5,0.4,50.0,91,8500.0,65,45,55,50,283
209744,4.0,5.0,2.0,3.0,2.0,1.0,0.5,0.4,50.0,92,8090.0,69,43,55,48,286
209744,4.0,5.0,2.0,3.0,2.0,1.0,0.5,0.4,50.0,93,7980.0,76,44,54,49,295
209744,4.0,5.0,2.0,3.0,2.0,1.0,0.5,0.4,50.0,94,7555.0,89,48,57,52,314
209744,4.0,5.0,2.0,3.0,2.0,1.0,0.5,0.4,50.0,95,6943.75,106,60,57,57,348
209744,4.0,5.0,2.0,3.0,2.0,1.0,0.5,0.4,50.0,96,6989.6875,111,69,56,58,355
209744,4.0,5.0,2.0,3.0,2.0,1.0,0.5,0.4,50.0,97,7527.109375,117,71,58,58,364
209744,4.0,5.0,2.0,3.0,2.0,1.0,0.5,0.4,50.0,98,8038.88671875,113,71,54,55,354
209744,4.0,5.0,2.0,3.0,2.0,1.0,0.5,0.4,50.0,99,8600.0,101,64,49,50,329
209744,4.0,5.0,2.0,3.0,2.0,1.0,0.5,0.4,50.0,100,8480.0,87,60,48,48,308
209744,4.0,5.0,2.0,3.0,2.0,1.0,0.5,0.4,50.0,101,8420.0,83,54,43,48,291
209744,4.0,5.0,2.0,3.0,2.0,1.0,0.5,0.4,50.0,102,8240.0,76,51,39,46,275
209744,4.0,5.0,2.0,3.0,2.0,1.0,0.5,0.4,50.0,103,7830.0,84,54,49,43,299
209744,4.0,5.0,2.0,3.0,2.0,1.0,0.5,0.4,50.0,104,7157.5,99,66,51,46,329
209744,4.0,5.0,2.0,3.0,2.0,1.0,0.5,0.4,50.0,105,6746.875,105,77,57,46,354
209744,4.0,5.0,2.0,3.0,2.0,1.0,0.5,0.4,50.0,106,7033.59375,112,81,56,45,363
209744,4.0,5.0,2.0,3.0,2.0,1.0,0.5,0.4,50.0,107,7521.9921875,113,83,59,43,367
209744,4.0,5.0,2.0,3.0,2.0,1.0,0.5,0.4,50.0,108,7992.490234375,107,79,58,42,357
209744,4.0,5.0,2.0,3.0,2.0,1.0,0.5,0.4,50.0,109,8570.61279296875,96,70,56,41,333
209744,4.0,5.0,2.0,3.0,2.0,1.0,0.5,0.4,50.0,110,8530.0,86,60,49,39,301
209744,4.0,5.0,2.0,3.0,2.0,1.0,0.5,0.4,50.0,111,8410.0,74,61,48,37,288
209744,4.0,5.0,2.0,3.0,2.0,1.0,0.5,0.4,50.0,112,8060.0,72,64,43,33,283
209744,4.0,5.0,2.0,3.0,2.0,1.0,0.5,0.4,50.0,113,7670.0,78,70,46,35,300
209744,4.0,5.0,2.0,3.0,2.0,1.0,0.5,0.4,50.0,114,6837.5,92,86,51,37,337
209744,4.0,5.0,2.0,3.0,2.0,1.0,0.5,0.4,50.0,115,6576.875,101,92,57,39,358
209744,4.0,5.0,2.0,3.0,2.0,1.0,0.5,0.4,50.0,116,6831.09375,106,100,60,38,373
209744,4.0,5.0,2.0,3.0,2.0,1.0,0.5,0.4,50.0,117,7388.8671875,106,102,64,37,379
209744,4.0,5.0,2.0,3.0,2.0,1.0,0.5,0.4,50.0,118,8026.083984375,106,94,63,32,367
209744,4.0,5.0,2.0,3.0,2.0,1.0,0.5,0.4,50.0,119,8730.0,96,83,56,28,338
209744,4.0,5.0,2.0,3.0,2.0,1.0,0.5,0.4,50.0,120,8810.0,78,73,50,22,306
209744,4.0,5.0,2.0,3.0,2.0,1.0,0.5,0.4,50.0,121,8370.0,70,63,51,23,288
209744,4.0,5.0,2.0,3.0,2.0,1.0,0.5,0.4,50.0,122,7870.0,69,63,45,23,281
209744,4.0,5.0,2.0,3.0,2.0,1.0,0.5,0.4,50.0,123,7407.5,73,71,51,21,302
209744,4.0,5.0,2.0,3.0,2.0,1.0,0.5,0.4,50.0,124,6529.375,85,80,57,20,334
209744,4.0,5.0,2.0,3.0,2.0,1.0,0.5,0.4,50.0,125,6421.71875,99,87,62,23,365
209744,4.0,5.0,2.0,3.0,2.0,1.0,0.5,0.4,50.0,126,7027.1484375,105,92,62,23,377
209744,4.0,5.0,2.0,3.0,2.0,1.0,0.5,0.4,50.0,127,7773.935546875,104,89,59,23,367
209744,4.0,5.0,2.0,3.0,2.0,1.0,0.5,0.4,50.0,128,8677.41943359375,93,81,58,23,346
209744,4.0,5.0,2.0,3.0,2.0,1.0,0.5,0.4,50.0,129,8730.0,85,71,55,23,323
209744,4.0,5.0,2.0,3.0,2.0,1.0,0.5,0.4,50.0,130,8730.0,77,61,49,21,294
209744,4.0,5.0,2.0,3.0,2.0,1.0,0.5,0.4,50.0,131,8020.0,61,58,46,18,271
209744,4.0,5.0,2.0,3.0,2.0,1.0,0.5,0.4,50.0,132,7580.0,62,62,47,19,277
209744,4.0,5.0,2.0,3.0,2.0,1.0,0.5,0.4,50.0,133,6765.0,75,75,51,19,308
209744,4.0,5.0,2.0,3.0,2.0,1.0,0.5,0.4,50.0,134,6186.25,91,85,59,22,347
209744,4.0,5.0,2.0,3.0,2.0,1.0,0.5,0.4,50.0,135,6622.8125,99,94,63,22,368
209744,4.0,5.0,2.0,3.0,2.0,1.0,0.5,0.4,50.0,136,7258.515625,100,97,67,24,370
209744,4.0,5.0,2.0,3.0,2.0,1.0,0.5,0.4,50.0,137,7703.14453125,96,95,65,24,360
209744,4.0,5.0,2.0,3.0,2.0,1.0,0.5,0.4,50.0,138,8488.9306640625,83,90,57,26,334
209744,4.0,5.0,2.0,3.0,2.0,1.0,0.5,0.4,50.0,139,8490.0,73,81,63,22,320
209744,4.0,5.0,2.0,3.0,2.0,1.0,0.5,0.4,50.0,140,8500.0,61,79,61,22,299
209744,4.0,5.0,2.0,3.0,2.0,1.0,0.5,0.4,50.0,141,8050.0,53,77,59,25,286
209744,4.0,5.0,2.0,3.0,2.0,1.0,0.5,0.4,50.0,142,7600.0,52,88,63,29,295
209744,4.0,5.0,2.0,3.0,2.0,1.0,0.5,0.4,50.0,143,6740.0,60,105,68,36,327
209744,4.0,5.0,2.0,3.0,2.0,1.0,0.5,0.4,50.0,144,6565.0,65,114,74,41,345
209744,4.0,5.0,2.0,3.0,2.0,1.0,0.5,0.4,50.0,145,7166.25,72,121,77,39,361
209744,4.0,5.0,2.0,3.0,2.0,1.0,0.5,0.4,50.0,146,7797.8125,72,122,82,40,362
209744,4.0,5.0,2.0,3.0,2.0,1.0,0.5,0.4,50.0,147,8447.265625,63,116,81,38,344
209744,4.0,5.0,2.0,3.0,2.0,1.0,0.5,0.4,50.0,148,8580.0,57,100,74,33,311
209744,4.0,5.0,2.0,3.0,2.0,1.0,0.5,0.4,50.0,149,8440.0,50,101,69,28,298
209744,4.0,5.0,2.0,3.0,2.0,1.0,0.5,0.4,50.0,150,8080.0,49,99,66,27,291
209744,4.0,5.0,2.0,3.0,2.0,1.0,0.5,0.4,50.0,151,7730.0,54,108,69,25,306
209744,4.0,5.0,2.0,3.0,2.0,1.0,0.5,0.4,50.0,152,6872.5,63,121,76,29,339
209744,4.0,5.0,2.0,3.0,2.0,1.0,0.5,0.4,50.0,153,6640.625,73,132,82,32,365
209744,4.0,5.0,2.0,3.0,2.0,1.0,0.5,0.4,50.0,154,6930.78125,79,145,84,32,388
209744,4.0,5.0,2.0,3.0,2.0,1.0,0.5,0.4,50.0,155,7603.4765625,82,138,83,33,382
209744,4.0,5.0,2.0,3.0,2.0,1.0,0.5,0.4,50.0,156,8494.345703125,78,124,73,34,353
209744,4.0,5.0,2.0,3.0,2.0,1.0,0.5,0.4,50.0,157,8990.0,68,110,62,31,316
209744,4.0,5.0,2.0,3.0,2.0,1.0,0.5,0.4,50.0,158,8870.0,58,91,54,30,277
209744,4.0,5.0,2.0,3.0,2.0,1.0,0.5,0.4,50.0,159,8150.0,52,82,45,29,252
209744,4.0,5.0,2.0,3.0,2.0,1.0,0.5,0.4,50.0,160,7940.0,49,84,42,31,247
209744,4.0,5.0,2.0,3.0,2.0,1.0,0.5,0.4,50.0,161,7575.0,47,91,46,36,254
209744,4.0,5.0,2.0,3.0,2.0,1.0,0.5,0.4,50.0,162,6728.75,51,105,56,48,296
209744,4.0,5.0,2.0,3.0,2.0,1.0,0.5,0.4,50.0,163,6420.9375,60,120,61,52,335
209744,4.0,5.0,2.0,3.0,2.0,1.0,0.5,0.4,50.0,164,7026.171875,65,128,62,52,351
209744,4.0,5.0,2.0,3.0,2.0,1.0,0.5,0.4,50.0,165,7742.71484375,63,133,64,55,355
209744,4.0,5.0,2.0,3.0,2.0,1.0,0.5,0.4,50.0,166,8648.3935546875,58,119,67,54,340
209744,4.0,5.0,2.0,3.0,2.0,1.0,0.5,0.4,50.0,167,8780.0,49,107,57,46,308
209744,4.0,5.0,2.0,3.0,2.0,1.0,0.5,0.4,50.0,168,8740.0,42,98,46,42,282
209744,4.0,5.0,2.0,3.0,2.0,1.0,0.5,0.4,50.0,169,8230.0,32,78,45,42,255
209744,4.0,5.0,2.0,3.0,2.0,1.0,0.5,0.4,50.0,170,7740.0,32,81,42,43,258
209744,4.0,5.0,2.0,3.0,2.0,1.0,0.5,0.4,50.0,171,7205.0,39,84,47,42,277
209744,4.0,5.0,2.0,3.0,2.0,1.0,0.5,0.4,50.0,172,6196.25,47,92,61,50,320
209744,4.0,5.0,2.0,3.0,2.0,1.0,0.5,0.4,50.0,173,6535.3125,51,97,68,54,339
209744,4.0,5.0,2.0,3.0,2.0,1.0,0.5,0.4,50.0,174,7209.140625,58,103,71,56,355
209744,4.0,5.0,2.0,3.0,2.0,1.0,0.5,0.4,50.0,175,7821.42578125,57,103,70,55,355
209744,4.0,5.0,2.0,3.0,2.0,1.0,0.5,0.4,50.0,176,8576.7822265625,52,90,68,55,330
209744,4.0,5.0,2.0,3.0,2.0,1.0,0.5,0.4,50.0,177,8570.0,46,83,66,50,315
209744,4.0,5.0,2.0,3.0,2.0,1.0,0.5,0.4,50.0,178,8430.0,42,73,60,46,295
209744,4.0,5.0,2.0,3.0,2.0,1.0,0.5,0.4,50.0,179,8360.0,37,58,57,52,270
209744,4.0,5.0,2.0,3.0,2.0,1.0,0.5,0.4,50.0,180,7970.0,37,59,58,53,273
209744,4.0,5.0,2.0,3.0,2.0,1.0,0.5,0.4,50.0,181,7712.5,42,61,68,57,288
209744,4.0,5.0,2.0,3.0,2.0,1.0,0.5,0.4,50.0,182,7030.625,46,71,77,61,313
209744,4.0,5.0,2.0,3.0,2.0,1.0,0.5,0.4,50.0,183,6758.28125,51,80,81,62,333
209744,4.0,5.0,2.0,3.0,2.0,1.0,0.5,0.4,50.0,184,6977.8515625,57,86,81,64,346
209744,4.0,5.0,2.0,3.0,2.0,1.0,0.5,0.4,50.0,185,7392.314453125,59,85,84,63,348
209744,4.0,5.0,2.0,3.0,2.0,1.0,0.5,0.4,50.0,186,7920.39306640625,60,80,78,62,340
209744,4.0,5.0,2.0,3.0,2.0,1.0,0.5,0.4,50.0,187,8460.491333007812,53,75,70,57,318
209744,4.0,5.0,2.0,3.0,2.0,1.0,0.5,0.4,50.0,188,8600.0,49,69,64,51,298
209744,4.0,5.0,2.0,3.0,2.0,1.0,0.5,0.4,50.0,189,8520.0,45,56,60,41,278
209744,4.0,5.0,2.0,3.0,2.0,1.0,0.5,0.4,50.0,190,8170.0,48,56,61,39,281
209744,4.0,5.0,2.0,3.0,2.0,1.0,0.5,0.4,50.0,191,7750.0,51,57,61,40,282
209744,4.0,5.0,2.0,3.0,2.0,1.0,0.5,0.4,50.0,192,7277.5,63,65,66,42,311
209744,4.0,5.0,2.0,3.0,2.0,1.0,0.5,0.4,50.0,193,6586.875,72,77,76,42,349
209744,4.0,5.0,2.0,3.0,2.0,1.0,0.5,0.4,50.0,194,6873.59375,77,84,83,44,367
209744,4.0,5.0,2.0,3.0,2.0,1.0,0.5,0.4,50.0,195,7331.9921875,78,85,83,44,369
209744,4.0,5.0,2.0,3.0,2.0,1.0,0.5,0.4,50.0,196,8084.990234375,74,79,79,42,353
209744,4.0,5.0,2.0,3.0,2.0,1.0,0.5,0.4,50.0,197,8820.0,66,71,75,41,331
209744,4.0,5.0,2.0,3.0,2.0,1.0,0.5,0.4,50.0,198,8830.0,51,62,69,39,299
209744,4.0,5.0,2.0,3.0,2.0,1.0,0.5,0.4,50.0,199,8650.0,37,54,62,35,268
209744,4.0,5.0,2.0,3.0,2.0,1.0,0.5,0.4,50.0,200,7910.0,26,47,58,34,248
209744,4.0,5.0,2.0,3.0,2.0,1.0,0.5,0.4,50.0,201,7507.5,29,42,64,37,252
209744,4.0,5.0,2.0,3.0,2.0,1.0,0.5,0.4,50.0,202,6664.375,37,48,69,37,275
209744,4.0,5.0,2.0,3.0,2.0,1.0,0.5,0.4,50.0,203,6000.46875,47,56,82,46,319
209744,4.0,5.0,2.0,3.0,2.0,1.0,0.5,0.4,50.0,204,6590.5859375,53,59,82,46,328
209744,4.0,5.0,2.0,3.0,2.0,1.0,0.5,0.4,50.0,205,7428.232421875,56,62,85,47,337
209744,4.0,5.0,2.0,3.0,2.0,1.0,0.5,0.4,50.0,206,7955.29052734375,57,59,82,46,334
209744,4.0,5.0,2.0,3.0,2.0,1.0,0.5,0.4,50.0,207,8814.113159179688,49,51,73,43,308
209744,4.0,5.0,2.0,3.0,2.0,1.0,0.5,0.4,50.0,208,8480.0,46,51,63,43,292
209744,4.0,5.0,2.0,3.0,2.0,1.0,0.5,0.4,50.0,209,8410.0,44,47,55,40,279
209744,4.0,5.0,2.0,3.0,2.0,1.0,0.5,0.4,50.0,210,7910.0,51,46,53,43,284
209744,4.0,5.0,2.0,3.0,2.0,1.0,0.5,0.4,50.0,211,7497.5,62,56,57,45,312
209744,4.0,5.0,2.0,3.0,2.0,1.0,0.5,0.4,50.0,212,6831.875,75,55,63,48,336
209744,4.0,5.0,2.0,3.0,2.0,1.0,0.5,0.4,50.0,213,6779.84375,81,63,65,49,354
209744,4.0,5.0,2.0,3.0,2.0,1.0,0.5,0.4,50.0,214,7024.8046875,92,67,64,48,367
209744,4.0,5.0,2.0,3.0,2.0,1.0,0.5,0.4,50.0,215,7621.005859375,93,66,62,45,360
209744,4.0,5.0,2.0,3.0,2.0,1.0,0.5,0.4,50.0,216,8336.25732421875,82,68,55,41,338
209744,4.0,5.0,2.0,3.0,2.0,1.0,0.5,0.4,50.0,217,8880.0,70,61,45,36,304
209744,4.0,5.0,2.0,3.0,2.0,1.0,0.5,0.4,50.0,218,8720.0,68,52,37,34,281
209744,4.0,5.0,2.0,3.0,2.0,1.0,0.5,0.4,50.0,219,8140.0,58,50,31,32,259
209744,4.0,5.0,2.0,3.0,2.0,1.0,0.5,0.4,50.0,220,7770.0,60,52,28,29,258
209744,4.0,5.0,2.0,3.0,2.0,1.0,0.5,0.4,50.0,221,7292.5,70,55,29,26,272
209744,4.0,5.0,2.0,3.0,2.0,1.0,0.5,0.4,50.0,222,6265.625,82,65,37,35,304
209744,4.0,5.0,2.0,3.0,2.0,1.0,0.5,0.4,50.0,223,6182.03125,90,70,45,43,330
209744,4.0,5.0,2.0,3.0,2.0,1.0,0.5,0.4,50.0,224,6907.5390625,93,77,48,45,340
209744,4.0,5.0,2.0,3.0,2.0,1.0,0.5,0.4,50.0,225,7694.423828125,94,81,47,44,342
209744,4.0,5.0,2.0,3.0,2.0,1.0,0.5,0.4,50.0,226,8598.02978515625,82,77,46,43,321
209744,4.0,5.0,2.0,3.0,2.0,1.0,0.5,0.4,50.0,227,8770.0,67,65,42,39,287
209744,4.0,5.0,2.0,3.0,2.0,1.0,0.5,0.4,50.0,228,8380.0,54,59,37,35,259
209744,4.0,5.0,2.0,3.0,2.0,1.0,0.5,0.4,50.0,229,7910.0,49,58,42,35,257
209744,4.0,5.0,2.0,3.0,2.0,1.0,0.5,0.4,50.0,230,7477.5,47,60,45,38,262
209744,4.0,5.0,2.0,3.0,2.0,1.0,0.5,0.4,50.0,231,6546.875,54,69,50,53,294
209744,4.0,5.0,2.0,3.0,2.0,1.0,0.5,0.4,50.0,232,6453.59375,60,76,59,62,324
209744,4.0,5.0,2.0,3.0,2.0,1.0,0.5,0.4,50.0,233,7186.9921875,63,79,63,62,336
209744,4.0,5.0,2.0,3.0,2.0,1.0,0.5,0.4,50.0,234,7923.740234375,66,78,67,61,341
209744,4.0,5.0,2.0,3.0,2.0,1.0,0.5,0.4,50.0,235,8654.67529296875,67,71,60,62,324
209744,4.0,5.0,2.0,3.0,2.0,1.0,0.5,0.4,50.0,236,8630.0,60,60,55,59,298
209744,4.0,5.0,2.0,3.0,2.0,1.0,0.5,0.4,50.0,237,8620.0,51,51,48,51,274
209744,4.0,5.0,2.0,3.0,2.0,1.0,0.5,0.4,50.0,238,8220.0,47,43,48,52,265
209744,4.0,5.0,2.0,3.0,2.0,1.0,0.5,0.4,50.0,239,7730.0,49,43,53,53,276
209744,4.0,5.0,2.0,3.0,2.0,1.0,0.5,0.4,50.0,240,7162.5,56,49,61,56,300
209744,4.0,5.0,2.0,3.0,2.0,1.0,0.5,0.4,50.0,241,6643.125,64,58,67,59,326
209744,4.0,5.0,2.0,3.0,2.0,1.0,0.5,0.4,50.0,242,6793.90625,72,63,74,61,347
209744,4.0,5.0,2.0,3.0,2.0,1.0,0.5,0.4,50.0,243,7302.3828125,76,61,74,61,346
209744,4.0,5.0,2.0,3.0,2.0,1.0,0.5,0.4,50.0,244,8047.978515625,72,59,74,57,337
209744,4.0,5.0,2.0,3.0,2.0,1.0,0.5,0.4,50.0,245,8850.0,63,54,68,49,316
209744,4.0,5.0,2.0,3.0,2.0,1.0,0.5,0.4,50.0,246,8880.0,51,46,60,42,284
209744,4.0,5.0,2.0,3.0,2.0,1.0,0.5,0.4,50.0,247,8500.0,49,35,54,42,263
209744,4.0,5.0,2.0,3.0,2.0,1.0,0.5,0.4,50.0,248,7990.0,42,33,43,42,240
209744,4.0,5.0,2.0,3.0,2.0,1.0,0.5,0.4,50.0,249,7597.5,43,34,42,40,242
209744,4.0,5.0,2.0,3.0,2.0,1.0,0.5,0.4,50.0,250,6816.875,49,40,49,44,269
209744,4.0,5.0,2.0,3.0,2.0,1.0,0.5,0.4,50.0,251,6051.09375,62,47,55,51,312
209744,4.0,5.0,2.0,3.0,2.0,1.0,0.5,0.4,50.0,252,6573.8671875,68,50,60,53,328
209744,4.0,5.0,2.0,3.0,2.0,1.0,0.5,0.4,50.0,253,7357.333984375,73,54,60,54,340
209744,4.0,5.0,2.0,3.0,2.0,1.0,0.5,0.4,50.0,254,7836.66748046875,74,50,61,52,341
209744,4.0,5.0,2.0,3.0,2.0,1.0,0.5,0.4,50.0,255,8475.834350585938,66,40,56,51,322
209744,4.0,5.0,2.0,3.0,2.0,1.0,0.5,0.4,50.0,256,8350.0,56,37,56,50,310
209744,4.0,5.0,2.0,3.0,2.0,1.0,0.5,0.4,50.0,257,8300.0,53,31,52,49,301
209744,4.0,5.0,2.0,3.0,2.0,1.0,0.5,0.4,50.0,258,8100.0,48,29,51,49,288
209744,4.0,5.0,2.0,3.0,2.0,1.0,0.5,0.4,50.0,259,7790.0,51,33,54,50,300
209744,4.0,5.0,2.0,3.0,2.0,1.0,0.5,0.4,50.0,260,7227.5,55,41,64,54,330
209744,4.0,5.0,2.0,3.0,2.0,1.0,0.5,0.4,50.0,261,7014.375,62,48,69,57,347
209744,4.0,5.0,2.0,3.0,2.0,1.0,0.5,0.4,50.0,262,7197.96875,67,51,71,59,352
209744,4.0,5.0,2.0,3.0,2.0,1.0,0.5,0.4,50.0,263,7577.4609375,68,49,77,56,357
209744,4.0,5.0,2.0,3.0,2.0,1.0,0.5,0.4,50.0,264,7951.826171875,67,48,75,54,353
209744,4.0,5.0,2.0,3.0,2.0,1.0,0.5,0.4,50.0,265,8259.78271484375,60,47,72,50,342
209744,4.0,5.0,2.0,3.0,2.0,1.0,0.5,0.4,50.0,266,8340.0,52,49,67,52,325
209744,4.0,5.0,2.0,3.0,2.0,1.0,0.5,0.4,50.0,267,8120.0,46,45,66,54,308
209744,4.0,5.0,2.0,3.0,2.0,1.0,0.5,0.4,50.0,268,7810.0,48,47,69,49,319
209744,4.0,5.0,2.0,3.0,2.0,1.0,0.5,0.4,50.0,269,7382.5,54,53,75,53,337
209744,4.0,5.0,2.0,3.0,2.0,1.0,0.5,0.4,50.0,270,7078.125,60,58,77,57,351
209744,4.0,5.0,2.0,3.0,2.0,1.0,0.5,0.4,50.0,271,7107.65625,67,62,78,61,361
209744,4.0,5.0,2.0,3.0,2.0,1.0,0.5,0.4,50.0,272,7384.5703125,69,66,73,61,361
209744,4.0,5.0,2.0,3.0,2.0,1.0,0.5,0.4,50.0,273,7830.712890625,62,63,75,59,352
209744,4.0,5.0,2.0,3.0,2.0,1.0,0.5,0.4,50.0,274,8318.39111328125,54,60,69,55,335
209744,4.0,5.0,2.0,3.0,2.0,1.0,0.5,0.4,50.0,275,8520.0,45,56,55,46,302
209744,4.0,5.0,2.0,3.0,2.0,1.0,0.5,0.4,50.0,276,8420.0,38,55,51,43,286
209744,4.0,5.0,2.0,3.0,2.0,1.0,0.5,0.4,50.0,277,8190.0,32,59,48,44,280
209744,4.0,5.0,2.0,3.0,2.0,1.0,0.5,0.4,50.0,278,7840.0,37,65,53,45,297
209744,4.0,5.0,2.0,3.0,2.0,1.0,0.5,0.4,50.0,279,7460.0,41,74,57,45,315
209744,4.0,5.0,2.0,3.0,2.0,1.0,0.5,0.4,50.0,280,6795.0,50,78,61,48,338
209744,4.0,5.0,2.0,3.0,2.0,1.0,0.5,0.4,50.0,281,6673.75,54,86,66,49,355
209744,4.0,5.0,2.0,3.0,2.0,1.0,0.5,0.4,50.0,282,7162.1875,54,95,65,47,360
209744,4.0,5.0,2.0,3.0,2.0,1.0,0.5,0.4,50.0,283,7722.734375,54,94,59,49,353
209744,4.0,5.0,2.0,3.0,2.0,1.0,0.5,0.4,50.0,284,8493.41796875,47,83,53,46,323
209744,4.0,5.0,2.0,3.0,2.0,1.0,0.5,0.4,50.0,285,8860.0,37,77,47,41,290
209744,4.0,5.0,2.0,3.0,2.0,1.0,0.5,0.4,50.0,286,8660.0,32,65,39,40,262
209744,4.0,5.0,2.0,3.0,2.0,1.0,0.5,0.4,50.0,287,7930.0,26,59,32,38,239
209744,4.0,5.0,2.0,3.0,2.0,1.0,0.5,0.4,50.0,288,7602.5,24,65,28,39,236
209744,4.0,5.0,2.0,3.0,2.0,1.0,0.5,0.4,50.0,289,6903.125,29,71,33,41,254
209744,4.0,5.0,2.0,3.0,2.0,1.0,0.5,0.4,50.0,290,5838.90625,34,80,47,54,301
209744,4.0,5.0,2.0,3.0,2.0,1.0,0.5,0.4,50.0,291,6458.6328125,40,87,51,54,319
209744,4.0,5.0,2.0,3.0,2.0,1.0,0.5,0.4,50.0,292,7243.291015625,44,89,56,54,329
209744,4.0,5.0,2.0,3.0,2.0,1.0,0.5,0.4,50.0,293,7904.11376953125,42,81,56,51,321
209744,4.0,5.0,2.0,3.0,2.0,1.0,0.5,0.4,50.0,294,8770.142211914062,37,75,55,50,308
209744,4.0,5.0,2.0,3.0,2.0,1.0,0.5,0.4,50.0,295,8560.0,30,64,54,46,286
209744,4.0,5.0,2.0,3.0,2.0,1.0,0.5,0.4,50.0,296,8460.0,31,53,43,47,266
209744,4.0,5.0,2.0,3.0,2.0,1.0,0.5,0.4,50.0,297,7900.0,35,54,38,47,270
209744,4.0,5.0,2.0,3.0,2.0,1.0,0.5,0.4,50.0,298,7405.0,40,59,43,47,289
209744,4.0,5.0,2.0,3.0,2.0,1.0,0.5,0.4,50.0,299,6496.25,47,62,46,53,314
209744,4.0,5.0,2.0,3.0,2.0,1.0,0.5,0.4,50.0,300,6590.3125,54,67,53,55,337
209744,4.0,5.0,2.0,3.0,2.0,1.0,0.5,0.4,50.0,301,7267.890625,57,72,57,53,350
209744,4.0,5.0,2.0,3.0,2.0,1.0,0.5,0.4,50.0,302,7784.86328125,59,73,57,52,350
209744,4.0,5.0,2.0,3.0,2.0,1.0,0.5,0.4,50.0,303,8321.0791015625,56,66,58,47,336
209744,4.0,5.0,2.0,3.0,2.0,1.0,0.5,0.4,50.0,304,8570.0,48,63,58,43,320
209744,4.0,5.0,2.0,3.0,2.0,1.0,0.5,0.4,50.0,305,8330.0,39,60,56,38,304
209744,4.0,5.0,2.0,3.0,2.0,1.0,0.5,0.4,50.0,306,8190.0,38,60,51,35,300
209744,4.0,5.0,2.0,3.0,2.0,1.0,0.5,0.4,50.0,307,7950.0,40,66,51,31,309
209744,4.0,5.0,2.0,3.0,2.0,1.0,0.5,0.4,50.0,308,7647.5,46,74,56,32,327
209744,4.0,5.0,2.0,3.0,2.0,1.0,0.5,0.4,50.0,309,6999.375,57,82,65,41,355
209744,4.0,5.0,2.0,3.0,2.0,1.0,0.5,0.4,50.0,310,6899.21875,65,87,65,44,362
209744,4.0,5.0,2.0,3.0,2.0,1.0,0.5,0.4,50.0,311,7214.0234375,69,93,67,46,365
209744,4.0,5.0,2.0,3.0,2.0,1.0,0.5,0.4,50.0,312,7647.529296875,70,89,70,44,364
209744,4.0,5.0,2.0,3.0,2.0,1.0,0.5,0.4,50.0,313,8219.41162109375,66,77,70,43,342
209744,4.0,5.0,2.0,3.0,2.0,1.0,0.5,0.4,50.0,314,8470.0,54,71,61,41,311
209744,4.0,5.0,2.0,3.0,2.0,1.0,0.5,0.4,50.0,315,8690.0,48,61,49,38,283
209744,4.0,5.0,2.0,3.0,2.0,1.0,0.5,0.4,50.0,316,8080.0,45,60,48,40,277
209744,4.0,5.0,2.0,3.0,2.0,1.0,0.5,0.4,50.0,317,7760.0,44,67,46,39,279
209744,4.0,5.0,2.0,3.0,2.0,1.0,0.5,0.4,50.0,318,7260.0,47,70,54,41,295
209744,4.0,5.0,2.0,3.0,2.0,1.0,0.5,0.4,50.0,319,6475.0,53,79,69,47,331
209744,4.0,5.0,2.0,3.0,2.0,1.0,0.5,0.4,50.0,320,6703.75,60,86,73,48,351
209744,4.0,5.0,2.0,3.0,2.0,1.0,0.5,0.4,50.0,321,7339.6875,63,89,74,48,359
209744,4.0,5.0,2.0,3.0,2.0,1.0,0.5,0.4,50.0,322,8174.609375,59,84,70,46,346
209744,4.0,5.0,2.0,3.0,2.0,1.0,0.5,0.4,50.0,323,8840.0,52,72,59,43,316
209744,4.0,5.0,2.0,3.0,2.0,1.0,0.5,0.4,50.0,324,8920.0,51,53,49,39,286
209744,4.0,5.0,2.0,3.0,2.0,1.0,0.5,0.4,50.0,325,8380.0,41,47,43,35,265
209744,4.0,5.0,2.0,3.0,2.0,1.0,0.5,0.4,50.0,326,7930.0,41,38,41,33,254
209744,4.0,5.0,2.0,3.0,2.0,1.0,0.5,0.4,50.0,327,7472.5,42,42,43,35,267
209744,4.0,5.0,2.0,3.0,2.0,1.0,0.5,0.4,50.0,328,6500.625,46,47,52,41,301
209744,4.0,5.0,2.0,3.0,2.0,1.0,0.5,0.4,50.0,329,6505.78125,49,53,59,50,328
209744,4.0,5.0,2.0,3.0,2.0,1.0,0.5,0.4,50.0,330,7112.2265625,52,57,60,55,338
209744,4.0,5.0,2.0,3.0,2.0,1.0,0.5,0.4,50.0,331,7650.283203125,57,58,58,55,346
209744,4.0,5.0,2.0,3.0,2.0,1.0,0.5,0.4,50.0,332,8032.85400390625,55,55,57,58,339
209744,4.0,5.0,2.0,3.0,2.0,1.0,0.5,0.4,50.0,333,8210.0,54,52,50,60,326
209744,4.0,5.0,2.0,3.0,2.0,1.0,0.5,0.4,50.0,334,7910.0,53,48,48,58,324
209744,4.0,5.0,2.0,3.0,2.0,1.0,0.5,0.4,50.0,335,7547.5,53,46,52,61,334
209744,4.0,5.0,2.0,3.0,2.0,1.0,0.5,0.4,50.0,336,7334.375,55,48,54,63,343
209744,4.0,5.0,2.0,3.0,2.0,1.0,0.5,0.4,50.0,337,7387.96875,56,52,57,69,354
209744,4.0,5.0,2.0,3.0,2.0,1.0,0.5,0.4,50.0,338,7644.9609375,54,54,58,71,355
209744,4.0,5.0,2.0,3.0,2.0,1.0,0.5,0.4,50.0,339,7956.201171875,52,52,58,64,354
209744,4.0,5.0,2.0,3.0,2.0,1.0,0.5,0.4,50.0,340,8305.25146484375,49,47,52,59,342
209744,4.0,5.0,2.0,3.0,2.0,1.0,0.5,0.4,50.0,341,8220.0,43,44,44,61,325
209744,4.0,5.0,2.0,3.0,2.0,1.0,0.5,0.4,50.0,342,7950.0,51,40,47,58,333
209744,4.0,5.0,2.0,3.0,2.0,1.0,0.5,0.4,50.0,343,7717.5,50,42,46,55,341
209744,4.0,5.0,2.0,3.0,2.0,1.0,0.5,0.4,50.0,344,7276.875,51,45,50,57,345
209744,4.0,5.0,2.0,3.0,2.0,1.0,0.5,0.4,50.0,345,7216.09375,60,51,52,57,355
209744,4.0,5.0,2.0,3.0,2.0,1.0,0.5,0.4,50.0,346,7280.1171875,63,54,54,54,358
209744,4.0,5.0,2.0,3.0,2.0,1.0,0.5,0.4,50.0,347,7680.146484375,63,54,55,56,355
209744,4.0,5.0,2.0,3.0,2.0,1.0,0.5,0.4,50.0,348,7950.18310546875,58,52,51,53,339
209744,4.0,5.0,2.0,3.0,2.0,1.0,0.5,0.4,50.0,349,8247.728881835938,58,46,47,50,327
209744,4.0,5.0,2.0,3.0,2.0,1.0,0.5,0.4,50.0,350,8250.0,59,41,41,50,314
209744,4.0,5.0,2.0,3.0,2.0,1.0,0.5,0.4,50.0,351,8210.0,60,37,39,49,306
209744,4.0,5.0,2.0,3.0,2.0,1.0,0.5,0.4,50.0,352,8060.0,63,43,38,49,305
209744,4.0,5.0,2.0,3.0,2.0,1.0,0.5,0.4,50.0,353,7670.0,71,50,36,52,312
209744,4.0,5.0,2.0,3.0,2.0,1.0,0.5,0.4,50.0,354,7077.5,83,56,40,58,335
209744,4.0,5.0,2.0,3.0,2.0,1.0,0.5,0.4,50.0,355,6766.875,98,61,43,60,355
209744,4.0,5.0,2.0,3.0,2.0,1.0,0.5,0.4,50.0,356,6898.59375,104,65,43,60,361
209744,4.0,5.0,2.0,3.0,2.0,1.0,0.5,0.4,50.0,357,7303.2421875,98,63,42,57,352
209744,4.0,5.0,2.0,3.0,2.0,1.0,0.5,0.4,50.0,358,7919.052734375,93,59,40,55,340
209744,4.0,5.0,2.0,3.0,2.0,1.0,0.5,0.4,50.0,359,8538.81591796875,85,57,31,51,318
209744,4.0,5.0,2.0,3.0,2.0,1.0,0.5,0.4,50.0,360,8840.0,72,50,28,48,290
209744,4.0,5.0,2.0,3.0,2.0,1.0,0.5,0.4,50.0,361,8690.0,56,41,26,45,260
209744,4.0,5.0,2.0,3.0,2.0,1.0,0.5,0.4,50.0,362,7990.0,40,39,22,41,237
209744,4.0,5.0,2.0,3.0,2.0,1.0,0.5,0.4,50.0,363,7617.5,43,35,25,39,240
209744,4.0,5.0,2.0,3.0,2.0,1.0,0.5,0.4,50.0,364,6891.875,46,43,31,37,260
209744,4.0,5.0,2.0,3.0,2.0,1.0,0.5,0.4,50.0,365,5834.84375,54,48,39,48,301
209744,4.0,5.0,2.0,3.0,2.0,1.0,0.5,0.4,50.0,366,6543.5546875,57,53,42,52,317
209744,4.0,5.0,2.0,3.0,2.0,1.0,0.5,0.4,50.0,367,7359.443359375,60,58,43,56,327
209744,4.0,5.0,2.0,3.0,2.0,1.0,0.5,0.4,50.0,368,7879.30419921875,56,59,44,52,326
209744,4.0,5.0,2.0,3.0,2.0,1.0,0.5,0.4,50.0,369,8749.130249023438,50,52,36,55,309
209744,4.0,5.0,2.0,3.0,2.0,1.0,0.5,0.4,50.0,370,8220.0,39,45,32,54,289
209744,4.0,5.0,2.0,3.0,2.0,1.0,0.5,0.4,50.0,371,8340.0,32,38,34,56,270
209744,4.0,5.0,2.0,3.0,2.0,1.0,0.5,0.4,50.0,372,7760.0,37,40,38,62,284
209744,4.0,5.0,2.0,3.0,2.0,1.0,0.5,0.4,50.0,373,7300.0,43,42,47,69,307
209744,4.0,5.0,2.0,3.0,2.0,1.0,0.5,0.4,50.0,374,6955.0,47,46,51,76,319
209744,4.0,5.0,2.0,3.0,2.0,1.0,0.5,0.4,50.0,375,7193.75,51,48,55,80,328
209744,4.0,5.0,2.0,3.0,2.0,1.0,0.5,0.4,50.0,376,7452.1875,53,47,60,77,334
209744,4.0,5.0,2.0,3.0,2.0,1.0,0.5,0.4,50.0,377,7785.234375,49,46,61,73,331
209744,4.0,5.0,2.0,3.0,2.0,1.0,0.5,0.4,50.0,378,7941.54296875,48,40,60,70,323
209744,4.0,5.0,2.0,3.0,2.0,1.0,0.5,0.4,50.0,379,7976.9287109375,49,37,59,68,321
209744,4.0,5.0,2.0,3.0,2.0,1.0,0.5,0.4,50.0,380,7911.160888671875,45,40,53,69,313
209744,4.0,5.0,2.0,3.0,2.0,1.0,0.5,0.4,50.0,381,7538.951110839844,51,44,57,68,320
209744,4.0,5.0,2.0,3.0,2.0,1.0,0.5,0.4,50.0,382,7193.688888549805,59,48,54,74,330
209744,4.0,5.0,2.0,3.0,2.0,1.0,0.5,0.4,50.0,383,7192.111110687256,68,50,55,72,339
209744,4.0,5.0,2.0,3.0,2.0,1.0,0.5,0.4,50.0,384,7440.13888835907,67,51,57,74,338
209744,4.0,5.0,2.0,3.0,2.0,1.0,0.5,0.4,50.0,385,7760.173610448837,67,48,57,74,333
209744,4.0,5.0,2.0,3.0,2.0,1.0,0.5,0.4,50.0,386,7980.217013061047,62,43,57,70,317
209744,4.0,5.0,2.0,3.0,2.0,1.0,0.5,0.4,50.0,387,8195.271266326308,56,42,60,65,311
209744,4.0,5.0,2.0,3.0,2.0,1.0,0.5,0.4,50.0,388,8100.0,53,36,58,62,298
209744,4.0,5.0,2.0,3.0,2.0,1.0,0.5,0.4,50.0,389,7760.0,56,36,57,66,300
209744,4.0,5.0,2.0,3.0,2.0,1.0,0.5,0.4,50.0,390,7380.0,63,38,60,70,312
209744,4.0,5.0,2.0,3.0,2.0,1.0,0.5,0.4,50.0,391,7005.0,66,43,69,69,330
209744,4.0,5.0,2.0,3.0,2.0,1.0,0.5,0.4,50.0,392,7266.25,69,46,75,71,338
209744,4.0,5.0,2.0,3.0,2.0,1.0,0.5,0.4,50.0,393,7692.8125,70,50,75,69,337
209744,4.0,5.0,2.0,3.0,2.0,1.0,0.5,0.4,50.0,394,8126.015625,64,54,71,68,332
209744,4.0,5.0,2.0,3.0,2.0,1.0,0.5,0.4,50.0,395,8500.0,60,49,65,66,319
209744,4.0,5.0,2.0,3.0,2.0,1.0,0.5,0.4,50.0,396,8150.0,53,47,57,64,298
209744,4.0,5.0,2.0,3.0,2.0,1.0,0.5,0.4,50.0,397,8260.0,48,48,54,63,284
209744,4.0,5.0,2.0,3.0,2.0,1.0,0.5,0.4,50.0,398,7740.0,58,50,57,64,299
209744,4.0,5.0,2.0,3.0,2.0,1.0,0.5,0.4,50.0,399,7125.0,68,51,66,65,324
209744,4.0,5.0,2.0,3.0,2.0,1.0,0.5,0.4,50.0,400,6956.25,74,61,70,63,345
209744,4.0,5.0,2.0,3.0,2.0,1.0,0.5,0.4,50.0,401,7275.3125,80,63,73,61,356
209744,4.0,5.0,2.0,3.0,2.0,1.0,0.5,0.4,50.0,402,7584.140625,80,66,74,62,357
209744,4.0,5.0,2.0,3.0,2.0,1.0,0.5,0.4,50.0,403,8020.17578125,67,62,73,61,338
209744,4.0,5.0,2.0,3.0,2.0,1.0,0.5,0.4,50.0,404,8450.0,59,59,73,56,326
209744,4.0,5.0,2.0,3.0,2.0,1.0,0.5,0.4,50.0,405,8410.0,51,59,63,52,309
209744,4.0,5.0,2.0,3.0,2.0,1.0,0.5,0.4,50.0,406,8170.0,48,53,66,49,300
209744,4.0,5.0,2.0,3.0,2.0,1.0,0.5,0.4,50.0,407,8020.0,51,58,68,49,310
209744,4.0,5.0,2.0,3.0,2.0,1.0,0.5,0.4,50.0,408,7840.0,54,64,67,46,317
209744,4.0,5.0,2.0,3.0,2.0,1.0,0.5,0.4,50.0,409,7430.0,60,70,74,47,335
209744,4.0,5.0,2.0,3.0,2.0,1.0,0.5,0.4,50.0,410,6907.5,69,80,78,52,354
209744,4.0,5.0,2.0,3.0,2.0,1.0,0.5,0.4,50.0,411,6994.375,72,87,81,51,368
209744,4.0,5.0,2.0,3.0,2.0,1.0,0.5,0.4,50.0,412,7352.96875,70,92,81,48,369
209744,4.0,5.0,2.0,3.0,2.0,1.0,0.5,0.4,50.0,413,7831.2109375,69,91,78,45,362
209744,4.0,5.0,2.0,3.0,2.0,1.0,0.5,0.4,50.0,414,8439.013671875,63,88,69,43,343
209744,4.0,5.0,2.0,3.0,2.0,1.0,0.5,0.4,50.0,415,8740.0,52,74,58,42,307
209744,4.0,5.0,2.0,3.0,2.0,1.0,0.5,0.4,50.0,416,8620.0,46,61,52,40,281
209744,4.0,5.0,2.0,3.0,2.0,1.0,0.5,0.4,50.0,417,8120.0,45,54,46,36,265
209744,4.0,5.0,2.0,3.0,2.0,1.0,0.5,0.4,50.0,418,7750.0,41,62,48,40,268
209744,4.0,5.0,2.0,3.0,2.0,1.0,0.5,0.4,50.0,419,7137.5,48,72,53,40,284
209744,4.0,5.0,2.0,3.0,2.0,1.0,0.5,0.4,50.0,420,6221.875,52,86,62,46,313
209744,4.0,5.0,2.0,3.0,2.0,1.0,0.5,0.4,50.0,421,6297.34375,58,92,70,50,330
209744,4.0,5.0,2.0,3.0,2.0,1.0,0.5,0.4,50.0,422,6881.6796875,63,95,73,53,341
209744,4.0,5.0,2.0,3.0,2.0,1.0,0.5,0.4,50.0,423,7402.099609375,63,95,72,52,341
209744,4.0,5.0,2.0,3.0,2.0,1.0,0.5,0.4,50.0,424,8182.62451171875,54,83,72,49,320
209744,4.0,5.0,2.0,3.0,2.0,1.0,0.5,0.4,50.0,425,8680.0,49,71,69,43,302
209744,4.0,5.0,2.0,3.0,2.0,1.0,0.5,0.4,50.0,426,8710.0,38,55,66,40,269
209744,4.0,5.0,2.0,3.0,2.0,1.0,0.5,0.4,50.0,427,8060.0,28,54,55,44,244
209744,4.0,5.0,2.0,3.0,2.0,1.0,0.5,0.4,50.0,428,7670.0,31,48,59,48,247
209744,4.0,5.0,2.0,3.0,2.0,1.0,0.5,0.4,50.0,429,6887.5,40,50,69,57,268
209744,4.0,5.0,2.0,3.0,2.0,1.0,0.5,0.4,50.0,430,6289.375,46,55,77,64,296
209744,4.0,5.0,2.0,3.0,2.0,1.0,0.5,0.4,50.0,431,6661.71875,50,57,86,67,315
209744,4.0,5.0,2.0,3.0,2.0,1.0,0.5,0.4,50.0,432,7287.1484375,55,58,90,68,323
209744,4.0,5.0,2.0,3.0,2.0,1.0,0.5,0.4,50.0,433,7818.935546875,52,55,90,70,319
209744,4.0,5.0,2.0,3.0,2.0,1.0,0.5,0.4,50.0,434,8273.66943359375,45,55,85,65,312
209744,4.0,5.0,2.0,3.0,2.0,1.0,0.5,0.4,50.0,435,8190.0,41,50,76,63,296
209744,4.0,5.0,2.0,3.0,2.0,1.0,0.5,0.4,50.0,436,8050.0,38,41,81,67,292
209744,4.0,5.0,2.0,3.0,2.0,1.0,0.5,0.4,50.0,437,7830.0,36,38,85,69,292
209744,4.0,5.0,2.0,3.0,2.0,1.0,0.5,0.4,50.0,438,7227.5,43,41,90,77,315
209744,4.0,5.0,2.0,3.0,2.0,1.0,0.5,0.4,50.0,439,7074.375,51,42,92,84,329
209744,4.0,5.0,2.0,3.0,2.0,1.0,0.5,0.4,50.0,440,7552.96875,53,46,96,83,336
209744,4.0,5.0,2.0,3.0,2.0,1.0,0.5,0.4,50.0,441,8051.2109375,53,47,97,80,337
209744,4.0,5.0,2.0,3.0,2.0,1.0,0.5,0.4,50.0,442,8590.0,43,46,93,81,321
209744,4.0,5.0,2.0,3.0,2.0,1.0,0.5,0.4,50.0,443,8290.0,40,43,90,74,313
209744,4.0,5.0,2.0,3.0,2.0,1.0,0.5,0.4,50.0,444,8160.0,36,44,85,66,307
209744,4.0,5.0,2.0,3.0,2.0,1.0,0.5,0.4,50.0,445,7850.0,34,49,78,68,301
209744,4.0,5.0,2.0,3.0,2.0,1.0,0.5,0.4,50.0,446,7482.5,35,52,84,73,314
209744,4.0,5.0,2.0,3.0,2.0,1.0,0.5,0.4,50.0,447,7103.125,37,55,93,75,324
209744,4.0,5.0,2.0,3.0,2.0,1.0,0.5,0.4,50.0,448,7208.90625,38,61,95,76,334
209744,4.0,5.0,2.0,3.0,2.0,1.0,0.5,0.4,50.0,449,7471.1328125,38,62,99,73,341
209744,4.0,5.0,2.0,3.0,2.0,1.0,0.5,0.4,50.0,450,7808.916015625,38,57,98,70,337
209744,4.0,5.0,2.0,3.0,2.0,1.0,0.5,0.4,50.0,451,8201.14501953125,34,49,88,71,315
209744,4.0,5.0,2.0,3.0,2.0,1.0,0.5,0.4,50.0,452,8220.0,33,45,72,69,292
209744,4.0,5.0,2.0,3.0,2.0,1.0,0.5,0.4,50.0,453,8340.0,29,40,72,68,282
209744,4.0,5.0,2.0,3.0,2.0,1.0,0.5,0.4,50.0,454,7800.0,31,38,75,71,288
209744,4.0,5.0,2.0,3.0,2.0,1.0,0.5,0.4,50.0,455,7430.0,32,47,76,78,305
209744,4.0,5.0,2.0,3.0,2.0,1.0,0.5,0.4,50.0,456,6937.5,36,52,75,81,323
209744,4.0,5.0,2.0,3.0,2.0,1.0,0.5,0.4,50.0,457,7231.875,40,54,80,83,337
209744,4.0,5.0,2.0,3.0,2.0,1.0,0.5,0.4,50.0,458,7569.84375,41,52,79,82,336
209744,4.0,5.0,2.0,3.0,2.0,1.0,0.5,0.4,50.0,459,8122.3046875,44,49,75,80,333
209744,4.0,5.0,2.0,3.0,2.0,1.0,0.5,0.4,50.0,460,8390.0,40,44,67,66,317
209744,4.0,5.0,2.0,3.0,2.0,1.0,0.5,0.4,50.0,461,8520.0,33,46,58,64,301
209744,4.0,5.0,2.0,3.0,2.0,1.0,0.5,0.4,50.0,462,8360.0,34,44,47,57,288
209744,4.0,5.0,2.0,3.0,2.0,1.0,0.5,0.4,50.0,463,8210.0,42,39,43,54,285
209744,4.0,5.0,2.0,3.0,2.0,1.0,0.5,0.4,50.0,464,8050.0,46,41,41,54,287
209744,4.0,5.0,2.0,3.0,2.0,1.0,0.5,0.4,50.0,465,7790.0,51,44,42,60,298
209744,4.0,5.0,2.0,3.0,2.0,1.0,0.5,0.4,50.0,466,7267.5,60,49,44,65,321
209744,4.0,5.0,2.0,3.0,2.0,1.0,0.5,0.4,50.0,467,6954.375,68,56,47,68,341
209744,4.0,5.0,2.0,3.0,2.0,1.0,0.5,0.4,50.0,468,7182.96875,75,61,49,66,356
209744,4.0,5.0,2.0,3.0,2.0,1.0,0.5,0.4,50.0,469,7598.7109375,76,63,48,65,355
209744,4.0,5.0,2.0,3.0,2.0,1.0,0.5,0.4,50.0,470,8238.388671875,69,53,47,59,336
209744,4.0,5.0,2.0,3.0,2.0,1.0,0.5,0.4,50.0,471,8670.0,61,49,38,56,311
209744,4.0,5.0,2.0,3.0,2.0,1.0,0.5,0.4,50.0,472,8900.0,54,40,29,48,280
209744,4.0,5.0,2.0,3.0,2.0,1.0,0.5,0.4,50.0,473,8460.0,45,39,24,41,263
209744,4.0,5.0,2.0,3.0,2.0,1.0,0.5,0.4,50.0,474,8090.0,42,36,23,39,254
209744,4.0,5.0,2.0,3.0,2.0,1.0,0.5,0.4,50.0,475,7550.0,47,33,25,38,258
209744,4.0,5.0,2.0,3.0,2.0,1.0,0.5,0.4,50.0,476,6787.5,49,41,33,40,276
209744,4.0,5.0,2.0,3.0,2.0,1.0,0.5,0.4,50.0,477,6114.375,55,46,35,49,306
209744,4.0,5.0,2.0,3.0,2.0,1.0,0.5,0.4,50.0,478,6482.96875,62,49,38,50,324
209744,4.0,5.0,2.0,3.0,2.0,1.0,0.5,0.4,50.0,479,7113.7109375,64,51,40,51,329
209744,4.0,5.0,2.0,3.0,2.0,1.0,0.5,0.4,50.0,480,7732.138671875,57,51,41,53,314
209744,4.0,5.0,2.0,3.0,2.0,1.0,0.5,0.4,50.0,481,8385.17333984375,50,42,43,54,300
209744,4.0,5.0,2.0,3.0,2.0,1.0,0.5,0.4,50.0,482,8380.0,43,42,40,48,283
209744,4.0,5.0,2.0,3.0,2.0,1.0,0.5,0.4,50.0,483,8260.0,42,42,43,47,284
209744,4.0,5.0,2.0,3.0,2.0,1.0,0.5,0.4,50.0,484,8040.0,41,40,48,49,289
209744,4.0,5.0,2.0,3.0,2.0,1.0,0.5,0.4,50.0,485,7690.0,47,41,56,52,303
209744,4.0,5.0,2.0,3.0,2.0,1.0,0.5,0.4,50.0,486,7062.5,48,49,70,59,324
209744,4.0,5.0,2.0,3.0,2.0,1.0,0.5,0.4,50.0,487,6848.125,55,50,82,64,346
209744,4.0,5.0,2.0,3.0,2.0,1.0,0.5,0.4,50.0,488,7120.15625,60,49,80,62,347
209744,4.0,5.0,2.0,3.0,2.0,1.0,0.5,0.4,50.0,489,7700.1953125,63,50,79,61,342
209744,4.0,5.0,2.0,3.0,2.0,1.0,0.5,0.4,50.0,490,8355.244140625,60,52,76,58,332
209744,4.0,5.0,2.0,3.0,2.0,1.0,0.5,0.4,50.0,491,8550.0,55,48,70,50,312
209744,4.0,5.0,2.0,3.0,2.0,1.0,0.5,0.4,50.0,492,8700.0,48,46,59,41,289
209744,4.0,5.0,2.0,3.0,2.0,1.0,0.5,0.4,50.0,493,8390.0,40,45,57,37,276
209744,4.0,5.0,2.0,3.0,2.0,1.0,0.5,0.4,50.0,494,8030.0,41,42,57,33,267
209744,4.0,5.0,2.0,3.0,2.0,1.0,0.5,0.4,50.0,495,7460.0,46,54,63,35,288
209744,4.0,5.0,2.0,3.0,2.0,1.0,0.5,0.4,50.0,496,6525.0,52,65,71,38,316
209744,4.0,5.0,2.0,3.0,2.0,1.0,0.5,0.4,50.0,497,6346.25,60,73,82,38,343
209744,4.0,5.0,2.0,3.0,2.0,1.0,0.5,0.4,50.0,498,6972.8125,65,76,86,39,354
209744,4.0,5.0,2.0,3.0,2.0,1.0,0.5,0.4,50.0,499,7556.015625,66,80,88,40,355