Exp Num,agent:svo_convergence_factor,agent:params:metabolism,agent:params:consumption_factor,agent:params:procreate_cost_factor,agent:params:procreate_req_factor,agent:params:start_energy_factor,agent:params:caught_chance,agent:params:caught_cooldown_factor,agent:params:maximum_age,Epoch,Resource,A,B,C,D,E
219238,4.0,5.0,3.0,9.0,3.0,2.0,0.5,0.30000000000000004,40.0,0,3500.0,20,30,12,20,80
219238,4.0,5.0,3.0,9.0,3.0,2.0,0.5,0.30000000000000004,40.0,1,2980.0,20,30,12,20,80
219238,4.0,5.0,3.0,9.0,3.0,2.0,0.5,0.30000000000000004,40.0,2,2720.0,20,30,12,20,80
219238,4.0,5.0,3.0,9.0,3.0,2.0,0.5,0.30000000000000004,40.0,3,2875.0,20,30,12,20,80
219238,4.0,5.0,3.0,9.0,3.0,2.0,0.5,0.30000000000000004,40.0,4,3098.75,19,30,10,20,77
219238,4.0,5.0,3.0,9.0,3.0,2.0,0.5,0.30000000000000004,40.0,5,3393.4375,19,30,10,20,77
219238,4.0,5.0,3.0,9.0,3.0,2.0,0.5,0.30000000000000004,40.0,6,3821.796875,19,30,10,20,77
219238,4.0,5.0,3.0,9.0,3.0,2.0,0.5,0.30000000000000004,40.0,7,4117.24609375,10,27,10,18,63
219238,4.0,5.0,3.0,9.0,3.0,2.0,0.5,0.30000000000000004,40.0,8,4441.5576171875,10,27,8,17,60
219238,4.0,5.0,3.0,9.0,3.0,2.0,0.5,0.30000000000000004,40.0,9,4786.947021484375,10,27,8,17,60
219238,4.0,5.0,3.0,9.0,3.0,2.0,0.5,0.30000000000000004,40.0,10,5368.683776855469,7,22,5,16,48
219238,4.0,5.0,3.0,9.0,3.0,2.0,0.5,0.30000000000000004,40.0,11,5990.854721069336,6,20,5,16,44
219238,4.0,5.0,3.0,9.0,3.0,2.0,0.5,0.30000000000000004,40.0,12,6738.56840133667,7,21,7,17,48
219238,4.0,5.0,3.0,9.0,3.0,2.0,0.5,0.30000000000000004,40.0,13,7613.210501670837,6,21,8,18,49
219238,4.0,5.0,3.0,9.0,3.0,2.0,0.5,0.30000000000000004,40.0,14,8601.513127088547,5,21,8,19,48
219238,4.0,5.0,3.0,9.0,3.0,2.0,0.5,0.30000000000000004,40.0,15,9070.0,6,20,8,19,48
219238,4.0,5.0,3.0,9.0,3.0,2.0,0.5,0.30000000000000004,40.0,16,9055.0,6,23,9,21,52
219238,4.0,5.0,3.0,9.0,3.0,2.0,0.5,0.30000000000000004,40.0,17,8950.0,7,23,11,24,56
219238,4.0,5.0,3.0,9.0,3.0,2.0,0.5,0.30000000000000004,40.0,18,8815.0,10,26,11,25,64
219238,4.0,5.0,3.0,9.0,3.0,2.0,0.5,0.30000000000000004,40.0,19,8680.0,10,27,12,26,67
219238,4.0,5.0,3.0,9.0,3.0,2.0,0.5,0.30000000000000004,40.0,20,8635.0,9,27,12,28,68
219238,4.0,5.0,3.0,9.0,3.0,2.0,0.5,0.30000000000000004,40.0,21,8560.0,11,30,14,33,75
219238,4.0,5.0,3.0,9.0,3.0,2.0,0.5,0.30000000000000004,40.0,22,8380.0,12,34,19,39,88
219238,4.0,5.0,3.0,9.0,3.0,2.0,0.5,0.30000000000000004,40.0,23,8095.0,12,36,20,41,94
219238,4.0,5.0,3.0,9.0,3.0,2.0,0.5,0.30000000000000004,40.0,24,7975.0,14,37,21,41,99
219238,4.0,5.0,3.0,9.0,3.0,2.0,0.5,0.30000000000000004,40.0,25,7868.75,16,38,27,45,110
219238,4.0,5.0,3.0,9.0,3.0,2.0,0.5,0.30000000000000004,40.0,26,7510.9375,16,44,31,50,122
219238,4.0,5.0,3.0,9.0,3.0,2.0,0.5,0.30000000000000004,40.0,27,6808.671875,18,52,35,56,140
219238,4.0,5.0,3.0,9.0,3.0,2.0,0.5,0.30000000000000004,40.0,28,5750.83984375,18,54,36,59,146
219238,4.0,5.0,3.0,9.0,3.0,2.0,0.5,0.30000000000000004,40.0,29,5718.5498046875,19,55,37,60,152
219238,4.0,5.0,3.0,9.0,3.0,2.0,0.5,0.30000000000000004,40.0,30,6083.187255859375,20,57,38,63,157
219238,4.0,5.0,3.0,9.0,3.0,2.0,0.5,0.30000000000000004,40.0,31,6598.984069824219,20,59,39,67,161
219238,4.0,5.0,3.0,9.0,3.0,2.0,0.5,0.30000000000000004,40.0,32,7093.730087280273,20,60,40,68,163
219238,4.0,5.0,3.0,9.0,3.0,2.0,0.5,0.30000000000000004,40.0,33,7862.162609100342,21,60,40,68,164
219238,4.0,5.0,3.0,9.0,3.0,2.0,0.5,0.30000000000000004,40.0,34,8732.703261375427,22,61,41,73,169
219238,4.0,5.0,3.0,9.0,3.0,2.0,0.5,0.30000000000000004,40.0,35,8815.0,22,65,44,74,177
219238,4.0,5.0,3.0,9.0,3.0,2.0,0.5,0.30000000000000004,40.0,36,8710.0,23,67,47,75,186
219238,4.0,5.0,3.0,9.0,3.0,2.0,0.5,0.30000000000000004,40.0,37,8530.0,23,68,47,75,189
219238,4.0,5.0,3.0,9.0,3.0,2.0,0.5,0.30000000000000004,40.0,38,8560.0,24,68,47,75,194
219238,4.0,5.0,3.0,9.0,3.0,2.0,0.5,0.30000000000000004,40.0,39,8515.0,26,71,50,79,205
219238,4.0,5.0,3.0,9.0,3.0,2.0,0.5,0.30000000000000004,40.0,40,8425.0,25,65,49,74,196
219238,4.0,5.0,3.0,9.0,3.0,2.0,0.5,0.30000000000000004,40.0,41,8320.0,25,64,49,70,193
219238,4.0,5.0,3.0,9.0,3.0,2.0,0.5,0.30000000000000004,40.0,42,8230.0,24,62,50,68,189
219238,4.0,5.0,3.0,9.0,3.0,2.0,0.5,0.30000000000000004,40.0,43,8020.0,25,64,51,71,198
219238,4.0,5.0,3.0,9.0,3.0,2.0,0.5,0.30000000000000004,40.0,44,7960.0,28,68,55,74,213
219238,4.0,5.0,3.0,9.0,3.0,2.0,0.5,0.30000000000000004,40.0,45,8225.0,30,70,56,76,218
219238,4.0,5.0,3.0,9.0,3.0,2.0,0.5,0.30000000000000004,40.0,46,8590.0,30,70,56,78,218
219238,4.0,5.0,3.0,9.0,3.0,2.0,0.5,0.30000000000000004,40.0,47,8800.0,31,70,56,77,220
219238,4.0,5.0,3.0,9.0,3.0,2.0,0.5,0.30000000000000004,40.0,48,8860.0,31,69,54,78,217
219238,4.0,5.0,3.0,9.0,3.0,2.0,0.5,0.30000000000000004,40.0,49,8980.0,35,65,55,76,219
219238,4.0,5.0,3.0,9.0,3.0,2.0,0.5,0.30000000000000004,40.0,50,8680.0,38,66,54,76,221
219238,4.0,5.0,3.0,9.0,3.0,2.0,0.5,0.30000000000000004,40.0,51,8590.0,37,65,53,77,218
219238,4.0,5.0,3.0,9.0,3.0,2.0,0.5,0.30000000000000004,40.0,52,8710.0,37,60,51,79,212
219238,4.0,5.0,3.0,9.0,3.0,2.0,0.5,0.30000000000000004,40.0,53,8680.0,38,56,53,79,211
219238,4.0,5.0,3.0,9.0,3.0,2.0,0.5,0.30000000000000004,40.0,54,8560.0,36,57,54,80,210
219238,4.0,5.0,3.0,9.0,3.0,2.0,0.5,0.30000000000000004,40.0,55,8425.0,35,56,57,77,210
219238,4.0,5.0,3.0,9.0,3.0,2.0,0.5,0.30000000000000004,40.0,56,8350.0,37,55,56,74,210
219238,4.0,5.0,3.0,9.0,3.0,2.0,0.5,0.30000000000000004,40.0,57,8320.0,35,50,55,74,205
219238,4.0,5.0,3.0,9.0,3.0,2.0,0.5,0.30000000000000004,40.0,58,8200.0,39,50,55,72,212
219238,4.0,5.0,3.0,9.0,3.0,2.0,0.5,0.30000000000000004,40.0,59,8260.0,40,50,60,75,217
219238,4.0,5.0,3.0,9.0,3.0,2.0,0.5,0.30000000000000004,40.0,60,8470.0,41,52,60,75,220
219238,4.0,5.0,3.0,9.0,3.0,2.0,0.5,0.30000000000000004,40.0,61,8515.0,42,51,59,76,219
219238,4.0,5.0,3.0,9.0,3.0,2.0,0.5,0.30000000000000004,40.0,62,8590.0,42,53,57,77,220
219238,4.0,5.0,3.0,9.0,3.0,2.0,0.5,0.30000000000000004,40.0,63,8680.0,42,53,57,77,218
219238,4.0,5.0,3.0,9.0,3.0,2.0,0.5,0.30000000000000004,40.0,64,8620.0,43,50,58,80,217
219238,4.0,5.0,3.0,9.0,3.0,2.0,0.5,0.30000000000000004,40.0,65,8635.0,42,48,56,83,211
219238,4.0,5.0,3.0,9.0,3.0,2.0,0.5,0.30000000000000004,40.0,66,8635.0,40,49,56,84,210
219238,4.0,5.0,3.0,9.0,3.0,2.0,0.5,0.30000000000000004,40.0,67,8620.0,42,48,57,83,210
219238,4.0,5.0,3.0,9.0,3.0,2.0,0.5,0.30000000000000004,40.0,68,8620.0,40,50,57,81,210
219238,4.0,5.0,3.0,9.0,3.0,2.0,0.5,0.30000000000000004,40.0,69,8665.0,41,48,58,82,208
219238,4.0,5.0,3.0,9.0,3.0,2.0,0.5,0.30000000000000004,40.0,70,8440.0,42,49,57,81,210
219238,4.0,5.0,3.0,9.0,3.0,2.0,0.5,0.30000000000000004,40.0,71,8485.0,42,50,58,80,213
219238,4.0,5.0,3.0,9.0,3.0,2.0,0.5,0.30000000000000004,40.0,72,8590.0,44,50,58,80,215
219238,4.0,5.0,3.0,9.0,3.0,2.0,0.5,0.30000000000000004,40.0,73,8485.0,46,50,58,76,217
219238,4.0,5.0,3.0,9.0,3.0,2.0,0.5,0.30000000000000004,40.0,74,8470.0,45,49,58,79,214
219238,4.0,5.0,3.0,9.0,3.0,2.0,0.5,0.30000000000000004,40.0,75,8485.0,43,45,58,81,208
219238,4.0,5.0,3.0,9.0,3.0,2.0,0.5,0.30000000000000004,40.0,76,8305.0,42,46,62,81,210
219238,4.0,5.0,3.0,9.0,3.0,2.0,0.5,0.30000000000000004,40.0,77,8410.0,41,46,62,79,210
219238,4.0,5.0,3.0,9.0,3.0,2.0,0.5,0.30000000000000004,40.0,78,8305.0,41,45,61,76,207
219238,4.0,5.0,3.0,9.0,3.0,2.0,0.5,0.30000000000000004,40.0,79,8290.0,41,41,62,77,203
219238,4.0,5.0,3.0,9.0,3.0,2.0,0.5,0.30000000000000004,40.0,80,8245.0,42,44,60,81,206
219238,4.0,5.0,3.0,9.0,3.0,2.0,0.5,0.30000000000000004,40.0,81,8215.0,44,39,63,80,204
219238,4.0,5.0,3.0,9.0,3.0,2.0,0.5,0.30000000000000004,40.0,82,8320.0,42,42,64,82,204
219238,4.0,5.0,3.0,9.0,3.0,2.0,0.5,0.30000000000000004,40.0,83,8335.0,41,41,67,83,203
219238,4.0,5.0,3.0,9.0,3.0,2.0,0.5,0.30000000000000004,40.0,84,8395.0,38,42,67,85,199
219238,4.0,5.0,3.0,9.0,3.0,2.0,0.5,0.30000000000000004,40.0,85,8305.0,39,40,66,86,194
219238,4.0,5.0,3.0,9.0,3.0,2.0,0.5,0.30000000000000004,40.0,86,8080.0,39,40,68,87,195
219238,4.0,5.0,3.0,9.0,3.0,2.0,0.5,0.30000000000000004,40.0,87,8095.0,40,38,66,87,193
219238,4.0,5.0,3.0,9.0,3.0,2.0,0.5,0.30000000000000004,40.0,88,8230.0,40,38,65,88,195
219238,4.0,5.0,3.0,9.0,3.0,2.0,0.5,0.30000000000000004,40.0,89,8290.0,39,40,67,89,200
219238,4.0,5.0,3.0,9.0,3.0,2.0,0.5,0.30000000000000004,40.0,90,8305.0,38,41,66,89,201
219238,4.0,5.0,3.0,9.0,3.0,2.0,0.5,0.30000000000000004,40.0,91,8350.0,37,42,68,89,201
219238,4.0,5.0,3.0,9.0,3.0,2.0,0.5,0.30000000000000004,40.0,92,8500.0,36,42,73,89,203
219238,4.0,5.0,3.0,9.0,3.0,2.0,0.5,0.30000000000000004,40.0,93,8470.0,35,42,74,84,207
219238,4.0,5.0,3.0,9.0,3.0,2.0,0.5,0.30000000000000004,40.0,94,8470.0,35,43,72,87,208
219238,4.0,5.0,3.0,9.0,3.0,2.0,0.5,0.30000000000000004,40.0,95,8530.0,36,42,75,86,210
219238,4.0,5.0,3.0,9.0,3.0,2.0,0.5,0.30000000000000004,40.0,96,8665.0,38,42,75,85,213
219238,4.0,5.0,3.0,9.0,3.0,2.0,0.5,0.30000000000000004,40.0,97,8725.0,35,41,76,83,212
219238,4.0,5.0,3.0,9.0,3.0,2.0,0.5,0.30000000000000004,40.0,98,8680.0,34,40,77,87,210
219238,4.0,5.0,3.0,9.0,3.0,2.0,0.5,0.30000000000000004,40.0,99,8740.0,33,41,80,90,211
219238,4.0,5.0,3.0,9.0,3.0,2.0,0.5,0.30000000000000004,40.0,100,8785.0,33,43,80,88,212
219238,4.0,5.0,3.0,9.0,3.0,2.0,0.5,0.30000000000000004,40.0,101,8755.0,30,45,81,87,213
219238,4.0,5.0,3.0,9.0,3.0,2.0,0.5,0.30000000000000004,40.0,102,8890.0,28,45,81,88,213
219238,4.0,5.0,3.0,9.0,3.0,2.0,0.5,0.30000000000000004,40.0,103,8905.0,26,44,80,87,206
219238,4.0,5.0,3.0,9.0,3.0,2.0,0.5,0.30000000000000004,40.0,104,8740.0,27,43,81,89,204
219238,4.0,5.0,3.0,9.0,3.0,2.0,0.5,0.30000000000000004,40.0,105,8665.0,27,46,83,87,210
219238,4.0,5.0,3.0,9.0,3.0,2.0,0.5,0.30000000000000004,40.0,106,8680.0,26,48,83,86,212
219238,4.0,5.0,3.0,9.0,3.0,2.0,0.5,0.30000000000000004,40.0,107,8785.0,23,48,81,81,208
219238,4.0,5.0,3.0,9.0,3.0,2.0,0.5,0.30000000000000004,40.0,108,8560.0,23,47,80,81,206
219238,4.0,5.0,3.0,9.0,3.0,2.0,0.5,0.30000000000000004,40.0,109,8515.0,24,48,78,80,208
219238,4.0,5.0,3.0,9.0,3.0,2.0,0.5,0.30000000000000004,40.0,110,8470.0,27,47,80,79,212
219238,4.0,5.0,3.0,9.0,3.0,2.0,0.5,0.30000000000000004,40.0,111,8500.0,26,49,81,78,218
219238,4.0,5.0,3.0,9.0,3.0,2.0,0.5,0.30000000000000004,40.0,112,8560.0,27,48,78,76,213
219238,4.0,5.0,3.0,9.0,3.0,2.0,0.5,0.30000000000000004,40.0,113,8695.0,26,47,75,78,205
219238,4.0,5.0,3.0,9.0,3.0,2.0,0.5,0.30000000000000004,40.0,114,8395.0,26,47,77,76,208
219238,4.0,5.0,3.0,9.0,3.0,2.0,0.5,0.30000000000000004,40.0,115,8350.0,26,45,80,75,209
219238,4.0,5.0,3.0,9.0,3.0,2.0,0.5,0.30000000000000004,40.0,116,8245.0,26,45,79,76,206
219238,4.0,5.0,3.0,9.0,3.0,2.0,0.5,0.30000000000000004,40.0,117,8080.0,25,44,79,76,203
219238,4.0,5.0,3.0,9.0,3.0,2.0,0.5,0.30000000000000004,40.0,118,8140.0,27,46,81,78,207
219238,4.0,5.0,3.0,9.0,3.0,2.0,0.5,0.30000000000000004,40.0,119,8185.0,30,47,80,75,211
219238,4.0,5.0,3.0,9.0,3.0,2.0,0.5,0.30000000000000004,40.0,120,8170.0,30,48,77,77,207
219238,4.0,5.0,3.0,9.0,3.0,2.0,0.5,0.30000000000000004,40.0,121,8335.0,29,50,75,79,208
219238,4.0,5.0,3.0,9.0,3.0,2.0,0.5,0.30000000000000004,40.0,122,8365.0,30,47,79,78,209
219238,4.0,5.0,3.0,9.0,3.0,2.0,0.5,0.30000000000000004,40.0,123,8335.0,33,42,82,78,211
219238,4.0,5.0,3.0,9.0,3.0,2.0,0.5,0.30000000000000004,40.0,124,8335.0,32,42,80,81,207
219238,4.0,5.0,3.0,9.0,3.0,2.0,0.5,0.30000000000000004,40.0,125,8320.0,31,40,83,80,206
219238,4.0,5.0,3.0,9.0,3.0,2.0,0.5,0.30000000000000004,40.0,126,8320.0,30,39,82,81,203
219238,4.0,5.0,3.0,9.0,3.0,2.0,0.5,0.30000000000000004,40.0,127,8260.0,32,42,81,81,207
219238,4.0,5.0,3.0,9.0,3.0,2.0,0.5,0.30000000000000004,40.0,128,8335.0,34,42,81,81,209
219238,4.0,5.0,3.0,9.0,3.0,2.0,0.5,0.30000000000000004,40.0,129,8395.0,33,44,81,82,211
219238,4.0,5.0,3.0,9.0,3.0,2.0,0.5,0.30000000000000004,40.0,130,8560.0,33,45,80,84,209
219238,4.0,5.0,3.0,9.0,3.0,2.0,0.5,0.30000000000000004,40.0,131,8575.0,33,45,80,85,207
219238,4.0,5.0,3.0,9.0,3.0,2.0,0.5,0.30000000000000004,40.0,132,8545.0,34,45,81,86,209
219238,4.0,5.0,3.0,9.0,3.0,2.0,0.5,0.30000000000000004,40.0,133,8590.0,34,47,81,86,210
219238,4.0,5.0,3.0,9.0,3.0,2.0,0.5,0.30000000000000004,40.0,134,8590.0,35,48,82,85,210
219238,4.0,5.0,3.0,9.0,3.0,2.0,0.5,0.30000000000000004,40.0,135,8500.0,37,48,78,84,205
219238,4.0,5.0,3.0,9.0,3.0,2.0,0.5,0.30000000000000004,40.0,136,8455.0,37,49,78,84,209
219238,4.0,5.0,3.0,9.0,3.0,2.0,0.5,0.30000000000000004,40.0,137,8560.0,37,49,79,85,211
219238,4.0,5.0,3.0,9.0,3.0,2.0,0.5,0.30000000000000004,40.0,138,8605.0,36,51,80,88,213
219238,4.0,5.0,3.0,9.0,3.0,2.0,0.5,0.30000000000000004,40.0,139,8815.0,36,51,81,88,213
219238,4.0,5.0,3.0,9.0,3.0,2.0,0.5,0.30000000000000004,40.0,140,8845.0,36,52,81,86,214
219238,4.0,5.0,3.0,9.0,3.0,2.0,0.5,0.30000000000000004,40.0,141,8665.0,36,53,81,83,214
219238,4.0,5.0,3.0,9.0,3.0,2.0,0.5,0.30000000000000004,40.0,142,8725.0,39,55,79,86,217
219238,4.0,5.0,3.0,9.0,3.0,2.0,0.5,0.30000000000000004,40.0,143,8875.0,39,54,80,85,216
219238,4.0,5.0,3.0,9.0,3.0,2.0,0.5,0.30000000000000004,40.0,144,8770.0,38,54,80,83,213
219238,4.0,5.0,3.0,9.0,3.0,2.0,0.5,0.30000000000000004,40.0,145,8590.0,39,53,81,83,214
219238,4.0,5.0,3.0,9.0,3.0,2.0,0.5,0.30000000000000004,40.0,146,8755.0,39,53,80,82,215
219238,4.0,5.0,3.0,9.0,3.0,2.0,0.5,0.30000000000000004,40.0,147,8680.0,38,57,77,81,216
219238,4.0,5.0,3.0,9.0,3.0,2.0,0.5,0.30000000000000004,40.0,148,8605.0,39,57,76,79,214
219238,4.0,5.0,3.0,9.0,3.0,2.0,0.5,0.30000000000000004,40.0,149,8620.0,37,53,76,79,207
219238,4.0,5.0,3.0,9.0,3.0,2.0,0.5,0.30000000000000004,40.0,150,8545.0,39,52,75,74,204
219238,4.0,5.0,3.0,9.0,3.0,2.0,0.5,0.30000000000000004,40.0,151,8500.0,40,51,75,76,207
219238,4.0,5.0,3.0,9.0,3.0,2.0,0.5,0.30000000000000004,40.0,152,8350.0,37,53,75,78,207
219238,4.0,5.0,3.0,9.0,3.0,2.0,0.5,0.30000000000000004,40.0,153,8215.0,38,54,74,78,202
219238,4.0,5.0,3.0,9.0,3.0,2.0,0.5,0.30000000000000004,40.0,154,8110.0,39,55,73,79,204
219238,4.0,5.0,3.0,9.0,3.0,2.0,0.5,0.30000000000000004,40.0,155,8155.0,42,55,70,81,205
219238,4.0,5.0,3.0,9.0,3.0,2.0,0.5,0.30000000000000004,40.0,156,8275.0,42,56,71,81,208
219238,4.0,5.0,3.0,9.0,3.0,2.0,0.5,0.30000000000000004,40.0,157,8365.0,44,57,76,77,214
219238,4.0,5.0,3.0,9.0,3.0,2.0,0.5,0.30000000000000004,40.0,158,8350.0,44,57,74,71,213
219238,4.0,5.0,3.0,9.0,3.0,2.0,0.5,0.30000000000000004,40.0,159,8350.0,42,57,73,70,210
219238,4.0,5.0,3.0,9.0,3.0,2.0,0.5,0.30000000000000004,40.0,160,8170.0,39,53,73,69,207
219238,4.0,5.0,3.0,9.0,3.0,2.0,0.5,0.30000000000000004,40.0,161,8110.0,41,52,77,73,212
219238,4.0,5.0,3.0,9.0,3.0,2.0,0.5,0.30000000000000004,40.0,162,8305.0,43,53,79,70,217
219238,4.0,5.0,3.0,9.0,3.0,2.0,0.5,0.30000000000000004,40.0,163,8185.0,42,53,76,69,212
219238,4.0,5.0,3.0,9.0,3.0,2.0,0.5,0.30000000000000004,40.0,164,8140.0,41,52,76,69,213
219238,4.0,5.0,3.0,9.0,3.0,2.0,0.5,0.30000000000000004,40.0,165,8230.0,40,51,76,67,212
219238,4.0,5.0,3.0,9.0,3.0,2.0,0.5,0.30000000000000004,40.0,166,8170.0,43,54,76,69,218
219238,4.0,5.0,3.0,9.0,3.0,2.0,0.5,0.30000000000000004,40.0,167,8260.0,44,58,73,67,220
219238,4.0,5.0,3.0,9.0,3.0,2.0,0.5,0.30000000000000004,40.0,168,8335.0,44,59,71,68,219
219238,4.0,5.0,3.0,9.0,3.0,2.0,0.5,0.30000000000000004,40.0,169,8365.0,44,59,72,67,222
219238,4.0,5.0,3.0,9.0,3.0,2.0,0.5,0.30000000000000004,40.0,170,8395.0,46,60,71,72,223
219238,4.0,5.0,3.0,9.0,3.0,2.0,0.5,0.30000000000000004,40.0,171,8605.0,47,65,72,73,230
219238,4.0,5.0,3.0,9.0,3.0,2.0,0.5,0.30000000000000004,40.0,172,8800.0,48,65,70,74,228
219238,4.0,5.0,3.0,9.0,3.0,2.0,0.5,0.30000000000000004,40.0,173,8935.0,49,66,70,74,231
219238,4.0,5.0,3.0,9.0,3.0,2.0,0.5,0.30000000000000004,40.0,174,8890.0,50,64,70,75,230
219238,4.0,5.0,3.0,9.0,3.0,2.0,0.5,0.30000000000000004,40.0,175,8905.0,50,67,67,76,229
219238,4.0,5.0,3.0,9.0,3.0,2.0,0.5,0.30000000000000004,40.0,176,9025.0,49,71,67,76,232
219238,4.0,5.0,3.0,9.0,3.0,2.0,0.5,0.30000000000000004,40.0,177,8965.0,49,70,66,75,229
219238,4.0,5.0,3.0,9.0,3.0,2.0,0.5,0.30000000000000004,40.0,178,9025.0,47,68,68,73,225
219238,4.0,5.0,3.0,9.0,3.0,2.0,0.5,0.30000000000000004,40.0,179,8995.0,48,68,65,70,222
219238,4.0,5.0,3.0,9.0,3.0,2.0,0.5,0.30000000000000004,40.0,180,8800.0,49,71,64,70,224
219238,4.0,5.0,3.0,9.0,3.0,2.0,0.5,0.30000000000000004,40.0,181,8785.0,48,72,64,68,224
219238,4.0,5.0,3.0,9.0,3.0,2.0,0.5,0.30000000000000004,40.0,182,8710.0,47,70,63,68,219
219238,4.0,5.0,3.0,9.0,3.0,2.0,0.5,0.30000000000000004,40.0,183,8680.0,48,68,62,68,219
219238,4.0,5.0,3.0,9.0,3.0,2.0,0.5,0.30000000000000004,40.0,184,8575.0,47,72,66,66,225
219238,4.0,5.0,3.0,9.0,3.0,2.0,0.5,0.30000000000000004,40.0,185,8425.0,48,75,67,63,229
219238,4.0,5.0,3.0,9.0,3.0,2.0,0.5,0.30000000000000004,40.0,186,8485.0,49,74,69,62,232
219238,4.0,5.0,3.0,9.0,3.0,2.0,0.5,0.30000000000000004,40.0,187,8440.0,49,74,66,61,227
219238,4.0,5.0,3.0,9.0,3.0,2.0,0.5,0.30000000000000004,40.0,188,8410.0,48,72,67,59,225
219238,4.0,5.0,3.0,9.0,3.0,2.0,0.5,0.30000000000000004,40.0,189,8365.0,50,76,69,60,232
219238,4.0,5.0,3.0,9.0,3.0,2.0,0.5,0.30000000000000004,40.0,190,8260.0,48,79,68,57,232
219238,4.0,5.0,3.0,9.0,3.0,2.0,0.5,0.30000000000000004,40.0,191,8380.0,48,81,66,60,230
219238,4.0,5.0,3.0,9.0,3.0,2.0,0.5,0.30000000000000004,40.0,192,8275.0,49,79,67,53,228
219238,4.0,5.0,3.0,9.0,3.0,2.0,0.5,0.30000000000000004,40.0,193,8215.0,48,81,65,52,228
219238,4.0,5.0,3.0,9.0,3.0,2.0,0.5,0.30000000000000004,40.0,194,8125.0,44,81,64,49,223
219238,4.0,5.0,3.0,9.0,3.0,2.0,0.5,0.30000000000000004,40.0,195,8035.0,45,86,63,46,227
219238,4.0,5.0,3.0,9.0,3.0,2.0,0.5,0.30000000000000004,40.0,196,7930.0,46,88,64,45,230
219238,4.0,5.0,3.0,9.0,3.0,2.0,0.5,0.30000000000000004,40.0,197,7902.5,47,88,67,43,232
219238,4.0,5.0,3.0,9.0,3.0,2.0,0.5,0.30000000000000004,40.0,198,7883.125,46,93,67,43,236
219238,4.0,5.0,3.0,9.0,3.0,2.0,0.5,0.30000000000000004,40.0,199,8023.90625,48,97,69,41,244
219238,4.0,5.0,3.0,9.0,3.0,2.0,0.5,0.30000000000000004,40.0,200,8230.0,50,97,69,37,249
219238,4.0,5.0,3.0,9.0,3.0,2.0,0.5,0.30000000000000004,40.0,201,8170.0,52,98,72,37,252
219238,4.0,5.0,3.0,9.0,3.0,2.0,0.5,0.30000000000000004,40.0,202,8425.0,54,98,72,36,254
219238,4.0,5.0,3.0,9.0,3.0,2.0,0.5,0.30000000000000004,40.0,203,8470.0,52,101,69,38,247
219238,4.0,5.0,3.0,9.0,3.0,2.0,0.5,0.30000000000000004,40.0,204,8380.0,55,103,73,36,255
219238,4.0,5.0,3.0,9.0,3.0,2.0,0.5,0.30000000000000004,40.0,205,8470.0,58,105,73,38,259
219238,4.0,5.0,3.0,9.0,3.0,2.0,0.5,0.30000000000000004,40.0,206,8710.0,61,107,72,38,262
219238,4.0,5.0,3.0,9.0,3.0,2.0,0.5,0.30000000000000004,40.0,207,8680.0,61,106,78,37,265
219238,4.0,5.0,3.0,9.0,3.0,2.0,0.5,0.30000000000000004,40.0,208,8830.0,61,106,78,36,266
219238,4.0,5.0,3.0,9.0,3.0,2.0,0.5,0.30000000000000004,40.0,209,8950.0,63,107,79,37,270
219238,4.0,5.0,3.0,9.0,3.0,2.0,0.5,0.30000000000000004,40.0,210,8965.0,63,103,80,37,267
219238,4.0,5.0,3.0,9.0,3.0,2.0,0.5,0.30000000000000004,40.0,211,8890.0,65,100,78,34,266
219238,4.0,5.0,3.0,9.0,3.0,2.0,0.5,0.30000000000000004,40.0,212,8890.0,65,98,78,35,264
219238,4.0,5.0,3.0,9.0,3.0,2.0,0.5,0.30000000000000004,40.0,213,8770.0,64,98,78,35,262
219238,4.0,5.0,3.0,9.0,3.0,2.0,0.5,0.30000000000000004,40.0,214,8650.0,66,99,76,34,262
219238,4.0,5.0,3.0,9.0,3.0,2.0,0.5,0.30000000000000004,40.0,215,8635.0,65,98,76,35,260
219238,4.0,5.0,3.0,9.0,3.0,2.0,0.5,0.30000000000000004,40.0,216,8590.0,67,97,77,34,263
219238,4.0,5.0,3.0,9.0,3.0,2.0,0.5,0.30000000000000004,40.0,217,8710.0,66,98,77,35,263
219238,4.0,5.0,3.0,9.0,3.0,2.0,0.5,0.30000000000000004,40.0,218,8620.0,66,96,77,36,260
219238,4.0,5.0,3.0,9.0,3.0,2.0,0.5,0.30000000000000004,40.0,219,8545.0,64,96,75,36,256
219238,4.0,5.0,3.0,9.0,3.0,2.0,0.5,0.30000000000000004,40.0,220,8545.0,63,94,73,36,252
219238,4.0,5.0,3.0,9.0,3.0,2.0,0.5,0.30000000000000004,40.0,221,8335.0,65,91,72,35,251
219238,4.0,5.0,3.0,9.0,3.0,2.0,0.5,0.30000000000000004,40.0,222,8350.0,65,86,74,34,249
219238,4.0,5.0,3.0,9.0,3.0,2.0,0.5,0.30000000000000004,40.0,223,8095.0,66,86,75,32,251
219238,4.0,5.0,3.0,9.0,3.0,2.0,0.5,0.30000000000000004,40.0,224,8065.0,64,85,75,30,249
219238,4.0,5.0,3.0,9.0,3.0,2.0,0.5,0.30000000000000004,40.0,225,8125.0,65,83,71,31,246
219238,4.0,5.0,3.0,9.0,3.0,2.0,0.5,0.30000000000000004,40.0,226,8020.0,63,83,69,30,243
219238,4.0,5.0,3.0,9.0,3.0,2.0,0.5,0.30000000000000004,40.0,227,7885.0,63,84,72,30,248
219238,4.0,5.0,3.0,9.0,3.0,2.0,0.5,0.30000000000000004,40.0,228,7996.25,65,86,72,31,252
219238,4.0,5.0,3.0,9.0,3.0,2.0,0.5,0.30000000000000004,40.0,229,8240.3125,64,86,73,30,254
219238,4.0,5.0,3.0,9.0,3.0,2.0,0.5,0.30000000000000004,40.0,230,8170.0,66,86,74,31,256
219238,4.0,5.0,3.0,9.0,3.0,2.0,0.5,0.30000000000000004,40.0,231,8350.0,63,85,78,32,256
219238,4.0,5.0,3.0,9.0,3.0,2.0,0.5,0.30000000000000004,40.0,232,8305.0,62,89,77,31,258
219238,4.0,5.0,3.0,9.0,3.0,2.0,0.5,0.30000000000000004,40.0,233,8335.0,65,86,77,30,257
219238,4.0,5.0,3.0,9.0,3.0,2.0,0.5,0.30000000000000004,40.0,234,8380.0,68,84,81,30,263
219238,4.0,5.0,3.0,9.0,3.0,2.0,0.5,0.30000000000000004,40.0,235,8530.0,70,84,79,33,260
219238,4.0,5.0,3.0,9.0,3.0,2.0,0.5,0.30000000000000004,40.0,236,8500.0,72,83,80,33,262
219238,4.0,5.0,3.0,9.0,3.0,2.0,0.5,0.30000000000000004,40.0,237,8680.0,72,83,81,31,263
219238,4.0,5.0,3.0,9.0,3.0,2.0,0.5,0.30000000000000004,40.0,238,8575.0,69,82,83,32,260
219238,4.0,5.0,3.0,9.0,3.0,2.0,0.5,0.30000000000000004,40.0,239,8680.0,71,79,83,33,259
219238,4.0,5.0,3.0,9.0,3.0,2.0,0.5,0.30000000000000004,40.0,240,8590.0,74,79,80,35,259
219238,4.0,5.0,3.0,9.0,3.0,2.0,0.5,0.30000000000000004,40.0,241,8665.0,75,82,83,35,265
219238,4.0,5.0,3.0,9.0,3.0,2.0,0.5,0.30000000000000004,40.0,242,8755.0,77,83,84,35,269
219238,4.0,5.0,3.0,9.0,3.0,2.0,0.5,0.30000000000000004,40.0,243,8860.0,77,82,82,35,266
219238,4.0,5.0,3.0,9.0,3.0,2.0,0.5,0.30000000000000004,40.0,244,8830.0,79,78,84,35,267
219238,4.0,5.0,3.0,9.0,3.0,2.0,0.5,0.30000000000000004,40.0,245,8770.0,82,78,84,33,268
219238,4.0,5.0,3.0,9.0,3.0,2.0,0.5,0.30000000000000004,40.0,246,8845.0,78,81,85,34,268
219238,4.0,5.0,3.0,9.0,3.0,2.0,0.5,0.30000000000000004,40.0,247,8710.0,76,81,85,33,266
219238,4.0,5.0,3.0,9.0,3.0,2.0,0.5,0.30000000000000004,40.0,248,8695.0,75,78,83,34,261
219238,4.0,5.0,3.0,9.0,3.0,2.0,0.5,0.30000000000000004,40.0,249,8635.0,76,77,83,34,261
219238,4.0,5.0,3.0,9.0,3.0,2.0,0.5,0.30000000000000004,40.0,250,8560.0,76,76,83,34,257
219238,4.0,5.0,3.0,9.0,3.0,2.0,0.5,0.30000000000000004,40.0,251,8605.0,75,81,81,32,260
219238,4.0,5.0,3.0,9.0,3.0,2.0,0.5,0.30000000000000004,40.0,252,8500.0,74,83,79,33,257
219238,4.0,5.0,3.0,9.0,3.0,2.0,0.5,0.30000000000000004,40.0,253,8410.0,78,82,77,35,258
219238,4.0,5.0,3.0,9.0,3.0,2.0,0.5,0.30000000000000004,40.0,254,8560.0,81,80,78,34,262
219238,4.0,5.0,3.0,9.0,3.0,2.0,0.5,0.30000000000000004,40.0,255,8455.0,77,81,76,32,257
219238,4.0,5.0,3.0,9.0,3.0,2.0,0.5,0.30000000000000004,40.0,256,8485.0,75,83,73,29,253
219238,4.0,5.0,3.0,9.0,3.0,2.0,0.5,0.30000000000000004,40.0,257,8215.0,76,82,71,31,250
219238,4.0,5.0,3.0,9.0,3.0,2.0,0.5,0.30000000000000004,40.0,258,8155.0,78,84,66,30,251
219238,4.0,5.0,3.0,9.0,3.0,2.0,0.5,0.30000000000000004,40.0,259,8050.0,80,82,59,31,244
219238,4.0,5.0,3.0,9.0,3.0,2.0,0.5,0.30000000000000004,40.0,260,8005.0,77,85,61,31,246
219238,4.0,5.0,3.0,9.0,3.0,2.0,0.5,0.30000000000000004,40.0,261,7930.0,78,89,60,29,250
219238,4.0,5.0,3.0,9.0,3.0,2.0,0.5,0.30000000000000004,40.0,262,8037.5,82,89,62,28,255
219238,4.0,5.0,3.0,9.0,3.0,2.0,0.5,0.30000000000000004,40.0,263,8125.0,84,87,61,27,253
219238,4.0,5.0,3.0,9.0,3.0,2.0,0.5,0.30000000000000004,40.0,264,8200.0,87,89,59,28,256
219238,4.0,5.0,3.0,9.0,3.0,2.0,0.5,0.30000000000000004,40.0,265,8185.0,88,90,58,29,256
219238,4.0,5.0,3.0,9.0,3.0,2.0,0.5,0.30000000000000004,40.0,266,8260.0,89,93,58,29,260
219238,4.0,5.0,3.0,9.0,3.0,2.0,0.5,0.30000000000000004,40.0,267,8350.0,88,95,59,29,262
219238,4.0,5.0,3.0,9.0,3.0,2.0,0.5,0.30000000000000004,40.0,268,8380.0,89,97,58,27,262
219238,4.0,5.0,3.0,9.0,3.0,2.0,0.5,0.30000000000000004,40.0,269,8335.0,94,98,56,25,266
219238,4.0,5.0,3.0,9.0,3.0,2.0,0.5,0.30000000000000004,40.0,270,8530.0,94,102,57,25,271
219238,4.0,5.0,3.0,9.0,3.0,2.0,0.5,0.30000000000000004,40.0,271,8560.0,97,101,56,25,272
219238,4.0,5.0,3.0,9.0,3.0,2.0,0.5,0.30000000000000004,40.0,272,8590.0,99,101,55,25,272
219238,4.0,5.0,3.0,9.0,3.0,2.0,0.5,0.30000000000000004,40.0,273,8635.0,101,102,51,24,271
219238,4.0,5.0,3.0,9.0,3.0,2.0,0.5,0.30000000000000004,40.0,274,8680.0,105,101,50,23,273
219238,4.0,5.0,3.0,9.0,3.0,2.0,0.5,0.30000000000000004,40.0,275,8650.0,105,105,50,23,277
219238,4.0,5.0,3.0,9.0,3.0,2.0,0.5,0.30000000000000004,40.0,276,8740.0,105,107,49,22,278
219238,4.0,5.0,3.0,9.0,3.0,2.0,0.5,0.30000000000000004,40.0,277,8860.0,108,107,50,22,280
219238,4.0,5.0,3.0,9.0,3.0,2.0,0.5,0.30000000000000004,40.0,278,8845.0,108,105,49,23,277
219238,4.0,5.0,3.0,9.0,3.0,2.0,0.5,0.30000000000000004,40.0,279,8830.0,110,108,49,21,283
219238,4.0,5.0,3.0,9.0,3.0,2.0,0.5,0.30000000000000004,40.0,280,8815.0,111,107,47,21,281
219238,4.0,5.0,3.0,9.0,3.0,2.0,0.5,0.30000000000000004,40.0,281,8815.0,112,107,48,18,283
219238,4.0,5.0,3.0,9.0,3.0,2.0,0.5,0.30000000000000004,40.0,282,8755.0,111,105,49,17,280
219238,4.0,5.0,3.0,9.0,3.0,2.0,0.5,0.30000000000000004,40.0,283,8665.0,110,104,49,17,277
219238,4.0,5.0,3.0,9.0,3.0,2.0,0.5,0.30000000000000004,40.0,284,8650.0,108,109,48,19,279
219238,4.0,5.0,3.0,9.0,3.0,2.0,0.5,0.30000000000000004,40.0,285,8695.0,109,108,46,18,276
219238,4.0,5.0,3.0,9.0,3.0,2.0,0.5,0.30000000000000004,40.0,286,8620.0,111,106,49,17,278
219238,4.0,5.0,3.0,9.0,3.0,2.0,0.5,0.30000000000000004,40.0,287,8545.0,110,105,46,16,275
219238,4.0,5.0,3.0,9.0,3.0,2.0,0.5,0.30000000000000004,40.0,288,8485.0,109,103,47,15,273
219238,4.0,5.0,3.0,9.0,3.0,2.0,0.5,0.30000000000000004,40.0,289,8455.0,111,106,48,15,279
219238,4.0,5.0,3.0,9.0,3.0,2.0,0.5,0.30000000000000004,40.0,290,8410.0,109,108,47,14,277
219238,4.0,5.0,3.0,9.0,3.0,2.0,0.5,0.30000000000000004,40.0,291,8395.0,109,108,46,14,276
219238,4.0,5.0,3.0,9.0,3.0,2.0,0.5,0.30000000000000004,40.0,292,8500.0,103,105,46,15,268
219238,4.0,5.0,3.0,9.0,3.0,2.0,0.5,0.30000000000000004,40.0,293,8245.0,103,108,43,15,268
219238,4.0,5.0,3.0,9.0,3.0,2.0,0.5,0.30000000000000004,40.0,294,8245.0,96,109,45,14,264
219238,4.0,5.0,3.0,9.0,3.0,2.0,0.5,0.30000000000000004,40.0,295,8230.0,95,109,39,13,257
219238,4.0,5.0,3.0,9.0,3.0,2.0,0.5,0.30000000000000004,40.0,296,8020.0,92,110,39,13,255
219238,4.0,5.0,3.0,9.0,3.0,2.0,0.5,0.30000000000000004,40.0,297,7840.0,86,110,38,18,248
219238,4.0,5.0,3.0,9.0,3.0,2.0,0.5,0.30000000000000004,40.0,298,7580.0,87,113,36,17,250
219238,4.0,5.0,3.0,9.0,3.0,2.0,0.5,0.30000000000000004,40.0,299,7510.0,84,120,38,16,255
219238,4.0,5.0,3.0,9.0,3.0,2.0,0.5,0.30000000000000004,40.0,300,7782.5,90,115,39,16,257
219238,4.0,5.0,3.0,9.0,3.0,2.0,0.5,0.30000000000000004,40.0,301,8033.125,89,115,40,16,257
219238,4.0,5.0,3.0,9.0,3.0,2.0,0.5,0.30000000000000004,40.0,302,8290.0,86,119,41,17,259
219238,4.0,5.0,3.0,9.0,3.0,2.0,0.5,0.30000000000000004,40.0,303,8215.0,90,122,42,18,268
219238,4.0,5.0,3.0,9.0,3.0,2.0,0.5,0.30000000000000004,40.0,304,8290.0,89,125,41,19,269
219238,4.0,5.0,3.0,9.0,3.0,2.0,0.5,0.30000000000000004,40.0,305,8230.0,93,123,40,19,269
219238,4.0,5.0,3.0,9.0,3.0,2.0,0.5,0.30000000000000004,40.0,306,8320.0,92,127,38,19,270
219238,4.0,5.0,3.0,9.0,3.0,2.0,0.5,0.30000000000000004,40.0,307,8485.0,93,130,40,19,276
219238,4.0,5.0,3.0,9.0,3.0,2.0,0.5,0.30000000000000004,40.0,308,8560.0,92,132,40,19,276
219238,4.0,5.0,3.0,9.0,3.0,2.0,0.5,0.30000000000000004,40.0,309,8635.0,94,133,40,19,280
219238,4.0,5.0,3.0,9.0,3.0,2.0,0.5,0.30000000000000004,40.0,310,8635.0,95,131,40,19,279
219238,4.0,5.0,3.0,9.0,3.0,2.0,0.5,0.30000000000000004,40.0,311,8740.0,94,131,41,19,279
219238,4.0,5.0,3.0,9.0,3.0,2.0,0.5,0.30000000000000004,40.0,312,8845.0,94,134,42,19,283
219238,4.0,5.0,3.0,9.0,3.0,2.0,0.5,0.30000000000000004,40.0,313,8920.0,95,137,42,19,287
219238,4.0,5.0,3.0,9.0,3.0,2.0,0.5,0.30000000000000004,40.0,314,8890.0,96,136,43,19,289
219238,4.0,5.0,3.0,9.0,3.0,2.0,0.5,0.30000000000000004,40.0,315,8920.0,94,133,42,19,282
219238,4.0,5.0,3.0,9.0,3.0,2.0,0.5,0.30000000000000004,40.0,316,9025.0,96,131,42,19,283
219238,4.0,5.0,3.0,9.0,3.0,2.0,0.5,0.30000000000000004,40.0,317,9055.0,96,133,41,18,284
219238,4.0,5.0,3.0,9.0,3.0,2.0,0.5,0.30000000000000004,40.0,318,9025.0,95,133,41,18,283
219238,4.0,5.0,3.0,9.0,3.0,2.0,0.5,0.30000000000000004,40.0,319,8935.0,94,133,40,18,282
219238,4.0,5.0,3.0,9.0,3.0,2.0,0.5,0.30000000000000004,40.0,320,8815.0,94,132,39,16,279
219238,4.0,5.0,3.0,9.0,3.0,2.0,0.5,0.30000000000000004,40.0,321,8755.0,93,130,37,17,274
219238,4.0,5.0,3.0,9.0,3.0,2.0,0.5,0.30000000000000004,40.0,322,8695.0,93,127,36,17,270
219238,4.0,5.0,3.0,9.0,3.0,2.0,0.5,0.30000000000000004,40.0,323,8545.0,92,119,36,15,263
219238,4.0,5.0,3.0,9.0,3.0,2.0,0.5,0.30000000000000004,40.0,324,8500.0,90,119,32,15,257
219238,4.0,5.0,3.0,9.0,3.0,2.0,0.5,0.30000000000000004,40.0,325,8365.0,91,127,32,14,267
219238,4.0,5.0,3.0,9.0,3.0,2.0,0.5,0.30000000000000004,40.0,326,8245.0,87,127,35,15,265
219238,4.0,5.0,3.0,9.0,3.0,2.0,0.5,0.30000000000000004,40.0,327,8140.0,87,131,34,15,267
219238,4.0,5.0,3.0,9.0,3.0,2.0,0.5,0.30000000000000004,40.0,328,8035.0,86,130,33,15,265
219238,4.0,5.0,3.0,9.0,3.0,2.0,0.5,0.30000000000000004,40.0,329,8080.0,88,130,31,13,266
219238,4.0,5.0,3.0,9.0,3.0,2.0,0.5,0.30000000000000004,40.0,330,8095.0,93,128,31,13,268
219238,4.0,5.0,3.0,9.0,3.0,2.0,0.5,0.30000000000000004,40.0,331,7975.0,91,128,27,12,262
219238,4.0,5.0,3.0,9.0,3.0,2.0,0.5,0.30000000000000004,40.0,332,7808.75,88,131,28,13,263
219238,4.0,5.0,3.0,9.0,3.0,2.0,0.5,0.30000000000000004,40.0,333,7780.9375,87,129,25,14,257
219238,4.0,5.0,3.0,9.0,3.0,2.0,0.5,0.30000000000000004,40.0,334,7746.171875,89,132,23,14,262
219238,4.0,5.0,3.0,9.0,3.0,2.0,0.5,0.30000000000000004,40.0,335,7882.71484375,93,134,24,14,269
219238,4.0,5.0,3.0,9.0,3.0,2.0,0.5,0.30000000000000004,40.0,336,8188.3935546875,95,133,24,12,270
219238,4.0,5.0,3.0,9.0,3.0,2.0,0.5,0.30000000000000004,40.0,337,8305.0,96,133,25,10,273
219238,4.0,5.0,3.0,9.0,3.0,2.0,0.5,0.30000000000000004,40.0,338,8200.0,95,133,25,11,272
219238,4.0,5.0,3.0,9.0,3.0,2.0,0.5,0.30000000000000004,40.0,339,8170.0,99,129,26,12,274
219238,4.0,5.0,3.0,9.0,3.0,2.0,0.5,0.30000000000000004,40.0,340,8260.0,100,129,27,10,276
219238,4.0,5.0,3.0,9.0,3.0,2.0,0.5,0.30000000000000004,40.0,341,8275.0,101,125,29,11,276
219238,4.0,5.0,3.0,9.0,3.0,2.0,0.5,0.30000000000000004,40.0,342,8365.0,106,128,29,11,284
219238,4.0,5.0,3.0,9.0,3.0,2.0,0.5,0.30000000000000004,40.0,343,8575.0,109,127,30,10,289
219238,4.0,5.0,3.0,9.0,3.0,2.0,0.5,0.30000000000000004,40.0,344,8710.0,110,127,30,11,290
219238,4.0,5.0,3.0,9.0,3.0,2.0,0.5,0.30000000000000004,40.0,345,8755.0,110,131,29,10,293
219238,4.0,5.0,3.0,9.0,3.0,2.0,0.5,0.30000000000000004,40.0,346,8905.0,111,131,29,10,295
219238,4.0,5.0,3.0,9.0,3.0,2.0,0.5,0.30000000000000004,40.0,347,9025.0,112,132,30,10,298
219238,4.0,5.0,3.0,9.0,3.0,2.0,0.5,0.30000000000000004,40.0,348,9070.0,114,132,30,10,300
219238,4.0,5.0,3.0,9.0,3.0,2.0,0.5,0.30000000000000004,40.0,349,9115.0,114,132,31,9,301
219238,4.0,5.0,3.0,9.0,3.0,2.0,0.5,0.30000000000000004,40.0,350,9085.0,114,129,31,10,298
219238,4.0,5.0,3.0,9.0,3.0,2.0,0.5,0.30000000000000004,40.0,351,9100.0,113,130,31,11,298
219238,4.0,5.0,3.0,9.0,3.0,2.0,0.5,0.30000000000000004,40.0,352,9115.0,113,128,31,11,296
219238,4.0,5.0,3.0,9.0,3.0,2.0,0.5,0.30000000000000004,40.0,353,9085.0,112,125,32,11,293
219238,4.0,5.0,3.0,9.0,3.0,2.0,0.5,0.30000000000000004,40.0,354,9175.0,108,124,32,11,288
219238,4.0,5.0,3.0,9.0,3.0,2.0,0.5,0.30000000000000004,40.0,355,9025.0,103,126,31,11,285
219238,4.0,5.0,3.0,9.0,3.0,2.0,0.5,0.30000000000000004,40.0,356,8875.0,101,125,29,10,279
219238,4.0,5.0,3.0,9.0,3.0,2.0,0.5,0.30000000000000004,40.0,357,8905.0,100,125,30,10,279
219238,4.0,5.0,3.0,9.0,3.0,2.0,0.5,0.30000000000000004,40.0,358,8755.0,93,120,30,11,266
219238,4.0,5.0,3.0,9.0,3.0,2.0,0.5,0.30000000000000004,40.0,359,8710.0,90,117,27,10,257
219238,4.0,5.0,3.0,9.0,3.0,2.0,0.5,0.30000000000000004,40.0,360,8590.0,90,113,27,10,253
219238,4.0,5.0,3.0,9.0,3.0,2.0,0.5,0.30000000000000004,40.0,361,8425.0,87,113,26,9,248
219238,4.0,5.0,3.0,9.0,3.0,2.0,0.5,0.30000000000000004,40.0,362,8380.0,86,112,25,8,243
219238,4.0,5.0,3.0,9.0,3.0,2.0,0.5,0.30000000000000004,40.0,363,8305.0,84,111,26,8,240
219238,4.0,5.0,3.0,9.0,3.0,2.0,0.5,0.30000000000000004,40.0,364,8245.0,81,109,24,9,234
219238,4.0,5.0,3.0,9.0,3.0,2.0,0.5,0.30000000000000004,40.0,365,8050.0,81,107,25,9,234
219238,4.0,5.0,3.0,9.0,3.0,2.0,0.5,0.30000000000000004,40.0,366,7900.0,84,106,26,9,238
219238,4.0,5.0,3.0,9.0,3.0,2.0,0.5,0.30000000000000004,40.0,367,7550.0,85,108,26,9,241
219238,4.0,5.0,3.0,9.0,3.0,2.0,0.5,0.30000000000000004,40.0,368,7127.5,84,110,26,8,244
219238,4.0,5.0,3.0,9.0,3.0,2.0,0.5,0.30000000000000004,40.0,369,6854.375,86,108,24,7,244
219238,4.0,5.0,3.0,9.0,3.0,2.0,0.5,0.30000000000000004,40.0,370,6917.96875,86,107,25,6,243
219238,4.0,5.0,3.0,9.0,3.0,2.0,0.5,0.30000000000000004,40.0,371,7087.4609375,89,108,24,6,244
219238,4.0,5.0,3.0,9.0,3.0,2.0,0.5,0.30000000000000004,40.0,372,7464.326171875,91,109,23,7,246
219238,4.0,5.0,3.0,9.0,3.0,2.0,0.5,0.30000000000000004,40.0,373,7785.40771484375,93,108,21,7,245
219238,4.0,5.0,3.0,9.0,3.0,2.0,0.5,0.30000000000000004,40.0,374,8231.759643554688,94,106,22,8,244
219238,4.0,5.0,3.0,9.0,3.0,2.0,0.5,0.30000000000000004,40.0,375,8395.0,92,110,22,11,245
219238,4.0,5.0,3.0,9.0,3.0,2.0,0.5,0.30000000000000004,40.0,376,8230.0,94,110,23,11,248
219238,4.0,5.0,3.0,9.0,3.0,2.0,0.5,0.30000000000000004,40.0,377,8080.0,98,111,24,12,255
219238,4.0,5.0,3.0,9.0,3.0,2.0,0.5,0.30000000000000004,40.0,378,7960.0,103,115,25,13,264
219238,4.0,5.0,3.0,9.0,3.0,2.0,0.5,0.30000000000000004,40.0,379,8030.0,105,118,28,13,271
219238,4.0,5.0,3.0,9.0,3.0,2.0,0.5,0.30000000000000004,40.0,380,8320.0,105,119,33,13,277
219238,4.0,5.0,3.0,9.0,3.0,2.0,0.5,0.30000000000000004,40.0,381,8545.0,107,122,34,13,282
219238,4.0,5.0,3.0,9.0,3.0,2.0,0.5,0.30000000000000004,40.0,382,8635.0,110,123,36,13,288
219238,4.0,5.0,3.0,9.0,3.0,2.0,0.5,0.30000000000000004,40.0,383,8755.0,113,125,36,14,294
219238,4.0,5.0,3.0,9.0,3.0,2.0,0.5,0.30000000000000004,40.0,384,8980.0,114,126,36,14,295
219238,4.0,5.0,3.0,9.0,3.0,2.0,0.5,0.30000000000000004,40.0,385,9160.0,115,126,36,14,296
219238,4.0,5.0,3.0,9.0,3.0,2.0,0.5,0.30000000000000004,40.0,386,9220.0,113,124,35,15,291
219238,4.0,5.0,3.0,9.0,3.0,2.0,0.5,0.30000000000000004,40.0,387,9220.0,113,124,37,15,293
219238,4.0,5.0,3.0,9.0,3.0,2.0,0.5,0.30000000000000004,40.0,388,9205.0,114,122,37,16,293
219238,4.0,5.0,3.0,9.0,3.0,2.0,0.5,0.30000000000000004,40.0,389,9130.0,112,122,38,16,292
219238,4.0,5.0,3.0,9.0,3.0,2.0,0.5,0.30000000000000004,40.0,390,9145.0,109,116,35,16,280
219238,4.0,5.0,3.0,9.0,3.0,2.0,0.5,0.30000000000000004,40.0,391,9145.0,110,116,36,15,283
219238,4.0,5.0,3.0,9.0,3.0,2.0,0.5,0.30000000000000004,40.0,392,9085.0,108,115,37,16,281
219238,4.0,5.0,3.0,9.0,3.0,2.0,0.5,0.30000000000000004,40.0,393,8980.0,97,114,38,17,271
219238,4.0,5.0,3.0,9.0,3.0,2.0,0.5,0.30000000000000004,40.0,394,8890.0,94,110,39,17,265
219238,4.0,5.0,3.0,9.0,3.0,2.0,0.5,0.30000000000000004,40.0,395,8725.0,91,107,38,17,256
219238,4.0,5.0,3.0,9.0,3.0,2.0,0.5,0.30000000000000004,40.0,396,8515.0,91,102,41,18,254
219238,4.0,5.0,3.0,9.0,3.0,2.0,0.5,0.30000000000000004,40.0,397,8395.0,90,100,43,24,254
219238,4.0,5.0,3.0,9.0,3.0,2.0,0.5,0.30000000000000004,40.0,398,8200.0,91,96,41,26,250
219238,4.0,5.0,3.0,9.0,3.0,2.0,0.5,0.30000000000000004,40.0,399,8125.0,87,89,41,27,239
219238,4.0,5.0,3.0,9.0,3.0,2.0,0.5,0.30000000000000004,40.0,400,8155.0,89,90,39,27,240
219238,4.0,5.0,3.0,9.0,3.0,2.0,0.5,0.30000000000000004,40.0,401,8185.0,93,89,43,27,248
219238,4.0,5.0,3.0,9.0,3.0,2.0,0.5,0.30000000000000004,40.0,402,7900.0,93,83,46,31,245
219238,4.0,5.0,3.0,9.0,3.0,2.0,0.5,0.30000000000000004,40.0,403,7880.0,88,81,46,33,241
219238,4.0,5.0,3.0,9.0,3.0,2.0,0.5,0.30000000000000004,40.0,404,7765.0,81,78,48,33,232
219238,4.0,5.0,3.0,9.0,3.0,2.0,0.5,0.30000000000000004,40.0,405,7546.25,81,81,48,31,235
219238,4.0,5.0,3.0,9.0,3.0,2.0,0.5,0.30000000000000004,40.0,406,7362.8125,82,73,55,32,237
219238,4.0,5.0,3.0,9.0,3.0,2.0,0.5,0.30000000000000004,40.0,407,7508.515625,82,72,56,33,236
219238,4.0,5.0,3.0,9.0,3.0,2.0,0.5,0.30000000000000004,40.0,408,7780.64453125,81,68,57,35,233
219238,4.0,5.0,3.0,9.0,3.0,2.0,0.5,0.30000000000000004,40.0,409,8075.8056640625,79,67,56,36,229
219238,4.0,5.0,3.0,9.0,3.0,2.0,0.5,0.30000000000000004,40.0,410,8425.0,80,68,57,36,230
219238,4.0,5.0,3.0,9.0,3.0,2.0,0.5,0.30000000000000004,40.0,411,8365.0,79,68,61,36,233
219238,4.0,5.0,3.0,9.0,3.0,2.0,0.5,0.30000000000000004,40.0,412,8140.0,80,71,65,37,240
219238,4.0,5.0,3.0,9.0,3.0,2.0,0.5,0.30000000000000004,40.0,413,8065.0,78,72,66,38,241
219238,4.0,5.0,3.0,9.0,3.0,2.0,0.5,0.30000000000000004,40.0,414,8140.0,80,71,68,38,244
219238,4.0,5.0,3.0,9.0,3.0,2.0,0.5,0.30000000000000004,40.0,415,8230.0,78,76,70,39,250
219238,4.0,5.0,3.0,9.0,3.0,2.0,0.5,0.30000000000000004,40.0,416,8380.0,83,77,72,40,257
219238,4.0,5.0,3.0,9.0,3.0,2.0,0.5,0.30000000000000004,40.0,417,8620.0,87,78,71,41,261
219238,4.0,5.0,3.0,9.0,3.0,2.0,0.5,0.30000000000000004,40.0,418,8860.0,87,77,73,42,263
219238,4.0,5.0,3.0,9.0,3.0,2.0,0.5,0.30000000000000004,40.0,419,8920.0,87,77,72,41,262
219238,4.0,5.0,3.0,9.0,3.0,2.0,0.5,0.30000000000000004,40.0,420,8995.0,88,79,72,41,266
219238,4.0,5.0,3.0,9.0,3.0,2.0,0.5,0.30000000000000004,40.0,421,8950.0,87,79,75,41,268
219238,4.0,5.0,3.0,9.0,3.0,2.0,0.5,0.30000000000000004,40.0,422,9130.0,87,82,75,41,271
219238,4.0,5.0,3.0,9.0,3.0,2.0,0.5,0.30000000000000004,40.0,423,9160.0,86,83,75,41,272
219238,4.0,5.0,3.0,9.0,3.0,2.0,0.5,0.30000000000000004,40.0,424,9190.0,86,79,73,41,267
219238,4.0,5.0,3.0,9.0,3.0,2.0,0.5,0.30000000000000004,40.0,425,9280.0,81,78,73,40,261
219238,4.0,5.0,3.0,9.0,3.0,2.0,0.5,0.30000000000000004,40.0,426,9310.0,80,76,72,42,255
219238,4.0,5.0,3.0,9.0,3.0,2.0,0.5,0.30000000000000004,40.0,427,9145.0,78,75,72,42,252
219238,4.0,5.0,3.0,9.0,3.0,2.0,0.5,0.30000000000000004,40.0,428,9025.0,75,74,69,42,247
219238,4.0,5.0,3.0,9.0,3.0,2.0,0.5,0.30000000000000004,40.0,429,9070.0,76,72,68,42,244
219238,4.0,5.0,3.0,9.0,3.0,2.0,0.5,0.30000000000000004,40.0,430,8980.0,72,71,66,42,236
219238,4.0,5.0,3.0,9.0,3.0,2.0,0.5,0.30000000000000004,40.0,431,8905.0,67,70,64,43,227
219238,4.0,5.0,3.0,9.0,3.0,2.0,0.5,0.30000000000000004,40.0,432,8785.0,66,68,66,45,228
219238,4.0,5.0,3.0,9.0,3.0,2.0,0.5,0.30000000000000004,40.0,433,8665.0,63,63,64,44,218
219238,4.0,5.0,3.0,9.0,3.0,2.0,0.5,0.30000000000000004,40.0,434,8695.0,63,62,60,43,214
219238,4.0,5.0,3.0,9.0,3.0,2.0,0.5,0.30000000000000004,40.0,435,8605.0,60,60,62,44,211
219238,4.0,5.0,3.0,9.0,3.0,2.0,0.5,0.30000000000000004,40.0,436,8455.0,63,59,63,45,216
219238,4.0,5.0,3.0,9.0,3.0,2.0,0.5,0.30000000000000004,40.0,437,8320.0,62,59,55,46,208
219238,4.0,5.0,3.0,9.0,3.0,2.0,0.5,0.30000000000000004,40.0,438,8305.0,62,53,54,48,201
219238,4.0,5.0,3.0,9.0,3.0,2.0,0.5,0.30000000000000004,40.0,439,8125.0,59,51,55,44,196
219238,4.0,5.0,3.0,9.0,3.0,2.0,0.5,0.30000000000000004,40.0,440,7975.0,64,49,57,41,200
219238,4.0,5.0,3.0,9.0,3.0,2.0,0.5,0.30000000000000004,40.0,441,7973.75,65,48,55,41,200
219238,4.0,5.0,3.0,9.0,3.0,2.0,0.5,0.30000000000000004,40.0,442,7732.1875,68,45,58,43,202
219238,4.0,5.0,3.0,9.0,3.0,2.0,0.5,0.30000000000000004,40.0,443,7205.234375,68,43,59,43,202
219238,4.0,5.0,3.0,9.0,3.0,2.0,0.5,0.30000000000000004,40.0,444,6951.54296875,67,40,62,44,201
219238,4.0,5.0,3.0,9.0,3.0,2.0,0.5,0.30000000000000004,40.0,445,6859.4287109375,68,41,61,44,203
219238,4.0,5.0,3.0,9.0,3.0,2.0,0.5,0.30000000000000004,40.0,446,7044.285888671875,69,45,61,46,209
219238,4.0,5.0,3.0,9.0,3.0,2.0,0.5,0.30000000000000004,40.0,447,7365.357360839844,69,41,60,47,206
219238,4.0,5.0,3.0,9.0,3.0,2.0,0.5,0.30000000000000004,40.0,448,7706.696701049805,68,40,58,47,203
219238,4.0,5.0,3.0,9.0,3.0,2.0,0.5,0.30000000000000004,40.0,449,8028.370876312256,68,39,54,46,200
219238,4.0,5.0,3.0,9.0,3.0,2.0,0.5,0.30000000000000004,40.0,450,8200.0,70,40,59,47,208
219238,4.0,5.0,3.0,9.0,3.0,2.0,0.5,0.30000000000000004,40.0,451,8170.0,73,42,63,49,218
219238,4.0,5.0,3.0,9.0,3.0,2.0,0.5,0.30000000000000004,40.0,452,7975.0,78,43,65,51,228
219238,4.0,5.0,3.0,9.0,3.0,2.0,0.5,0.30000000000000004,40.0,453,8063.75,79,45,66,50,232
219238,4.0,5.0,3.0,9.0,3.0,2.0,0.5,0.30000000000000004,40.0,454,8245.0,82,44,66,52,233
219238,4.0,5.0,3.0,9.0,3.0,2.0,0.5,0.30000000000000004,40.0,455,8335.0,81,46,72,53,239
219238,4.0,5.0,3.0,9.0,3.0,2.0,0.5,0.30000000000000004,40.0,456,8560.0,83,50,71,55,245
219238,4.0,5.0,3.0,9.0,3.0,2.0,0.5,0.30000000000000004,40.0,457,8770.0,88,50,70,55,249
219238,4.0,5.0,3.0,9.0,3.0,2.0,0.5,0.30000000000000004,40.0,458,8980.0,90,51,70,56,252
219238,4.0,5.0,3.0,9.0,3.0,2.0,0.5,0.30000000000000004,40.0,459,9055.0,89,51,68,57,249
219238,4.0,5.0,3.0,9.0,3.0,2.0,0.5,0.30000000000000004,40.0,460,9190.0,90,53,69,56,253
219238,4.0,5.0,3.0,9.0,3.0,2.0,0.5,0.30000000000000004,40.0,461,8995.0,89,54,70,57,253
219238,4.0,5.0,3.0,9.0,3.0,2.0,0.5,0.30000000000000004,40.0,462,9160.0,88,54,70,56,251
219238,4.0,5.0,3.0,9.0,3.0,2.0,0.5,0.30000000000000004,40.0,463,9190.0,87,51,70,56,248
219238,4.0,5.0,3.0,9.0,3.0,2.0,0.5,0.30000000000000004,40.0,464,9145.0,85,52,70,56,247
219238,4.0,5.0,3.0,9.0,3.0,2.0,0.5,0.30000000000000004,40.0,465,9115.0,85,51,71,57,248
219238,4.0,5.0,3.0,9.0,3.0,2.0,0.5,0.30000000000000004,40.0,466,8995.0,83,51,71,58,245
219238,4.0,5.0,3.0,9.0,3.0,2.0,0.5,0.30000000000000004,40.0,467,9010.0,81,52,68,58,241
219238,4.0,5.0,3.0,9.0,3.0,2.0,0.5,0.30000000000000004,40.0,468,8950.0,78,52,64,55,231
219238,4.0,5.0,3.0,9.0,3.0,2.0,0.5,0.30000000000000004,40.0,469,8965.0,79,52,64,51,231
219238,4.0,5.0,3.0,9.0,3.0,2.0,0.5,0.30000000000000004,40.0,470,8770.0,77,54,61,51,229
219238,4.0,5.0,3.0,9.0,3.0,2.0,0.5,0.30000000000000004,40.0,471,8620.0,79,53,60,47,229
219238,4.0,5.0,3.0,9.0,3.0,2.0,0.5,0.30000000000000004,40.0,472,8485.0,76,54,60,45,226
219238,4.0,5.0,3.0,9.0,3.0,2.0,0.5,0.30000000000000004,40.0,473,8350.0,76,55,59,44,227
219238,4.0,5.0,3.0,9.0,3.0,2.0,0.5,0.30000000000000004,40.0,474,8350.0,73,57,58,41,224
219238,4.0,5.0,3.0,9.0,3.0,2.0,0.5,0.30000000000000004,40.0,475,8215.0,72,53,60,40,221
219238,4.0,5.0,3.0,9.0,3.0,2.0,0.5,0.30000000000000004,40.0,476,7990.0,65,55,62,41,216
219238,4.0,5.0,3.0,9.0,3.0,2.0,0.5,0.30000000000000004,40.0,477,7917.5,64,53,63,39,214
219238,4.0,5.0,3.0,9.0,3.0,2.0,0.5,0.30000000000000004,40.0,478,7691.875,63,58,63,40,217
219238,4.0,5.0,3.0,9.0,3.0,2.0,0.5,0.30000000000000004,40.0,479,7304.84375,65,60,62,43,220
219238,4.0,5.0,3.0,9.0,3.0,2.0,0.5,0.30000000000000004,40.0,480,7436.0546875,65,61,60,43,220
219238,4.0,5.0,3.0,9.0,3.0,2.0,0.5,0.30000000000000004,40.0,481,7660.068359375,65,60,60,43,219
219238,4.0,5.0,3.0,9.0,3.0,2.0,0.5,0.30000000000000004,40.0,482,7820.08544921875,61,63,59,43,215
219238,4.0,5.0,3.0,9.0,3.0,2.0,0.5,0.30000000000000004,40.0,483,8065.1068115234375,61,65,57,40,216
219238,4.0,5.0,3.0,9.0,3.0,2.0,0.5,0.30000000000000004,40.0,484,8260.0,58,67,59,42,215
219238,4.0,5.0,3.0,9.0,3.0,2.0,0.5,0.30000000000000004,40.0,485,7915.0,61,69,64,42,228
219238,4.0,5.0,3.0,9.0,3.0,2.0,0.5,0.30000000000000004,40.0,486,7853.75,64,69,62,41,231
219238,4.0,5.0,3.0,9.0,3.0,2.0,0.5,0.30000000000000004,40.0,487,7942.1875,67,72,61,41,235
219238,4.0,5.0,3.0,9.0,3.0,2.0,0.5,0.30000000000000004,40.0,488,8067.734375,67,79,61,41,242
219238,4.0,5.0,3.0,9.0,3.0,2.0,0.5,0.30000000000000004,40.0,489,8200.0,68,81,62,42,246
219238,4.0,5.0,3.0,9.0,3.0,2.0,0.5,0.30000000000000004,40.0,490,8410.0,68,82,64,43,247
219238,4.0,5.0,3.0,9.0,3.0,2.0,0.5,0.30000000000000004,40.0,491,8470.0,70,82,65,42,251
219238,4.0,5.0,3.0,9.0,3.0,2.0,0.5,0.30000000000000004,40.0,492,8650.0,73,84,66,42,255
219238,4.0,5.0,3.0,9.0,3.0,2.0,0.5,0.30000000000000004,40.0,493,8785.0,74,89,69,42,261
219238,4.0,5.0,3.0,9.0,3.0,2.0,0.5,0.30000000000000004,40.0,494,8905.0,73,88,70,42,261
219238,4.0,5.0,3.0,9.0,3.0,2.0,0.5,0.30000000000000004,40.0,495,8875.0,73,90,70,41,263
219238,4.0,5.0,3.0,9.0,3.0,2.0,0.5,0.30000000000000004,40.0,496,8935.0,75,87,72,39,266
219238,4.0,5.0,3.0,9.0,3.0,2.0,0.5,0.30000000000000004,40.0,497,8995.0,78,88,73,38,271
219238,4.0,5.0,3.0,9.0,3.0,2.0,0.5,0.30000000000000004,40.0,498,9040.0,77,87,73,37,269
219238,4.0,5.0,3.0,9.0,3.0,2.0,0.5,0.30000000000000004,40.0,499,9025.0,76,89,72,36,269