Exp Num,agent:svo_convergence_factor,agent:params:metabolism,agent:params:consumption_factor,agent:params:procreate_cost_factor,agent:params:procreate_req_factor,agent:params:start_energy_factor,agent:params:caught_chance,agent:params:caught_cooldown_factor,agent:params:maximum_age,Epoch,Resource,A,B,C,D,E
30319,1.0,10.0,2.0,3.0,3.0,3.0,0.30000000000000004,0.4,50.0,0,3600.0,19,27,11,28,72
30319,1.0,10.0,2.0,3.0,3.0,3.0,0.30000000000000004,0.4,50.0,1,3580.0,19,27,11,28,72
30319,1.0,10.0,2.0,3.0,3.0,3.0,0.30000000000000004,0.4,50.0,2,3655.0,17,24,9,28,65
30319,1.0,10.0,2.0,3.0,3.0,3.0,0.30000000000000004,0.4,50.0,3,4008.75,17,24,8,28,64
30319,1.0,10.0,2.0,3.0,3.0,3.0,0.30000000000000004,0.4,50.0,4,3870.9375,15,22,8,26,60
30319,1.0,10.0,2.0,3.0,3.0,3.0,0.30000000000000004,0.4,50.0,5,4298.671875,16,23,10,26,64
30319,1.0,10.0,2.0,3.0,3.0,3.0,0.30000000000000004,0.4,50.0,6,4393.33984375,13,21,7,26,56
30319,1.0,10.0,2.0,3.0,3.0,3.0,0.30000000000000004,0.4,50.0,7,4451.6748046875,13,19,7,25,54
30319,1.0,10.0,2.0,3.0,3.0,3.0,0.30000000000000004,0.4,50.0,8,4284.593505859375,13,18,10,25,56
30319,1.0,10.0,2.0,3.0,3.0,3.0,0.30000000000000004,0.4,50.0,9,3875.7418823242188,13,20,13,25,61
30319,1.0,10.0,2.0,3.0,3.0,3.0,0.30000000000000004,0.4,50.0,10,3324.6773529052734,13,19,13,25,60
30319,1.0,10.0,2.0,3.0,3.0,3.0,0.30000000000000004,0.4,50.0,11,3215.846691131592,12,23,18,25,68
30319,1.0,10.0,2.0,3.0,3.0,3.0,0.30000000000000004,0.4,50.0,12,3259.8083639144897,10,23,19,25,67
30319,1.0,10.0,2.0,3.0,3.0,3.0,0.30000000000000004,0.4,50.0,13,3414.760454893112,11,24,19,25,69
30319,1.0,10.0,2.0,3.0,3.0,3.0,0.30000000000000004,0.4,50.0,14,3708.4505686163902,12,27,19,24,73
30319,1.0,10.0,2.0,3.0,3.0,3.0,0.30000000000000004,0.4,50.0,15,4035.563210770488,12,27,19,24,73
30319,1.0,10.0,2.0,3.0,3.0,3.0,0.30000000000000004,0.4,50.0,16,4424.45401346311,11,28,18,23,72
30319,1.0,10.0,2.0,3.0,3.0,3.0,0.30000000000000004,0.4,50.0,17,5050.567516828887,11,27,16,22,69
30319,1.0,10.0,2.0,3.0,3.0,3.0,0.30000000000000004,0.4,50.0,18,5153.209396036109,9,25,17,21,66
30319,1.0,10.0,2.0,3.0,3.0,3.0,0.30000000000000004,0.4,50.0,19,5321.511745045136,8,22,15,21,60
30319,1.0,10.0,2.0,3.0,3.0,3.0,0.30000000000000004,0.4,50.0,20,5491.88968130642,9,24,12,20,60
30319,1.0,10.0,2.0,3.0,3.0,3.0,0.30000000000000004,0.4,50.0,21,5524.862101633025,8,26,10,21,59
30319,1.0,10.0,2.0,3.0,3.0,3.0,0.30000000000000004,0.4,50.0,22,5466.077627041282,9,28,10,25,62
30319,1.0,10.0,2.0,3.0,3.0,3.0,0.30000000000000004,0.4,50.0,23,5172.597033801602,10,31,13,26,69
30319,1.0,10.0,2.0,3.0,3.0,3.0,0.30000000000000004,0.4,50.0,24,4565.746292252003,10,33,18,29,76
30319,1.0,10.0,2.0,3.0,3.0,3.0,0.30000000000000004,0.4,50.0,25,3967.1828653150033,10,36,25,36,87
30319,1.0,10.0,2.0,3.0,3.0,3.0,0.30000000000000004,0.4,50.0,26,4218.978581643754,12,37,27,36,92
30319,1.0,10.0,2.0,3.0,3.0,3.0,0.30000000000000004,0.4,50.0,27,4313.723227054693,12,40,27,36,95
30319,1.0,10.0,2.0,3.0,3.0,3.0,0.30000000000000004,0.4,50.0,28,4752.154033818366,12,41,28,36,97
30319,1.0,10.0,2.0,3.0,3.0,3.0,0.30000000000000004,0.4,50.0,29,5320.192542272957,12,42,29,36,99
30319,1.0,10.0,2.0,3.0,3.0,3.0,0.30000000000000004,0.4,50.0,30,6130.240677841197,12,42,27,36,96
30319,1.0,10.0,2.0,3.0,3.0,3.0,0.30000000000000004,0.4,50.0,31,7062.800847301496,10,42,25,33,91
30319,1.0,10.0,2.0,3.0,3.0,3.0,0.30000000000000004,0.4,50.0,32,7488.501059126869,9,43,26,29,92
30319,1.0,10.0,2.0,3.0,3.0,3.0,0.30000000000000004,0.4,50.0,33,8080.626323908586,7,33,25,28,78
30319,1.0,10.0,2.0,3.0,3.0,3.0,0.30000000000000004,0.4,50.0,34,8640.0,6,32,26,27,76
30319,1.0,10.0,2.0,3.0,3.0,3.0,0.30000000000000004,0.4,50.0,35,8560.0,6,29,28,25,75
30319,1.0,10.0,2.0,3.0,3.0,3.0,0.30000000000000004,0.4,50.0,36,8380.0,4,25,29,27,71
30319,1.0,10.0,2.0,3.0,3.0,3.0,0.30000000000000004,0.4,50.0,37,8140.0,4,28,35,28,80
30319,1.0,10.0,2.0,3.0,3.0,3.0,0.30000000000000004,0.4,50.0,38,7860.0,4,32,46,30,96
30319,1.0,10.0,2.0,3.0,3.0,3.0,0.30000000000000004,0.4,50.0,39,7345.0,4,31,51,36,104
30319,1.0,10.0,2.0,3.0,3.0,3.0,0.30000000000000004,0.4,50.0,40,6381.25,4,39,60,39,121
30319,1.0,10.0,2.0,3.0,3.0,3.0,0.30000000000000004,0.4,50.0,41,5896.5625,5,43,69,41,135
30319,1.0,10.0,2.0,3.0,3.0,3.0,0.30000000000000004,0.4,50.0,42,5910.703125,5,43,70,45,136
30319,1.0,10.0,2.0,3.0,3.0,3.0,0.30000000000000004,0.4,50.0,43,6428.37890625,5,48,71,45,142
30319,1.0,10.0,2.0,3.0,3.0,3.0,0.30000000000000004,0.4,50.0,44,6935.4736328125,5,50,71,46,144
30319,1.0,10.0,2.0,3.0,3.0,3.0,0.30000000000000004,0.4,50.0,45,7929.342041015625,5,51,73,46,147
30319,1.0,10.0,2.0,3.0,3.0,3.0,0.30000000000000004,0.4,50.0,46,9131.677551269531,5,52,71,46,146
30319,1.0,10.0,2.0,3.0,3.0,3.0,0.30000000000000004,0.4,50.0,47,9260.0,5,51,60,44,133
30319,1.0,10.0,2.0,3.0,3.0,3.0,0.30000000000000004,0.4,50.0,48,9200.0,4,46,50,42,116
30319,1.0,10.0,2.0,3.0,3.0,3.0,0.30000000000000004,0.4,50.0,49,8560.0,3,43,44,36,103
30319,1.0,10.0,2.0,3.0,3.0,3.0,0.30000000000000004,0.4,50.0,50,8520.0,3,40,39,33,92
30319,1.0,10.0,2.0,3.0,3.0,3.0,0.30000000000000004,0.4,50.0,51,8420.0,1,37,39,32,87
30319,1.0,10.0,2.0,3.0,3.0,3.0,0.30000000000000004,0.4,50.0,52,8400.0,1,38,32,29,78
30319,1.0,10.0,2.0,3.0,3.0,3.0,0.30000000000000004,0.4,50.0,53,8320.0,1,41,34,28,81
30319,1.0,10.0,2.0,3.0,3.0,3.0,0.30000000000000004,0.4,50.0,54,8040.0,0,43,42,26,89
30319,1.0,10.0,2.0,3.0,3.0,3.0,0.30000000000000004,0.4,50.0,55,7800.0,0,46,45,26,95
30319,1.0,10.0,2.0,3.0,3.0,3.0,0.30000000000000004,0.4,50.0,56,7330.0,0,53,56,32,113
30319,1.0,10.0,2.0,3.0,3.0,3.0,0.30000000000000004,0.4,50.0,57,6282.5,0,61,67,35,132
30319,1.0,10.0,2.0,3.0,3.0,3.0,0.30000000000000004,0.4,50.0,58,5733.125,0,63,72,38,139
30319,1.0,10.0,2.0,3.0,3.0,3.0,0.30000000000000004,0.4,50.0,59,5786.40625,0,69,74,38,147
30319,1.0,10.0,2.0,3.0,3.0,3.0,0.30000000000000004,0.4,50.0,60,6213.0078125,0,70,77,38,151
30319,1.0,10.0,2.0,3.0,3.0,3.0,0.30000000000000004,0.4,50.0,61,6906.259765625,0,72,77,39,153
30319,1.0,10.0,2.0,3.0,3.0,3.0,0.30000000000000004,0.4,50.0,62,7772.82470703125,0,73,78,39,155
30319,1.0,10.0,2.0,3.0,3.0,3.0,0.30000000000000004,0.4,50.0,63,9076.030883789062,0,70,72,39,146
30319,1.0,10.0,2.0,3.0,3.0,3.0,0.30000000000000004,0.4,50.0,64,9400.0,0,65,69,33,137
30319,1.0,10.0,2.0,3.0,3.0,3.0,0.30000000000000004,0.4,50.0,65,9120.0,0,52,64,30,119
30319,1.0,10.0,2.0,3.0,3.0,3.0,0.30000000000000004,0.4,50.0,66,8800.0,0,48,55,25,105
30319,1.0,10.0,2.0,3.0,3.0,3.0,0.30000000000000004,0.4,50.0,67,8700.0,0,45,48,20,95
30319,1.0,10.0,2.0,3.0,3.0,3.0,0.30000000000000004,0.4,50.0,68,8580.0,0,40,47,20,89
30319,1.0,10.0,2.0,3.0,3.0,3.0,0.30000000000000004,0.4,50.0,69,8420.0,0,36,52,18,90
30319,1.0,10.0,2.0,3.0,3.0,3.0,0.30000000000000004,0.4,50.0,70,8240.0,0,33,60,19,95
30319,1.0,10.0,2.0,3.0,3.0,3.0,0.30000000000000004,0.4,50.0,71,7960.0,0,32,63,21,97
30319,1.0,10.0,2.0,3.0,3.0,3.0,0.30000000000000004,0.4,50.0,72,7610.0,0,36,76,20,114
30319,1.0,10.0,2.0,3.0,3.0,3.0,0.30000000000000004,0.4,50.0,73,6832.5,0,40,97,21,139
30319,1.0,10.0,2.0,3.0,3.0,3.0,0.30000000000000004,0.4,50.0,74,6040.625,0,41,105,22,148
30319,1.0,10.0,2.0,3.0,3.0,3.0,0.30000000000000004,0.4,50.0,75,6090.78125,0,44,112,22,158
30319,1.0,10.0,2.0,3.0,3.0,3.0,0.30000000000000004,0.4,50.0,76,6253.4765625,0,48,115,22,165
30319,1.0,10.0,2.0,3.0,3.0,3.0,0.30000000000000004,0.4,50.0,77,6796.845703125,0,48,117,22,167
30319,1.0,10.0,2.0,3.0,3.0,3.0,0.30000000000000004,0.4,50.0,78,7496.05712890625,0,47,121,22,170
30319,1.0,10.0,2.0,3.0,3.0,3.0,0.30000000000000004,0.4,50.0,79,8290.071411132812,0,47,118,21,167
30319,1.0,10.0,2.0,3.0,3.0,3.0,0.30000000000000004,0.4,50.0,80,9000.0,0,47,111,20,160
30319,1.0,10.0,2.0,3.0,3.0,3.0,0.30000000000000004,0.4,50.0,81,9040.0,0,43,100,19,145
30319,1.0,10.0,2.0,3.0,3.0,3.0,0.30000000000000004,0.4,50.0,82,8820.0,0,40,91,17,133
30319,1.0,10.0,2.0,3.0,3.0,3.0,0.30000000000000004,0.4,50.0,83,8500.0,0,35,90,15,127
30319,1.0,10.0,2.0,3.0,3.0,3.0,0.30000000000000004,0.4,50.0,84,8240.0,0,29,87,12,118
30319,1.0,10.0,2.0,3.0,3.0,3.0,0.30000000000000004,0.4,50.0,85,8120.0,0,26,90,12,118
30319,1.0,10.0,2.0,3.0,3.0,3.0,0.30000000000000004,0.4,50.0,86,7800.0,0,23,104,12,129
30319,1.0,10.0,2.0,3.0,3.0,3.0,0.30000000000000004,0.4,50.0,87,7190.0,0,21,113,13,136
30319,1.0,10.0,2.0,3.0,3.0,3.0,0.30000000000000004,0.4,50.0,88,6147.5,0,22,127,13,151
30319,1.0,10.0,2.0,3.0,3.0,3.0,0.30000000000000004,0.4,50.0,89,5784.375,0,23,141,13,166
30319,1.0,10.0,2.0,3.0,3.0,3.0,0.30000000000000004,0.4,50.0,90,5970.46875,0,23,148,13,173
30319,1.0,10.0,2.0,3.0,3.0,3.0,0.30000000000000004,0.4,50.0,91,6343.0859375,0,23,153,12,178
30319,1.0,10.0,2.0,3.0,3.0,3.0,0.30000000000000004,0.4,50.0,92,6868.857421875,0,23,157,12,182
30319,1.0,10.0,2.0,3.0,3.0,3.0,0.30000000000000004,0.4,50.0,93,7606.07177734375,0,24,157,11,183
30319,1.0,10.0,2.0,3.0,3.0,3.0,0.30000000000000004,0.4,50.0,94,8627.589721679688,0,22,155,9,178
30319,1.0,10.0,2.0,3.0,3.0,3.0,0.30000000000000004,0.4,50.0,95,9160.0,0,21,144,7,166
30319,1.0,10.0,2.0,3.0,3.0,3.0,0.30000000000000004,0.4,50.0,96,8860.0,0,20,124,4,144
30319,1.0,10.0,2.0,3.0,3.0,3.0,0.30000000000000004,0.4,50.0,97,8580.0,0,17,114,4,131
30319,1.0,10.0,2.0,3.0,3.0,3.0,0.30000000000000004,0.4,50.0,98,8380.0,0,13,111,3,124
30319,1.0,10.0,2.0,3.0,3.0,3.0,0.30000000000000004,0.4,50.0,99,8140.0,0,10,110,3,120
30319,1.0,10.0,2.0,3.0,3.0,3.0,0.30000000000000004,0.4,50.0,100,7980.0,0,10,114,3,124
30319,1.0,10.0,2.0,3.0,3.0,3.0,0.30000000000000004,0.4,50.0,101,7635.0,0,9,131,3,140
30319,1.0,10.0,2.0,3.0,3.0,3.0,0.30000000000000004,0.4,50.0,102,6763.75,0,10,143,3,153
30319,1.0,10.0,2.0,3.0,3.0,3.0,0.30000000000000004,0.4,50.0,103,5914.6875,0,12,159,3,171
30319,1.0,10.0,2.0,3.0,3.0,3.0,0.30000000000000004,0.4,50.0,104,5773.359375,0,12,175,3,187
30319,1.0,10.0,2.0,3.0,3.0,3.0,0.30000000000000004,0.4,50.0,105,5936.69921875,0,12,178,3,190
30319,1.0,10.0,2.0,3.0,3.0,3.0,0.30000000000000004,0.4,50.0,106,6280.8740234375,0,12,182,3,194
30319,1.0,10.0,2.0,3.0,3.0,3.0,0.30000000000000004,0.4,50.0,107,6951.092529296875,0,12,185,3,197
30319,1.0,10.0,2.0,3.0,3.0,3.0,0.30000000000000004,0.4,50.0,108,7828.865661621094,0,12,183,2,195
30319,1.0,10.0,2.0,3.0,3.0,3.0,0.30000000000000004,0.4,50.0,109,9086.082077026367,0,8,167,2,175
30319,1.0,10.0,2.0,3.0,3.0,3.0,0.30000000000000004,0.4,50.0,110,9380.0,0,8,150,2,158
30319,1.0,10.0,2.0,3.0,3.0,3.0,0.30000000000000004,0.4,50.0,111,8740.0,0,7,133,2,140
30319,1.0,10.0,2.0,3.0,3.0,3.0,0.30000000000000004,0.4,50.0,112,8760.0,0,8,111,2,119
30319,1.0,10.0,2.0,3.0,3.0,3.0,0.30000000000000004,0.4,50.0,113,8580.0,0,6,110,2,116
30319,1.0,10.0,2.0,3.0,3.0,3.0,0.30000000000000004,0.4,50.0,114,8560.0,0,5,105,2,110
30319,1.0,10.0,2.0,3.0,3.0,3.0,0.30000000000000004,0.4,50.0,115,8240.0,0,5,110,2,115
30319,1.0,10.0,2.0,3.0,3.0,3.0,0.30000000000000004,0.4,50.0,116,8180.0,0,5,113,1,118
30319,1.0,10.0,2.0,3.0,3.0,3.0,0.30000000000000004,0.4,50.0,117,7740.0,0,5,127,2,132
30319,1.0,10.0,2.0,3.0,3.0,3.0,0.30000000000000004,0.4,50.0,118,7075.0,0,5,142,2,147
30319,1.0,10.0,2.0,3.0,3.0,3.0,0.30000000000000004,0.4,50.0,119,5923.75,0,6,163,2,169
30319,1.0,10.0,2.0,3.0,3.0,3.0,0.30000000000000004,0.4,50.0,120,5964.6875,0,6,172,3,178
30319,1.0,10.0,2.0,3.0,3.0,3.0,0.30000000000000004,0.4,50.0,121,6135.859375,0,5,176,3,181
30319,1.0,10.0,2.0,3.0,3.0,3.0,0.30000000000000004,0.4,50.0,122,6669.82421875,0,5,179,3,184
30319,1.0,10.0,2.0,3.0,3.0,3.0,0.30000000000000004,0.4,50.0,123,7397.2802734375,0,5,180,3,185
30319,1.0,10.0,2.0,3.0,3.0,3.0,0.30000000000000004,0.4,50.0,124,8346.600341796875,0,5,182,3,187
30319,1.0,10.0,2.0,3.0,3.0,3.0,0.30000000000000004,0.4,50.0,125,9260.0,0,4,169,2,173
30319,1.0,10.0,2.0,3.0,3.0,3.0,0.30000000000000004,0.4,50.0,126,9380.0,0,3,154,2,157
30319,1.0,10.0,2.0,3.0,3.0,3.0,0.30000000000000004,0.4,50.0,127,8720.0,0,2,134,2,136
30319,1.0,10.0,2.0,3.0,3.0,3.0,0.30000000000000004,0.4,50.0,128,8640.0,0,2,123,2,125
30319,1.0,10.0,2.0,3.0,3.0,3.0,0.30000000000000004,0.4,50.0,129,8480.0,0,2,115,2,117
30319,1.0,10.0,2.0,3.0,3.0,3.0,0.30000000000000004,0.4,50.0,130,8380.0,0,2,114,2,116
30319,1.0,10.0,2.0,3.0,3.0,3.0,0.30000000000000004,0.4,50.0,131,8100.0,0,1,119,2,120
30319,1.0,10.0,2.0,3.0,3.0,3.0,0.30000000000000004,0.4,50.0,132,7780.0,0,0,133,2,133
30319,1.0,10.0,2.0,3.0,3.0,3.0,0.30000000000000004,0.4,50.0,133,7185.0,0,0,148,2,148
30319,1.0,10.0,2.0,3.0,3.0,3.0,0.30000000000000004,0.4,50.0,134,6061.25,0,0,166,2,166
30319,1.0,10.0,2.0,3.0,3.0,3.0,0.30000000000000004,0.4,50.0,135,5896.5625,0,0,180,2,180
30319,1.0,10.0,2.0,3.0,3.0,3.0,0.30000000000000004,0.4,50.0,136,6250.703125,0,0,184,2,184
30319,1.0,10.0,2.0,3.0,3.0,3.0,0.30000000000000004,0.4,50.0,137,6953.37890625,0,0,187,2,187
30319,1.0,10.0,2.0,3.0,3.0,3.0,0.30000000000000004,0.4,50.0,138,7851.7236328125,0,0,188,2,188
30319,1.0,10.0,2.0,3.0,3.0,3.0,0.30000000000000004,0.4,50.0,139,8854.654541015625,0,0,190,2,190
30319,1.0,10.0,2.0,3.0,3.0,3.0,0.30000000000000004,0.4,50.0,140,9160.0,0,0,180,2,180
30319,1.0,10.0,2.0,3.0,3.0,3.0,0.30000000000000004,0.4,50.0,141,9280.0,0,0,157,2,157
30319,1.0,10.0,2.0,3.0,3.0,3.0,0.30000000000000004,0.4,50.0,142,8740.0,0,0,134,2,134
30319,1.0,10.0,2.0,3.0,3.0,3.0,0.30000000000000004,0.4,50.0,143,8740.0,0,0,121,2,121
30319,1.0,10.0,2.0,3.0,3.0,3.0,0.30000000000000004,0.4,50.0,144,8520.0,0,0,112,2,112
30319,1.0,10.0,2.0,3.0,3.0,3.0,0.30000000000000004,0.4,50.0,145,8280.0,0,0,112,2,112
30319,1.0,10.0,2.0,3.0,3.0,3.0,0.30000000000000004,0.4,50.0,146,8120.0,0,0,123,2,123
30319,1.0,10.0,2.0,3.0,3.0,3.0,0.30000000000000004,0.4,50.0,147,7820.0,0,0,132,2,132
30319,1.0,10.0,2.0,3.0,3.0,3.0,0.30000000000000004,0.4,50.0,148,7295.0,0,0,142,2,142
30319,1.0,10.0,2.0,3.0,3.0,3.0,0.30000000000000004,0.4,50.0,149,6318.75,0,0,167,2,167
30319,1.0,10.0,2.0,3.0,3.0,3.0,0.30000000000000004,0.4,50.0,150,5978.4375,0,0,178,2,178
30319,1.0,10.0,2.0,3.0,3.0,3.0,0.30000000000000004,0.4,50.0,151,6053.046875,0,0,183,2,183
30319,1.0,10.0,2.0,3.0,3.0,3.0,0.30000000000000004,0.4,50.0,152,6266.30859375,0,0,188,2,188
30319,1.0,10.0,2.0,3.0,3.0,3.0,0.30000000000000004,0.4,50.0,153,6832.8857421875,0,0,191,2,191
30319,1.0,10.0,2.0,3.0,3.0,3.0,0.30000000000000004,0.4,50.0,154,7701.107177734375,0,0,192,2,192
30319,1.0,10.0,2.0,3.0,3.0,3.0,0.30000000000000004,0.4,50.0,155,8906.383972167969,0,0,178,1,178
30319,1.0,10.0,2.0,3.0,3.0,3.0,0.30000000000000004,0.4,50.0,156,9360.0,0,0,168,1,168
30319,1.0,10.0,2.0,3.0,3.0,3.0,0.30000000000000004,0.4,50.0,157,8860.0,0,0,144,1,144
30319,1.0,10.0,2.0,3.0,3.0,3.0,0.30000000000000004,0.4,50.0,158,8660.0,0,0,137,0,137
30319,1.0,10.0,2.0,3.0,3.0,3.0,0.30000000000000004,0.4,50.0,159,8620.0,0,0,127,0,127
30319,1.0,10.0,2.0,3.0,3.0,3.0,0.30000000000000004,0.4,50.0,160,8380.0,0,0,120,0,120
30319,1.0,10.0,2.0,3.0,3.0,3.0,0.30000000000000004,0.4,50.0,161,8220.0,0,0,122,0,122
30319,1.0,10.0,2.0,3.0,3.0,3.0,0.30000000000000004,0.4,50.0,162,8000.0,0,0,132,0,132
30319,1.0,10.0,2.0,3.0,3.0,3.0,0.30000000000000004,0.4,50.0,163,7580.0,0,0,140,0,140
30319,1.0,10.0,2.0,3.0,3.0,3.0,0.30000000000000004,0.4,50.0,164,6755.0,0,0,157,0,157
30319,1.0,10.0,2.0,3.0,3.0,3.0,0.30000000000000004,0.4,50.0,165,5943.75,0,0,180,0,180
30319,1.0,10.0,2.0,3.0,3.0,3.0,0.30000000000000004,0.4,50.0,166,6109.6875,0,0,186,0,186
30319,1.0,10.0,2.0,3.0,3.0,3.0,0.30000000000000004,0.4,50.0,167,6477.109375,0,0,188,0,188
30319,1.0,10.0,2.0,3.0,3.0,3.0,0.30000000000000004,0.4,50.0,168,7116.38671875,0,0,191,0,191
30319,1.0,10.0,2.0,3.0,3.0,3.0,0.30000000000000004,0.4,50.0,169,7815.4833984375,0,0,194,0,194
30319,1.0,10.0,2.0,3.0,3.0,3.0,0.30000000000000004,0.4,50.0,170,8949.354248046875,0,0,191,0,191
30319,1.0,10.0,2.0,3.0,3.0,3.0,0.30000000000000004,0.4,50.0,171,9100.0,0,0,174,0,174
30319,1.0,10.0,2.0,3.0,3.0,3.0,0.30000000000000004,0.4,50.0,172,9060.0,0,0,159,0,159
30319,1.0,10.0,2.0,3.0,3.0,3.0,0.30000000000000004,0.4,50.0,173,8680.0,0,0,140,0,140
30319,1.0,10.0,2.0,3.0,3.0,3.0,0.30000000000000004,0.4,50.0,174,8540.0,0,0,127,0,127
30319,1.0,10.0,2.0,3.0,3.0,3.0,0.30000000000000004,0.4,50.0,175,8420.0,0,0,119,0,119
30319,1.0,10.0,2.0,3.0,3.0,3.0,0.30000000000000004,0.4,50.0,176,8240.0,0,0,124,0,124
30319,1.0,10.0,2.0,3.0,3.0,3.0,0.30000000000000004,0.4,50.0,177,7940.0,0,0,127,0,127
30319,1.0,10.0,2.0,3.0,3.0,3.0,0.30000000000000004,0.4,50.0,178,7625.0,0,0,141,0,141
30319,1.0,10.0,2.0,3.0,3.0,3.0,0.30000000000000004,0.4,50.0,179,6871.25,0,0,161,0,161
30319,1.0,10.0,2.0,3.0,3.0,3.0,0.30000000000000004,0.4,50.0,180,6049.0625,0,0,173,0,173
30319,1.0,10.0,2.0,3.0,3.0,3.0,0.30000000000000004,0.4,50.0,181,5861.328125,0,0,184,0,184
30319,1.0,10.0,2.0,3.0,3.0,3.0,0.30000000000000004,0.4,50.0,182,5946.66015625,0,0,190,0,190
30319,1.0,10.0,2.0,3.0,3.0,3.0,0.30000000000000004,0.4,50.0,183,6373.3251953125,0,0,193,0,193
30319,1.0,10.0,2.0,3.0,3.0,3.0,0.30000000000000004,0.4,50.0,184,7166.656494140625,0,0,196,0,196
30319,1.0,10.0,2.0,3.0,3.0,3.0,0.30000000000000004,0.4,50.0,185,7978.320617675781,0,0,193,0,193
30319,1.0,10.0,2.0,3.0,3.0,3.0,0.30000000000000004,0.4,50.0,186,9312.900772094727,0,0,176,0,176
30319,1.0,10.0,2.0,3.0,3.0,3.0,0.30000000000000004,0.4,50.0,187,9460.0,0,0,159,0,159
30319,1.0,10.0,2.0,3.0,3.0,3.0,0.30000000000000004,0.4,50.0,188,8740.0,0,0,137,0,137
30319,1.0,10.0,2.0,3.0,3.0,3.0,0.30000000000000004,0.4,50.0,189,8700.0,0,0,123,0,123
30319,1.0,10.0,2.0,3.0,3.0,3.0,0.30000000000000004,0.4,50.0,190,8660.0,0,0,117,0,117
30319,1.0,10.0,2.0,3.0,3.0,3.0,0.30000000000000004,0.4,50.0,191,8340.0,0,0,117,0,117
30319,1.0,10.0,2.0,3.0,3.0,3.0,0.30000000000000004,0.4,50.0,192,8260.0,0,0,116,0,116
30319,1.0,10.0,2.0,3.0,3.0,3.0,0.30000000000000004,0.4,50.0,193,7940.0,0,0,125,0,125
30319,1.0,10.0,2.0,3.0,3.0,3.0,0.30000000000000004,0.4,50.0,194,7445.0,0,0,144,0,144
30319,1.0,10.0,2.0,3.0,3.0,3.0,0.30000000000000004,0.4,50.0,195,6466.25,0,0,163,0,163
30319,1.0,10.0,2.0,3.0,3.0,3.0,0.30000000000000004,0.4,50.0,196,6022.8125,0,0,180,0,180
30319,1.0,10.0,2.0,3.0,3.0,3.0,0.30000000000000004,0.4,50.0,197,6308.515625,0,0,185,0,185
30319,1.0,10.0,2.0,3.0,3.0,3.0,0.30000000000000004,0.4,50.0,198,6685.64453125,0,0,188,0,188
30319,1.0,10.0,2.0,3.0,3.0,3.0,0.30000000000000004,0.4,50.0,199,7497.0556640625,0,0,192,0,192
30319,1.0,10.0,2.0,3.0,3.0,3.0,0.30000000000000004,0.4,50.0,200,8271.319580078125,0,0,195,0,195
30319,1.0,10.0,2.0,3.0,3.0,3.0,0.30000000000000004,0.4,50.0,201,9100.0,0,0,187,0,187
30319,1.0,10.0,2.0,3.0,3.0,3.0,0.30000000000000004,0.4,50.0,202,9260.0,0,0,164,0,164
30319,1.0,10.0,2.0,3.0,3.0,3.0,0.30000000000000004,0.4,50.0,203,8700.0,0,0,147,0,147
30319,1.0,10.0,2.0,3.0,3.0,3.0,0.30000000000000004,0.4,50.0,204,8520.0,0,0,130,0,130
30319,1.0,10.0,2.0,3.0,3.0,3.0,0.30000000000000004,0.4,50.0,205,8460.0,0,0,122,0,122
30319,1.0,10.0,2.0,3.0,3.0,3.0,0.30000000000000004,0.4,50.0,206,8160.0,0,0,124,0,124
30319,1.0,10.0,2.0,3.0,3.0,3.0,0.30000000000000004,0.4,50.0,207,7820.0,0,0,137,0,137
30319,1.0,10.0,2.0,3.0,3.0,3.0,0.30000000000000004,0.4,50.0,208,7395.0,0,0,146,0,146
30319,1.0,10.0,2.0,3.0,3.0,3.0,0.30000000000000004,0.4,50.0,209,6423.75,0,0,163,0,163
30319,1.0,10.0,2.0,3.0,3.0,3.0,0.30000000000000004,0.4,50.0,210,5869.6875,0,0,177,0,177
30319,1.0,10.0,2.0,3.0,3.0,3.0,0.30000000000000004,0.4,50.0,211,6037.109375,0,0,187,0,187
30319,1.0,10.0,2.0,3.0,3.0,3.0,0.30000000000000004,0.4,50.0,212,6586.38671875,0,0,190,0,190
30319,1.0,10.0,2.0,3.0,3.0,3.0,0.30000000000000004,0.4,50.0,213,7412.9833984375,0,0,193,0,193
30319,1.0,10.0,2.0,3.0,3.0,3.0,0.30000000000000004,0.4,50.0,214,8506.229248046875,0,0,193,0,193
30319,1.0,10.0,2.0,3.0,3.0,3.0,0.30000000000000004,0.4,50.0,215,9260.0,0,0,186,0,186
30319,1.0,10.0,2.0,3.0,3.0,3.0,0.30000000000000004,0.4,50.0,216,9380.0,0,0,168,0,168
30319,1.0,10.0,2.0,3.0,3.0,3.0,0.30000000000000004,0.4,50.0,217,9020.0,0,0,139,0,139
30319,1.0,10.0,2.0,3.0,3.0,3.0,0.30000000000000004,0.4,50.0,218,8840.0,0,0,119,0,119
30319,1.0,10.0,2.0,3.0,3.0,3.0,0.30000000000000004,0.4,50.0,219,8840.0,0,0,108,0,108
30319,1.0,10.0,2.0,3.0,3.0,3.0,0.30000000000000004,0.4,50.0,220,8540.0,0,0,105,0,105
30319,1.0,10.0,2.0,3.0,3.0,3.0,0.30000000000000004,0.4,50.0,221,8580.0,0,0,99,0,99
30319,1.0,10.0,2.0,3.0,3.0,3.0,0.30000000000000004,0.4,50.0,222,8280.0,0,0,108,0,108
30319,1.0,10.0,2.0,3.0,3.0,3.0,0.30000000000000004,0.4,50.0,223,8020.0,0,0,117,0,117
30319,1.0,10.0,2.0,3.0,3.0,3.0,0.30000000000000004,0.4,50.0,224,7700.0,0,0,131,0,131
30319,1.0,10.0,2.0,3.0,3.0,3.0,0.30000000000000004,0.4,50.0,225,7045.0,0,0,152,0,152
30319,1.0,10.0,2.0,3.0,3.0,3.0,0.30000000000000004,0.4,50.0,226,5946.25,0,0,171,0,171
30319,1.0,10.0,2.0,3.0,3.0,3.0,0.30000000000000004,0.4,50.0,227,5712.8125,0,0,181,0,181
30319,1.0,10.0,2.0,3.0,3.0,3.0,0.30000000000000004,0.4,50.0,228,5961.015625,0,0,187,0,187
30319,1.0,10.0,2.0,3.0,3.0,3.0,0.30000000000000004,0.4,50.0,229,6551.26953125,0,0,188,0,188
30319,1.0,10.0,2.0,3.0,3.0,3.0,0.30000000000000004,0.4,50.0,230,7149.0869140625,0,0,191,0,191
30319,1.0,10.0,2.0,3.0,3.0,3.0,0.30000000000000004,0.4,50.0,231,8096.358642578125,0,0,191,0,191
30319,1.0,10.0,2.0,3.0,3.0,3.0,0.30000000000000004,0.4,50.0,232,9340.0,0,0,182,0,182
30319,1.0,10.0,2.0,3.0,3.0,3.0,0.30000000000000004,0.4,50.0,233,9420.0,0,0,161,0,161
30319,1.0,10.0,2.0,3.0,3.0,3.0,0.30000000000000004,0.4,50.0,234,8700.0,0,0,139,0,139
30319,1.0,10.0,2.0,3.0,3.0,3.0,0.30000000000000004,0.4,50.0,235,8660.0,0,0,124,0,124
30319,1.0,10.0,2.0,3.0,3.0,3.0,0.30000000000000004,0.4,50.0,236,8560.0,0,0,119,0,119
30319,1.0,10.0,2.0,3.0,3.0,3.0,0.30000000000000004,0.4,50.0,237,8320.0,0,0,118,0,118
30319,1.0,10.0,2.0,3.0,3.0,3.0,0.30000000000000004,0.4,50.0,238,8200.0,0,0,117,0,117
30319,1.0,10.0,2.0,3.0,3.0,3.0,0.30000000000000004,0.4,50.0,239,7920.0,0,0,132,0,132
30319,1.0,10.0,2.0,3.0,3.0,3.0,0.30000000000000004,0.4,50.0,240,7440.0,0,0,143,0,143
30319,1.0,10.0,2.0,3.0,3.0,3.0,0.30000000000000004,0.4,50.0,241,6480.0,0,0,160,0,160
30319,1.0,10.0,2.0,3.0,3.0,3.0,0.30000000000000004,0.4,50.0,242,5840.0,0,0,180,0,180
30319,1.0,10.0,2.0,3.0,3.0,3.0,0.30000000000000004,0.4,50.0,243,5920.0,0,0,188,0,188
30319,1.0,10.0,2.0,3.0,3.0,3.0,0.30000000000000004,0.4,50.0,244,6260.0,0,0,192,0,192
30319,1.0,10.0,2.0,3.0,3.0,3.0,0.30000000000000004,0.4,50.0,245,6885.0,0,0,195,0,195
30319,1.0,10.0,2.0,3.0,3.0,3.0,0.30000000000000004,0.4,50.0,246,7646.25,0,0,196,0,196
30319,1.0,10.0,2.0,3.0,3.0,3.0,0.30000000000000004,0.4,50.0,247,8757.8125,0,0,195,0,195
30319,1.0,10.0,2.0,3.0,3.0,3.0,0.30000000000000004,0.4,50.0,248,9300.0,0,0,177,0,177
30319,1.0,10.0,2.0,3.0,3.0,3.0,0.30000000000000004,0.4,50.0,249,9100.0,0,0,151,0,151
30319,1.0,10.0,2.0,3.0,3.0,3.0,0.30000000000000004,0.4,50.0,250,8600.0,0,0,136,0,136
30319,1.0,10.0,2.0,3.0,3.0,3.0,0.30000000000000004,0.4,50.0,251,8700.0,0,0,122,0,122
30319,1.0,10.0,2.0,3.0,3.0,3.0,0.30000000000000004,0.4,50.0,252,8460.0,0,0,118,0,118
30319,1.0,10.0,2.0,3.0,3.0,3.0,0.30000000000000004,0.4,50.0,253,8340.0,0,0,117,0,117
30319,1.0,10.0,2.0,3.0,3.0,3.0,0.30000000000000004,0.4,50.0,254,8120.0,0,0,120,0,120
30319,1.0,10.0,2.0,3.0,3.0,3.0,0.30000000000000004,0.4,50.0,255,7700.0,0,0,130,0,130
30319,1.0,10.0,2.0,3.0,3.0,3.0,0.30000000000000004,0.4,50.0,256,7065.0,0,0,151,0,151
30319,1.0,10.0,2.0,3.0,3.0,3.0,0.30000000000000004,0.4,50.0,257,5931.25,0,0,173,0,173
30319,1.0,10.0,2.0,3.0,3.0,3.0,0.30000000000000004,0.4,50.0,258,5914.0625,0,0,180,0,180
30319,1.0,10.0,2.0,3.0,3.0,3.0,0.30000000000000004,0.4,50.0,259,6152.578125,0,0,185,0,185
30319,1.0,10.0,2.0,3.0,3.0,3.0,0.30000000000000004,0.4,50.0,260,6610.72265625,0,0,190,0,190
30319,1.0,10.0,2.0,3.0,3.0,3.0,0.30000000000000004,0.4,50.0,261,7423.4033203125,0,0,192,0,192
30319,1.0,10.0,2.0,3.0,3.0,3.0,0.30000000000000004,0.4,50.0,262,8459.254150390625,0,0,189,0,189
30319,1.0,10.0,2.0,3.0,3.0,3.0,0.30000000000000004,0.4,50.0,263,9320.0,0,0,177,0,177
30319,1.0,10.0,2.0,3.0,3.0,3.0,0.30000000000000004,0.4,50.0,264,9280.0,0,0,158,0,158
30319,1.0,10.0,2.0,3.0,3.0,3.0,0.30000000000000004,0.4,50.0,265,8820.0,0,0,139,0,139
30319,1.0,10.0,2.0,3.0,3.0,3.0,0.30000000000000004,0.4,50.0,266,8720.0,0,0,125,0,125
30319,1.0,10.0,2.0,3.0,3.0,3.0,0.30000000000000004,0.4,50.0,267,8660.0,0,0,110,0,110
30319,1.0,10.0,2.0,3.0,3.0,3.0,0.30000000000000004,0.4,50.0,268,8400.0,0,0,113,0,113
30319,1.0,10.0,2.0,3.0,3.0,3.0,0.30000000000000004,0.4,50.0,269,8160.0,0,0,117,0,117
30319,1.0,10.0,2.0,3.0,3.0,3.0,0.30000000000000004,0.4,50.0,270,7940.0,0,0,122,0,122
30319,1.0,10.0,2.0,3.0,3.0,3.0,0.30000000000000004,0.4,50.0,271,7605.0,0,0,141,0,141
30319,1.0,10.0,2.0,3.0,3.0,3.0,0.30000000000000004,0.4,50.0,272,6726.25,0,0,160,0,160
30319,1.0,10.0,2.0,3.0,3.0,3.0,0.30000000000000004,0.4,50.0,273,5947.8125,0,0,170,0,170
30319,1.0,10.0,2.0,3.0,3.0,3.0,0.30000000000000004,0.4,50.0,274,5854.765625,0,0,184,0,184
30319,1.0,10.0,2.0,3.0,3.0,3.0,0.30000000000000004,0.4,50.0,275,6078.45703125,0,0,188,0,188
30319,1.0,10.0,2.0,3.0,3.0,3.0,0.30000000000000004,0.4,50.0,276,6638.0712890625,0,0,191,0,191
30319,1.0,10.0,2.0,3.0,3.0,3.0,0.30000000000000004,0.4,50.0,277,7477.589111328125,0,0,193,0,193
30319,1.0,10.0,2.0,3.0,3.0,3.0,0.30000000000000004,0.4,50.0,278,8526.986389160156,0,0,187,0,187
30319,1.0,10.0,2.0,3.0,3.0,3.0,0.30000000000000004,0.4,50.0,279,9360.0,0,0,171,0,171
30319,1.0,10.0,2.0,3.0,3.0,3.0,0.30000000000000004,0.4,50.0,280,8980.0,0,0,151,0,151
30319,1.0,10.0,2.0,3.0,3.0,3.0,0.30000000000000004,0.4,50.0,281,8700.0,0,0,132,0,132
30319,1.0,10.0,2.0,3.0,3.0,3.0,0.30000000000000004,0.4,50.0,282,8520.0,0,0,126,0,126
30319,1.0,10.0,2.0,3.0,3.0,3.0,0.30000000000000004,0.4,50.0,283,8440.0,0,0,123,0,123
30319,1.0,10.0,2.0,3.0,3.0,3.0,0.30000000000000004,0.4,50.0,284,8220.0,0,0,126,0,126
30319,1.0,10.0,2.0,3.0,3.0,3.0,0.30000000000000004,0.4,50.0,285,7900.0,0,0,128,0,128
30319,1.0,10.0,2.0,3.0,3.0,3.0,0.30000000000000004,0.4,50.0,286,7475.0,0,0,142,0,142
30319,1.0,10.0,2.0,3.0,3.0,3.0,0.30000000000000004,0.4,50.0,287,6503.75,0,0,165,0,165
30319,1.0,10.0,2.0,3.0,3.0,3.0,0.30000000000000004,0.4,50.0,288,5969.6875,0,0,179,0,179
30319,1.0,10.0,2.0,3.0,3.0,3.0,0.30000000000000004,0.4,50.0,289,6062.109375,0,0,188,0,188
30319,1.0,10.0,2.0,3.0,3.0,3.0,0.30000000000000004,0.4,50.0,290,6277.63671875,0,0,191,0,191
30319,1.0,10.0,2.0,3.0,3.0,3.0,0.30000000000000004,0.4,50.0,291,6887.0458984375,0,0,192,0,192
30319,1.0,10.0,2.0,3.0,3.0,3.0,0.30000000000000004,0.4,50.0,292,7668.807373046875,0,0,194,0,194
30319,1.0,10.0,2.0,3.0,3.0,3.0,0.30000000000000004,0.4,50.0,293,8886.009216308594,0,0,189,0,189
30319,1.0,10.0,2.0,3.0,3.0,3.0,0.30000000000000004,0.4,50.0,294,9480.0,0,0,172,0,172
30319,1.0,10.0,2.0,3.0,3.0,3.0,0.30000000000000004,0.4,50.0,295,9080.0,0,0,149,0,149
30319,1.0,10.0,2.0,3.0,3.0,3.0,0.30000000000000004,0.4,50.0,296,8880.0,0,0,133,0,133
30319,1.0,10.0,2.0,3.0,3.0,3.0,0.30000000000000004,0.4,50.0,297,8820.0,0,0,119,0,119
30319,1.0,10.0,2.0,3.0,3.0,3.0,0.30000000000000004,0.4,50.0,298,8640.0,0,0,112,0,112
30319,1.0,10.0,2.0,3.0,3.0,3.0,0.30000000000000004,0.4,50.0,299,8400.0,0,0,114,0,114
30319,1.0,10.0,2.0,3.0,3.0,3.0,0.30000000000000004,0.4,50.0,300,8320.0,0,0,112,0,112
30319,1.0,10.0,2.0,3.0,3.0,3.0,0.30000000000000004,0.4,50.0,301,8000.0,0,0,116,0,116
30319,1.0,10.0,2.0,3.0,3.0,3.0,0.30000000000000004,0.4,50.0,302,7760.0,0,0,136,0,136
30319,1.0,10.0,2.0,3.0,3.0,3.0,0.30000000000000004,0.4,50.0,303,6980.0,0,0,155,0,155
30319,1.0,10.0,2.0,3.0,3.0,3.0,0.30000000000000004,0.4,50.0,304,5985.0,0,0,170,0,170
30319,1.0,10.0,2.0,3.0,3.0,3.0,0.30000000000000004,0.4,50.0,305,5621.25,0,0,186,0,186
30319,1.0,10.0,2.0,3.0,3.0,3.0,0.30000000000000004,0.4,50.0,306,5966.5625,0,0,191,0,191
30319,1.0,10.0,2.0,3.0,3.0,3.0,0.30000000000000004,0.4,50.0,307,6258.203125,0,0,194,0,194
30319,1.0,10.0,2.0,3.0,3.0,3.0,0.30000000000000004,0.4,50.0,308,6862.75390625,0,0,197,0,197
30319,1.0,10.0,2.0,3.0,3.0,3.0,0.30000000000000004,0.4,50.0,309,7858.4423828125,0,0,192,0,192
30319,1.0,10.0,2.0,3.0,3.0,3.0,0.30000000000000004,0.4,50.0,310,9243.052978515625,0,0,176,0,176
30319,1.0,10.0,2.0,3.0,3.0,3.0,0.30000000000000004,0.4,50.0,311,9460.0,0,0,161,0,161
30319,1.0,10.0,2.0,3.0,3.0,3.0,0.30000000000000004,0.4,50.0,312,8860.0,0,0,138,0,138
30319,1.0,10.0,2.0,3.0,3.0,3.0,0.30000000000000004,0.4,50.0,313,8840.0,0,0,120,0,120
30319,1.0,10.0,2.0,3.0,3.0,3.0,0.30000000000000004,0.4,50.0,314,8780.0,0,0,108,0,108
30319,1.0,10.0,2.0,3.0,3.0,3.0,0.30000000000000004,0.4,50.0,315,8480.0,0,0,111,0,111
30319,1.0,10.0,2.0,3.0,3.0,3.0,0.30000000000000004,0.4,50.0,316,8400.0,0,0,111,0,111
30319,1.0,10.0,2.0,3.0,3.0,3.0,0.30000000000000004,0.4,50.0,317,8160.0,0,0,114,0,114
30319,1.0,10.0,2.0,3.0,3.0,3.0,0.30000000000000004,0.4,50.0,318,7860.0,0,0,128,0,128
30319,1.0,10.0,2.0,3.0,3.0,3.0,0.30000000000000004,0.4,50.0,319,7305.0,0,0,144,0,144
30319,1.0,10.0,2.0,3.0,3.0,3.0,0.30000000000000004,0.4,50.0,320,6251.25,0,0,165,0,165
30319,1.0,10.0,2.0,3.0,3.0,3.0,0.30000000000000004,0.4,50.0,321,5794.0625,0,0,181,0,181
30319,1.0,10.0,2.0,3.0,3.0,3.0,0.30000000000000004,0.4,50.0,322,6122.578125,0,0,185,0,185
30319,1.0,10.0,2.0,3.0,3.0,3.0,0.30000000000000004,0.4,50.0,323,6553.22265625,0,0,189,0,189
30319,1.0,10.0,2.0,3.0,3.0,3.0,0.30000000000000004,0.4,50.0,324,7231.5283203125,0,0,187,0,187
30319,1.0,10.0,2.0,3.0,3.0,3.0,0.30000000000000004,0.4,50.0,325,8119.410400390625,0,0,189,0,189
30319,1.0,10.0,2.0,3.0,3.0,3.0,0.30000000000000004,0.4,50.0,326,9160.0,0,0,179,0,179
30319,1.0,10.0,2.0,3.0,3.0,3.0,0.30000000000000004,0.4,50.0,327,9300.0,0,0,162,0,162
30319,1.0,10.0,2.0,3.0,3.0,3.0,0.30000000000000004,0.4,50.0,328,8840.0,0,0,140,0,140
30319,1.0,10.0,2.0,3.0,3.0,3.0,0.30000000000000004,0.4,50.0,329,8820.0,0,0,129,0,129
30319,1.0,10.0,2.0,3.0,3.0,3.0,0.30000000000000004,0.4,50.0,330,8600.0,0,0,121,0,121
30319,1.0,10.0,2.0,3.0,3.0,3.0,0.30000000000000004,0.4,50.0,331,8520.0,0,0,113,0,113
30319,1.0,10.0,2.0,3.0,3.0,3.0,0.30000000000000004,0.4,50.0,332,8320.0,0,0,114,0,114
30319,1.0,10.0,2.0,3.0,3.0,3.0,0.30000000000000004,0.4,50.0,333,7960.0,0,0,126,0,126
30319,1.0,10.0,2.0,3.0,3.0,3.0,0.30000000000000004,0.4,50.0,334,7490.0,0,0,140,0,140
30319,1.0,10.0,2.0,3.0,3.0,3.0,0.30000000000000004,0.4,50.0,335,6682.5,0,0,158,0,158
30319,1.0,10.0,2.0,3.0,3.0,3.0,0.30000000000000004,0.4,50.0,336,5993.125,0,0,175,0,175
30319,1.0,10.0,2.0,3.0,3.0,3.0,0.30000000000000004,0.4,50.0,337,5951.40625,0,0,183,0,183
30319,1.0,10.0,2.0,3.0,3.0,3.0,0.30000000000000004,0.4,50.0,338,6439.2578125,0,0,188,0,188
30319,1.0,10.0,2.0,3.0,3.0,3.0,0.30000000000000004,0.4,50.0,339,7129.072265625,0,0,191,0,191
30319,1.0,10.0,2.0,3.0,3.0,3.0,0.30000000000000004,0.4,50.0,340,8191.34033203125,0,0,193,0,193
30319,1.0,10.0,2.0,3.0,3.0,3.0,0.30000000000000004,0.4,50.0,341,9300.0,0,0,186,0,186
30319,1.0,10.0,2.0,3.0,3.0,3.0,0.30000000000000004,0.4,50.0,342,9340.0,0,0,180,0,180
30319,1.0,10.0,2.0,3.0,3.0,3.0,0.30000000000000004,0.4,50.0,343,9120.0,0,0,151,0,151
30319,1.0,10.0,2.0,3.0,3.0,3.0,0.30000000000000004,0.4,50.0,344,8900.0,0,0,124,0,124
30319,1.0,10.0,2.0,3.0,3.0,3.0,0.30000000000000004,0.4,50.0,345,8700.0,0,0,114,0,114
30319,1.0,10.0,2.0,3.0,3.0,3.0,0.30000000000000004,0.4,50.0,346,8660.0,0,0,108,0,108
30319,1.0,10.0,2.0,3.0,3.0,3.0,0.30000000000000004,0.4,50.0,347,8420.0,0,0,106,0,106
30319,1.0,10.0,2.0,3.0,3.0,3.0,0.30000000000000004,0.4,50.0,348,8180.0,0,0,114,0,114
30319,1.0,10.0,2.0,3.0,3.0,3.0,0.30000000000000004,0.4,50.0,349,7900.0,0,0,124,0,124
30319,1.0,10.0,2.0,3.0,3.0,3.0,0.30000000000000004,0.4,50.0,350,7435.0,0,0,140,0,140
30319,1.0,10.0,2.0,3.0,3.0,3.0,0.30000000000000004,0.4,50.0,351,6493.75,0,0,162,0,162
30319,1.0,10.0,2.0,3.0,3.0,3.0,0.30000000000000004,0.4,50.0,352,5857.1875,0,0,176,0,176
30319,1.0,10.0,2.0,3.0,3.0,3.0,0.30000000000000004,0.4,50.0,353,5901.484375,0,0,183,0,183
30319,1.0,10.0,2.0,3.0,3.0,3.0,0.30000000000000004,0.4,50.0,354,6216.85546875,0,0,189,0,189
30319,1.0,10.0,2.0,3.0,3.0,3.0,0.30000000000000004,0.4,50.0,355,6731.0693359375,0,0,190,0,190
30319,1.0,10.0,2.0,3.0,3.0,3.0,0.30000000000000004,0.4,50.0,356,7513.836669921875,0,0,194,0,194
30319,1.0,10.0,2.0,3.0,3.0,3.0,0.30000000000000004,0.4,50.0,357,8652.295837402344,0,0,186,0,186
30319,1.0,10.0,2.0,3.0,3.0,3.0,0.30000000000000004,0.4,50.0,358,9420.0,0,0,177,0,177
30319,1.0,10.0,2.0,3.0,3.0,3.0,0.30000000000000004,0.4,50.0,359,9340.0,0,0,158,0,158
30319,1.0,10.0,2.0,3.0,3.0,3.0,0.30000000000000004,0.4,50.0,360,8880.0,0,0,141,0,141
30319,1.0,10.0,2.0,3.0,3.0,3.0,0.30000000000000004,0.4,50.0,361,8840.0,0,0,123,0,123
30319,1.0,10.0,2.0,3.0,3.0,3.0,0.30000000000000004,0.4,50.0,362,8760.0,0,0,113,0,113
30319,1.0,10.0,2.0,3.0,3.0,3.0,0.30000000000000004,0.4,50.0,363,8720.0,0,0,100,0,100
30319,1.0,10.0,2.0,3.0,3.0,3.0,0.30000000000000004,0.4,50.0,364,8520.0,0,0,100,0,100
30319,1.0,10.0,2.0,3.0,3.0,3.0,0.30000000000000004,0.4,50.0,365,8160.0,0,0,110,0,110
30319,1.0,10.0,2.0,3.0,3.0,3.0,0.30000000000000004,0.4,50.0,366,7880.0,0,0,121,0,121
30319,1.0,10.0,2.0,3.0,3.0,3.0,0.30000000000000004,0.4,50.0,367,7430.0,0,0,139,0,139
30319,1.0,10.0,2.0,3.0,3.0,3.0,0.30000000000000004,0.4,50.0,368,6507.5,0,0,162,0,162
30319,1.0,10.0,2.0,3.0,3.0,3.0,0.30000000000000004,0.4,50.0,369,5974.375,0,0,173,0,173
30319,1.0,10.0,2.0,3.0,3.0,3.0,0.30000000000000004,0.4,50.0,370,5967.96875,0,0,182,0,182
30319,1.0,10.0,2.0,3.0,3.0,3.0,0.30000000000000004,0.4,50.0,371,6539.9609375,0,0,184,0,184
30319,1.0,10.0,2.0,3.0,3.0,3.0,0.30000000000000004,0.4,50.0,372,7074.951171875,0,0,186,0,186
30319,1.0,10.0,2.0,3.0,3.0,3.0,0.30000000000000004,0.4,50.0,373,7863.68896484375,0,0,191,0,191
30319,1.0,10.0,2.0,3.0,3.0,3.0,0.30000000000000004,0.4,50.0,374,8989.611206054688,0,0,183,0,183
30319,1.0,10.0,2.0,3.0,3.0,3.0,0.30000000000000004,0.4,50.0,375,9280.0,0,0,174,0,174
30319,1.0,10.0,2.0,3.0,3.0,3.0,0.30000000000000004,0.4,50.0,376,8920.0,0,0,151,0,151
30319,1.0,10.0,2.0,3.0,3.0,3.0,0.30000000000000004,0.4,50.0,377,8700.0,0,0,134,0,134
30319,1.0,10.0,2.0,3.0,3.0,3.0,0.30000000000000004,0.4,50.0,378,8620.0,0,0,121,0,121
30319,1.0,10.0,2.0,3.0,3.0,3.0,0.30000000000000004,0.4,50.0,379,8400.0,0,0,117,0,117
30319,1.0,10.0,2.0,3.0,3.0,3.0,0.30000000000000004,0.4,50.0,380,8140.0,0,0,123,0,123
30319,1.0,10.0,2.0,3.0,3.0,3.0,0.30000000000000004,0.4,50.0,381,7820.0,0,0,134,0,134
30319,1.0,10.0,2.0,3.0,3.0,3.0,0.30000000000000004,0.4,50.0,382,7255.0,0,0,149,0,149
30319,1.0,10.0,2.0,3.0,3.0,3.0,0.30000000000000004,0.4,50.0,383,6268.75,0,0,167,0,167
30319,1.0,10.0,2.0,3.0,3.0,3.0,0.30000000000000004,0.4,50.0,384,6035.9375,0,0,178,0,178
30319,1.0,10.0,2.0,3.0,3.0,3.0,0.30000000000000004,0.4,50.0,385,6244.921875,0,0,184,0,184
30319,1.0,10.0,2.0,3.0,3.0,3.0,0.30000000000000004,0.4,50.0,386,6726.15234375,0,0,187,0,187
30319,1.0,10.0,2.0,3.0,3.0,3.0,0.30000000000000004,0.4,50.0,387,7387.6904296875,0,0,190,0,190
30319,1.0,10.0,2.0,3.0,3.0,3.0,0.30000000000000004,0.4,50.0,388,8174.613037109375,0,0,194,0,194
30319,1.0,10.0,2.0,3.0,3.0,3.0,0.30000000000000004,0.4,50.0,389,9080.0,0,0,184,0,184
30319,1.0,10.0,2.0,3.0,3.0,3.0,0.30000000000000004,0.4,50.0,390,9120.0,0,0,173,0,173
30319,1.0,10.0,2.0,3.0,3.0,3.0,0.30000000000000004,0.4,50.0,391,8920.0,0,0,147,0,147
30319,1.0,10.0,2.0,3.0,3.0,3.0,0.30000000000000004,0.4,50.0,392,8440.0,0,0,135,0,135
30319,1.0,10.0,2.0,3.0,3.0,3.0,0.30000000000000004,0.4,50.0,393,8460.0,0,0,128,0,128
30319,1.0,10.0,2.0,3.0,3.0,3.0,0.30000000000000004,0.4,50.0,394,8180.0,0,0,128,0,128
30319,1.0,10.0,2.0,3.0,3.0,3.0,0.30000000000000004,0.4,50.0,395,7900.0,0,0,131,0,131
30319,1.0,10.0,2.0,3.0,3.0,3.0,0.30000000000000004,0.4,50.0,396,7575.0,0,0,146,0,146
30319,1.0,10.0,2.0,3.0,3.0,3.0,0.30000000000000004,0.4,50.0,397,6708.75,0,0,161,0,161
30319,1.0,10.0,2.0,3.0,3.0,3.0,0.30000000000000004,0.4,50.0,398,6025.9375,0,0,175,0,175
30319,1.0,10.0,2.0,3.0,3.0,3.0,0.30000000000000004,0.4,50.0,399,6252.421875,0,0,182,0,182
30319,1.0,10.0,2.0,3.0,3.0,3.0,0.30000000000000004,0.4,50.0,400,6415.52734375,0,0,184,0,184
30319,1.0,10.0,2.0,3.0,3.0,3.0,0.30000000000000004,0.4,50.0,401,7059.4091796875,0,0,189,0,189
30319,1.0,10.0,2.0,3.0,3.0,3.0,0.30000000000000004,0.4,50.0,402,7864.261474609375,0,0,191,0,191
30319,1.0,10.0,2.0,3.0,3.0,3.0,0.30000000000000004,0.4,50.0,403,8990.326843261719,0,0,186,0,186
30319,1.0,10.0,2.0,3.0,3.0,3.0,0.30000000000000004,0.4,50.0,404,9180.0,0,0,178,0,178
30319,1.0,10.0,2.0,3.0,3.0,3.0,0.30000000000000004,0.4,50.0,405,9040.0,0,0,167,0,167
30319,1.0,10.0,2.0,3.0,3.0,3.0,0.30000000000000004,0.4,50.0,406,8700.0,0,0,145,0,145
30319,1.0,10.0,2.0,3.0,3.0,3.0,0.30000000000000004,0.4,50.0,407,8720.0,0,0,130,0,130
30319,1.0,10.0,2.0,3.0,3.0,3.0,0.30000000000000004,0.4,50.0,408,8500.0,0,0,120,0,120
30319,1.0,10.0,2.0,3.0,3.0,3.0,0.30000000000000004,0.4,50.0,409,8260.0,0,0,117,0,117
30319,1.0,10.0,2.0,3.0,3.0,3.0,0.30000000000000004,0.4,50.0,410,7960.0,0,0,128,0,128
30319,1.0,10.0,2.0,3.0,3.0,3.0,0.30000000000000004,0.4,50.0,411,7730.0,0,0,138,0,138
30319,1.0,10.0,2.0,3.0,3.0,3.0,0.30000000000000004,0.4,50.0,412,6982.5,0,0,154,0,154
30319,1.0,10.0,2.0,3.0,3.0,3.0,0.30000000000000004,0.4,50.0,413,5968.125,0,0,173,0,173
30319,1.0,10.0,2.0,3.0,3.0,3.0,0.30000000000000004,0.4,50.0,414,5780.15625,0,0,185,0,185
30319,1.0,10.0,2.0,3.0,3.0,3.0,0.30000000000000004,0.4,50.0,415,5985.1953125,0,0,187,0,187
30319,1.0,10.0,2.0,3.0,3.0,3.0,0.30000000000000004,0.4,50.0,416,6421.494140625,0,0,191,0,191
30319,1.0,10.0,2.0,3.0,3.0,3.0,0.30000000000000004,0.4,50.0,417,6966.86767578125,0,0,193,0,193
30319,1.0,10.0,2.0,3.0,3.0,3.0,0.30000000000000004,0.4,50.0,418,7608.5845947265625,0,0,193,0,193
30319,1.0,10.0,2.0,3.0,3.0,3.0,0.30000000000000004,0.4,50.0,419,8550.730743408203,0,0,181,0,181
30319,1.0,10.0,2.0,3.0,3.0,3.0,0.30000000000000004,0.4,50.0,420,9400.0,0,0,163,0,163
30319,1.0,10.0,2.0,3.0,3.0,3.0,0.30000000000000004,0.4,50.0,421,8740.0,0,0,146,0,146
30319,1.0,10.0,2.0,3.0,3.0,3.0,0.30000000000000004,0.4,50.0,422,8600.0,0,0,137,0,137
30319,1.0,10.0,2.0,3.0,3.0,3.0,0.30000000000000004,0.4,50.0,423,8600.0,0,0,128,0,128
30319,1.0,10.0,2.0,3.0,3.0,3.0,0.30000000000000004,0.4,50.0,424,8360.0,0,0,130,0,130
30319,1.0,10.0,2.0,3.0,3.0,3.0,0.30000000000000004,0.4,50.0,425,8120.0,0,0,126,0,126
30319,1.0,10.0,2.0,3.0,3.0,3.0,0.30000000000000004,0.4,50.0,426,7940.0,0,0,131,0,131
30319,1.0,10.0,2.0,3.0,3.0,3.0,0.30000000000000004,0.4,50.0,427,7505.0,0,0,148,0,148
30319,1.0,10.0,2.0,3.0,3.0,3.0,0.30000000000000004,0.4,50.0,428,6461.25,0,0,164,0,164
30319,1.0,10.0,2.0,3.0,3.0,3.0,0.30000000000000004,0.4,50.0,429,5936.5625,0,0,181,0,181
30319,1.0,10.0,2.0,3.0,3.0,3.0,0.30000000000000004,0.4,50.0,430,6200.703125,0,0,188,0,188
30319,1.0,10.0,2.0,3.0,3.0,3.0,0.30000000000000004,0.4,50.0,431,6630.87890625,0,0,192,0,192
30319,1.0,10.0,2.0,3.0,3.0,3.0,0.30000000000000004,0.4,50.0,432,7308.5986328125,0,0,196,0,196
30319,1.0,10.0,2.0,3.0,3.0,3.0,0.30000000000000004,0.4,50.0,433,8355.748291015625,0,0,197,0,197
30319,1.0,10.0,2.0,3.0,3.0,3.0,0.30000000000000004,0.4,50.0,434,9320.0,0,0,188,0,188
30319,1.0,10.0,2.0,3.0,3.0,3.0,0.30000000000000004,0.4,50.0,435,9440.0,0,0,165,0,165
30319,1.0,10.0,2.0,3.0,3.0,3.0,0.30000000000000004,0.4,50.0,436,8740.0,0,0,146,0,146
30319,1.0,10.0,2.0,3.0,3.0,3.0,0.30000000000000004,0.4,50.0,437,8880.0,0,0,124,0,124
30319,1.0,10.0,2.0,3.0,3.0,3.0,0.30000000000000004,0.4,50.0,438,8580.0,0,0,118,0,118
30319,1.0,10.0,2.0,3.0,3.0,3.0,0.30000000000000004,0.4,50.0,439,8520.0,0,0,111,0,111
30319,1.0,10.0,2.0,3.0,3.0,3.0,0.30000000000000004,0.4,50.0,440,8260.0,0,0,114,0,114
30319,1.0,10.0,2.0,3.0,3.0,3.0,0.30000000000000004,0.4,50.0,441,8020.0,0,0,122,0,122
30319,1.0,10.0,2.0,3.0,3.0,3.0,0.30000000000000004,0.4,50.0,442,7620.0,0,0,139,0,139
30319,1.0,10.0,2.0,3.0,3.0,3.0,0.30000000000000004,0.4,50.0,443,6785.0,0,0,155,0,155
30319,1.0,10.0,2.0,3.0,3.0,3.0,0.30000000000000004,0.4,50.0,444,5901.25,0,0,176,0,176
30319,1.0,10.0,2.0,3.0,3.0,3.0,0.30000000000000004,0.4,50.0,445,5956.5625,0,0,183,0,183
30319,1.0,10.0,2.0,3.0,3.0,3.0,0.30000000000000004,0.4,50.0,446,6245.703125,0,0,189,0,189
30319,1.0,10.0,2.0,3.0,3.0,3.0,0.30000000000000004,0.4,50.0,447,6667.12890625,0,0,193,0,193
30319,1.0,10.0,2.0,3.0,3.0,3.0,0.30000000000000004,0.4,50.0,448,7313.9111328125,0,0,196,0,196
30319,1.0,10.0,2.0,3.0,3.0,3.0,0.30000000000000004,0.4,50.0,449,8222.388916015625,0,0,197,0,197
30319,1.0,10.0,2.0,3.0,3.0,3.0,0.30000000000000004,0.4,50.0,450,9060.0,0,0,178,0,178
30319,1.0,10.0,2.0,3.0,3.0,3.0,0.30000000000000004,0.4,50.0,451,9340.0,0,0,161,0,161
30319,1.0,10.0,2.0,3.0,3.0,3.0,0.30000000000000004,0.4,50.0,452,8580.0,0,0,139,0,139
30319,1.0,10.0,2.0,3.0,3.0,3.0,0.30000000000000004,0.4,50.0,453,8560.0,0,0,126,0,126
30319,1.0,10.0,2.0,3.0,3.0,3.0,0.30000000000000004,0.4,50.0,454,8380.0,0,0,126,0,126
30319,1.0,10.0,2.0,3.0,3.0,3.0,0.30000000000000004,0.4,50.0,455,8140.0,0,0,126,0,126
30319,1.0,10.0,2.0,3.0,3.0,3.0,0.30000000000000004,0.4,50.0,456,8020.0,0,0,129,0,129
30319,1.0,10.0,2.0,3.0,3.0,3.0,0.30000000000000004,0.4,50.0,457,7680.0,0,0,141,0,141
30319,1.0,10.0,2.0,3.0,3.0,3.0,0.30000000000000004,0.4,50.0,458,6820.0,0,0,160,0,160
30319,1.0,10.0,2.0,3.0,3.0,3.0,0.30000000000000004,0.4,50.0,459,5905.0,0,0,179,0,179
30319,1.0,10.0,2.0,3.0,3.0,3.0,0.30000000000000004,0.4,50.0,460,5841.25,0,0,191,0,191
30319,1.0,10.0,2.0,3.0,3.0,3.0,0.30000000000000004,0.4,50.0,461,5901.5625,0,0,194,0,194
30319,1.0,10.0,2.0,3.0,3.0,3.0,0.30000000000000004,0.4,50.0,462,6156.953125,0,0,197,0,197
30319,1.0,10.0,2.0,3.0,3.0,3.0,0.30000000000000004,0.4,50.0,463,6756.19140625,0,0,199,0,199
30319,1.0,10.0,2.0,3.0,3.0,3.0,0.30000000000000004,0.4,50.0,464,7605.2392578125,0,0,197,0,197
30319,1.0,10.0,2.0,3.0,3.0,3.0,0.30000000000000004,0.4,50.0,465,8846.549072265625,0,0,184,0,184
30319,1.0,10.0,2.0,3.0,3.0,3.0,0.30000000000000004,0.4,50.0,466,9420.0,0,0,165,0,165
30319,1.0,10.0,2.0,3.0,3.0,3.0,0.30000000000000004,0.4,50.0,467,8740.0,0,0,148,0,148
30319,1.0,10.0,2.0,3.0,3.0,3.0,0.30000000000000004,0.4,50.0,468,8760.0,0,0,128,0,128
30319,1.0,10.0,2.0,3.0,3.0,3.0,0.30000000000000004,0.4,50.0,469,8680.0,0,0,116,0,116
30319,1.0,10.0,2.0,3.0,3.0,3.0,0.30000000000000004,0.4,50.0,470,8520.0,0,0,114,0,114
30319,1.0,10.0,2.0,3.0,3.0,3.0,0.30000000000000004,0.4,50.0,471,8380.0,0,0,110,0,110
30319,1.0,10.0,2.0,3.0,3.0,3.0,0.30000000000000004,0.4,50.0,472,8020.0,0,0,117,0,117
30319,1.0,10.0,2.0,3.0,3.0,3.0,0.30000000000000004,0.4,50.0,473,7860.0,0,0,133,0,133
30319,1.0,10.0,2.0,3.0,3.0,3.0,0.30000000000000004,0.4,50.0,474,7245.0,0,0,149,0,149
30319,1.0,10.0,2.0,3.0,3.0,3.0,0.30000000000000004,0.4,50.0,475,6076.25,0,0,166,0,166
30319,1.0,10.0,2.0,3.0,3.0,3.0,0.30000000000000004,0.4,50.0,476,5635.3125,0,0,183,0,183
30319,1.0,10.0,2.0,3.0,3.0,3.0,0.30000000000000004,0.4,50.0,477,5824.140625,0,0,188,0,188
30319,1.0,10.0,2.0,3.0,3.0,3.0,0.30000000000000004,0.4,50.0,478,6200.17578125,0,0,190,0,190
30319,1.0,10.0,2.0,3.0,3.0,3.0,0.30000000000000004,0.4,50.0,479,6550.2197265625,0,0,194,0,194
30319,1.0,10.0,2.0,3.0,3.0,3.0,0.30000000000000004,0.4,50.0,480,7087.774658203125,0,0,196,0,196
30319,1.0,10.0,2.0,3.0,3.0,3.0,0.30000000000000004,0.4,50.0,481,7919.718322753906,0,0,193,0,193
30319,1.0,10.0,2.0,3.0,3.0,3.0,0.30000000000000004,0.4,50.0,482,9199.647903442383,0,0,171,0,171
30319,1.0,10.0,2.0,3.0,3.0,3.0,0.30000000000000004,0.4,50.0,483,9180.0,0,0,153,0,153
30319,1.0,10.0,2.0,3.0,3.0,3.0,0.30000000000000004,0.4,50.0,484,8540.0,0,0,136,0,136
30319,1.0,10.0,2.0,3.0,3.0,3.0,0.30000000000000004,0.4,50.0,485,8500.0,0,0,130,0,130
30319,1.0,10.0,2.0,3.0,3.0,3.0,0.30000000000000004,0.4,50.0,486,8220.0,0,0,127,0,127
30319,1.0,10.0,2.0,3.0,3.0,3.0,0.30000000000000004,0.4,50.0,487,8160.0,0,0,130,0,130
30319,1.0,10.0,2.0,3.0,3.0,3.0,0.30000000000000004,0.4,50.0,488,7880.0,0,0,135,0,135
30319,1.0,10.0,2.0,3.0,3.0,3.0,0.30000000000000004,0.4,50.0,489,7330.0,0,0,148,0,148
30319,1.0,10.0,2.0,3.0,3.0,3.0,0.30000000000000004,0.4,50.0,490,6282.5,0,0,167,0,167
30319,1.0,10.0,2.0,3.0,3.0,3.0,0.30000000000000004,0.4,50.0,491,5633.125,0,0,183,0,183
30319,1.0,10.0,2.0,3.0,3.0,3.0,0.30000000000000004,0.4,50.0,492,5901.40625,0,0,186,0,186
30319,1.0,10.0,2.0,3.0,3.0,3.0,0.30000000000000004,0.4,50.0,493,6236.7578125,0,0,189,0,189
30319,1.0,10.0,2.0,3.0,3.0,3.0,0.30000000000000004,0.4,50.0,494,6895.947265625,0,0,190,0,190
30319,1.0,10.0,2.0,3.0,3.0,3.0,0.30000000000000004,0.4,50.0,495,7899.93408203125,0,0,191,0,191
30319,1.0,10.0,2.0,3.0,3.0,3.0,0.30000000000000004,0.4,50.0,496,9194.917602539062,0,0,185,0,185
30319,1.0,10.0,2.0,3.0,3.0,3.0,0.30000000000000004,0.4,50.0,497,9480.0,0,0,161,0,161
30319,1.0,10.0,2.0,3.0,3.0,3.0,0.30000000000000004,0.4,50.0,498,8780.0,0,0,147,0,147
30319,1.0,10.0,2.0,3.0,3.0,3.0,0.30000000000000004,0.4,50.0,499,8860.0,0,0,120,0,120