Exp Num,agent:svo_convergence_factor,agent:params:metabolism,agent:params:consumption_factor,agent:params:procreate_cost_factor,agent:params:procreate_req_factor,agent:params:start_energy_factor,agent:params:caught_chance,agent:params:caught_cooldown_factor,agent:params:maximum_age,Epoch,Resource,A,B,C,D,E
31740,1.0,10.0,2.0,7.0,1.0,2.0,0.5,0.4,10.0,0,3740.0,22,22,10,30,70
31740,1.0,10.0,2.0,7.0,1.0,2.0,0.5,0.4,10.0,1,3415.0,18,18,10,26,61
31740,1.0,10.0,2.0,7.0,1.0,2.0,0.5,0.4,10.0,2,3288.75,17,18,9,26,59
31740,1.0,10.0,2.0,7.0,1.0,2.0,0.5,0.4,10.0,3,3230.9375,11,15,8,24,48
31740,1.0,10.0,2.0,7.0,1.0,2.0,0.5,0.4,10.0,4,3098.671875,14,18,9,28,56
31740,1.0,10.0,2.0,7.0,1.0,2.0,0.5,0.4,10.0,5,2853.33984375,13,19,13,29,60
31740,1.0,10.0,2.0,7.0,1.0,2.0,0.5,0.4,10.0,6,2686.6748046875,13,23,15,28,66
31740,1.0,10.0,2.0,7.0,1.0,2.0,0.5,0.4,10.0,7,2638.343505859375,11,24,16,29,66
31740,1.0,10.0,2.0,7.0,1.0,2.0,0.5,0.4,10.0,8,2657.9293823242188,4,22,20,29,59
31740,1.0,10.0,2.0,7.0,1.0,2.0,0.5,0.4,10.0,9,2822.4117279052734,3,19,21,29,55
31740,1.0,10.0,2.0,7.0,1.0,2.0,0.5,0.4,10.0,10,3168.014659881592,3,16,21,22,48
31740,1.0,10.0,2.0,7.0,1.0,2.0,0.5,0.4,10.0,11,3440.0183248519897,3,15,24,15,45
31740,1.0,10.0,2.0,7.0,1.0,2.0,0.5,0.4,10.0,12,3620.022906064987,2,14,26,10,44
31740,1.0,10.0,2.0,7.0,1.0,2.0,0.5,0.4,10.0,13,3785.028632581234,1,14,30,7,46
31740,1.0,10.0,2.0,7.0,1.0,2.0,0.5,0.4,10.0,14,3971.2857907265425,0,12,31,7,44
31740,1.0,10.0,2.0,7.0,1.0,2.0,0.5,0.4,10.0,15,4004.107238408178,0,12,35,6,48
31740,1.0,10.0,2.0,7.0,1.0,2.0,0.5,0.4,10.0,16,3965.1340480102226,0,12,44,5,57
31740,1.0,10.0,2.0,7.0,1.0,2.0,0.5,0.4,10.0,17,3816.4175600127783,0,9,52,4,62
31740,1.0,10.0,2.0,7.0,1.0,2.0,0.5,0.4,10.0,18,3610.521950015973,0,6,58,4,64
31740,1.0,10.0,2.0,7.0,1.0,2.0,0.5,0.4,10.0,19,3233.152437519966,0,3,72,3,75
31740,1.0,10.0,2.0,7.0,1.0,2.0,0.5,0.4,10.0,20,2721.4405468999576,0,1,81,1,82
31740,1.0,10.0,2.0,7.0,1.0,2.0,0.5,0.4,10.0,21,2821.800683624947,0,1,90,2,91
31740,1.0,10.0,2.0,7.0,1.0,2.0,0.5,0.4,10.0,22,2987.250854531184,0,1,91,2,92
31740,1.0,10.0,2.0,7.0,1.0,2.0,0.5,0.4,10.0,23,3254.0635681639797,0,1,89,2,90
31740,1.0,10.0,2.0,7.0,1.0,2.0,0.5,0.4,10.0,24,3567.5794602049746,0,1,80,1,81
31740,1.0,10.0,2.0,7.0,1.0,2.0,0.5,0.4,10.0,25,3799.4743252562184,0,1,76,1,77
31740,1.0,10.0,2.0,7.0,1.0,2.0,0.5,0.4,10.0,26,4029.342906570273,0,0,79,1,79
31740,1.0,10.0,2.0,7.0,1.0,2.0,0.5,0.4,10.0,27,4056.6786332128413,0,0,77,1,77
31740,1.0,10.0,2.0,7.0,1.0,2.0,0.5,0.4,10.0,28,3790.848291516051,0,0,81,1,81
31740,1.0,10.0,2.0,7.0,1.0,2.0,0.5,0.4,10.0,29,3318.5603643950635,0,0,86,1,86
31740,1.0,10.0,2.0,7.0,1.0,2.0,0.5,0.4,10.0,30,3168.2004554938294,0,0,94,1,94
31740,1.0,10.0,2.0,7.0,1.0,2.0,0.5,0.4,10.0,31,3120.2505693672865,0,0,92,1,92
31740,1.0,10.0,2.0,7.0,1.0,2.0,0.5,0.4,10.0,32,3120.313211709108,0,0,86,0,86
31740,1.0,10.0,2.0,7.0,1.0,2.0,0.5,0.4,10.0,33,3060.391514636385,0,0,86,0,86
31740,1.0,10.0,2.0,7.0,1.0,2.0,0.5,0.4,10.0,34,2965.4893932954815,0,0,84,0,84
31740,1.0,10.0,2.0,7.0,1.0,2.0,0.5,0.4,10.0,35,2906.861741619352,0,0,85,0,85
31740,1.0,10.0,2.0,7.0,1.0,2.0,0.5,0.4,10.0,36,2833.57717702419,0,0,91,0,91
31740,1.0,10.0,2.0,7.0,1.0,2.0,0.5,0.4,10.0,37,3101.9714712802374,0,0,85,0,85
31740,1.0,10.0,2.0,7.0,1.0,2.0,0.5,0.4,10.0,38,3377.464339100297,0,0,78,0,78
31740,1.0,10.0,2.0,7.0,1.0,2.0,0.5,0.4,10.0,39,3501.830423875371,0,0,75,0,75
31740,1.0,10.0,2.0,7.0,1.0,2.0,0.5,0.4,10.0,40,3637.2880298442133,0,0,73,0,73
31740,1.0,10.0,2.0,7.0,1.0,2.0,0.5,0.4,10.0,41,3626.610037305267,0,0,76,0,76
31740,1.0,10.0,2.0,7.0,1.0,2.0,0.5,0.4,10.0,42,3613.262546631584,0,0,75,0,75
31740,1.0,10.0,2.0,7.0,1.0,2.0,0.5,0.4,10.0,43,3376.57818328948,0,0,79,0,79
31740,1.0,10.0,2.0,7.0,1.0,2.0,0.5,0.4,10.0,44,3020.7227291118497,0,0,86,0,86
31740,1.0,10.0,2.0,7.0,1.0,2.0,0.5,0.4,10.0,45,2975.9034113898124,0,0,91,0,91
31740,1.0,10.0,2.0,7.0,1.0,2.0,0.5,0.4,10.0,46,2999.8792642372655,0,0,89,0,89
31740,1.0,10.0,2.0,7.0,1.0,2.0,0.5,0.4,10.0,47,2989.8490802965816,0,0,88,0,88
31740,1.0,10.0,2.0,7.0,1.0,2.0,0.5,0.4,10.0,48,3077.3113503707273,0,0,89,0,89
31740,1.0,10.0,2.0,7.0,1.0,2.0,0.5,0.4,10.0,49,3146.6391879634093,0,0,83,0,83
31740,1.0,10.0,2.0,7.0,1.0,2.0,0.5,0.4,10.0,50,3293.298984954262,0,0,79,0,79
31740,1.0,10.0,2.0,7.0,1.0,2.0,0.5,0.4,10.0,51,3556.623731192827,0,0,72,0,72
31740,1.0,10.0,2.0,7.0,1.0,2.0,0.5,0.4,10.0,52,3605.779663991034,0,0,72,0,72
31740,1.0,10.0,2.0,7.0,1.0,2.0,0.5,0.4,10.0,53,3507.2245799887924,0,0,69,0,69
31740,1.0,10.0,2.0,7.0,1.0,2.0,0.5,0.4,10.0,54,3204.0307249859907,0,0,69,0,69
31740,1.0,10.0,2.0,7.0,1.0,2.0,0.5,0.4,10.0,55,2765.0384062324883,0,0,74,0,74
31740,1.0,10.0,2.0,7.0,1.0,2.0,0.5,0.4,10.0,56,2616.2980077906104,0,0,84,0,84
31740,1.0,10.0,2.0,7.0,1.0,2.0,0.5,0.4,10.0,57,2890.372509738263,0,0,84,0,84
31740,1.0,10.0,2.0,7.0,1.0,2.0,0.5,0.4,10.0,58,2992.965637172829,0,0,84,0,84
31740,1.0,10.0,2.0,7.0,1.0,2.0,0.5,0.4,10.0,59,3101.207046466036,0,0,81,0,81
31740,1.0,10.0,2.0,7.0,1.0,2.0,0.5,0.4,10.0,60,3176.508808082545,0,0,80,0,80
31740,1.0,10.0,2.0,7.0,1.0,2.0,0.5,0.4,10.0,61,3170.636010103181,0,0,78,0,78
31740,1.0,10.0,2.0,7.0,1.0,2.0,0.5,0.4,10.0,62,3123.295012628976,0,0,78,0,78
31740,1.0,10.0,2.0,7.0,1.0,2.0,0.5,0.4,10.0,63,2924.11876578622,0,0,76,0,76
31740,1.0,10.0,2.0,7.0,1.0,2.0,0.5,0.4,10.0,64,2755.1484572327754,0,0,80,0,80
31740,1.0,10.0,2.0,7.0,1.0,2.0,0.5,0.4,10.0,65,2743.9355715409692,0,0,85,0,85
31740,1.0,10.0,2.0,7.0,1.0,2.0,0.5,0.4,10.0,66,2789.9194644262116,0,0,85,0,85
31740,1.0,10.0,2.0,7.0,1.0,2.0,0.5,0.4,10.0,67,2907.3993305327645,0,0,83,0,83
31740,1.0,10.0,2.0,7.0,1.0,2.0,0.5,0.4,10.0,68,3114.2491631659555,0,0,74,0,74
31740,1.0,10.0,2.0,7.0,1.0,2.0,0.5,0.4,10.0,69,3132.8114539574444,0,0,74,0,74
31740,1.0,10.0,2.0,7.0,1.0,2.0,0.5,0.4,10.0,70,3216.0143174468058,0,0,69,0,69
31740,1.0,10.0,2.0,7.0,1.0,2.0,0.5,0.4,10.0,71,3060.0178968085074,0,0,70,0,70
31740,1.0,10.0,2.0,7.0,1.0,2.0,0.5,0.4,10.0,72,2925.0223710106343,0,0,73,0,73
31740,1.0,10.0,2.0,7.0,1.0,2.0,0.5,0.4,10.0,73,2636.277963763293,0,0,79,0,79
31740,1.0,10.0,2.0,7.0,1.0,2.0,0.5,0.4,10.0,74,2675.347454704116,0,0,77,0,77
31740,1.0,10.0,2.0,7.0,1.0,2.0,0.5,0.4,10.0,75,2624.1843183801448,0,0,83,0,83
31740,1.0,10.0,2.0,7.0,1.0,2.0,0.5,0.4,10.0,76,2740.230397975181,0,0,86,0,86
31740,1.0,10.0,2.0,7.0,1.0,2.0,0.5,0.4,10.0,77,3025.2879974689763,0,0,74,0,74
31740,1.0,10.0,2.0,7.0,1.0,2.0,0.5,0.4,10.0,78,3401.6099968362205,0,0,66,0,66
31740,1.0,10.0,2.0,7.0,1.0,2.0,0.5,0.4,10.0,79,3692.012496045276,0,0,56,0,56
31740,1.0,10.0,2.0,7.0,1.0,2.0,0.5,0.4,10.0,80,3915.0156200565943,0,0,56,0,56
31740,1.0,10.0,2.0,7.0,1.0,2.0,0.5,0.4,10.0,81,4093.769525070743,0,0,56,0,56
31740,1.0,10.0,2.0,7.0,1.0,2.0,0.5,0.4,10.0,82,4157.211906338429,0,0,56,0,56
31740,1.0,10.0,2.0,7.0,1.0,2.0,0.5,0.4,10.0,83,4116.514882923037,0,0,61,0,61
31740,1.0,10.0,2.0,7.0,1.0,2.0,0.5,0.4,10.0,84,4005.643603653796,0,0,67,0,67
31740,1.0,10.0,2.0,7.0,1.0,2.0,0.5,0.4,10.0,85,3747.054504567245,0,0,75,0,75
31740,1.0,10.0,2.0,7.0,1.0,2.0,0.5,0.4,10.0,86,3283.8181307090563,0,0,84,0,84
31740,1.0,10.0,2.0,7.0,1.0,2.0,0.5,0.4,10.0,87,3004.7726633863203,0,0,93,0,93
31740,1.0,10.0,2.0,7.0,1.0,2.0,0.5,0.4,10.0,88,3115.9658292329004,0,0,99,0,99
31740,1.0,10.0,2.0,7.0,1.0,2.0,0.5,0.4,10.0,89,3234.9572865411255,0,0,101,0,101
31740,1.0,10.0,2.0,7.0,1.0,2.0,0.5,0.4,10.0,90,3463.6966081764067,0,0,95,0,95
31740,1.0,10.0,2.0,7.0,1.0,2.0,0.5,0.4,10.0,91,3649.6207602205086,0,0,93,0,93
31740,1.0,10.0,2.0,7.0,1.0,2.0,0.5,0.4,10.0,92,3922.025950275636,0,0,86,0,86
31740,1.0,10.0,2.0,7.0,1.0,2.0,0.5,0.4,10.0,93,4122.532437844546,0,0,82,0,82
31740,1.0,10.0,2.0,7.0,1.0,2.0,0.5,0.4,10.0,94,4153.165547305682,0,0,78,0,78
31740,1.0,10.0,2.0,7.0,1.0,2.0,0.5,0.4,10.0,95,3991.456934132102,0,0,80,0,80
31740,1.0,10.0,2.0,7.0,1.0,2.0,0.5,0.4,10.0,96,3549.321167665128,0,0,87,0,87
31740,1.0,10.0,2.0,7.0,1.0,2.0,0.5,0.4,10.0,97,3356.6514595814097,0,0,95,0,95
31740,1.0,10.0,2.0,7.0,1.0,2.0,0.5,0.4,10.0,98,3255.8143244767616,0,0,96,0,96
31740,1.0,10.0,2.0,7.0,1.0,2.0,0.5,0.4,10.0,99,3309.767905595952,0,0,95,0,95
31740,1.0,10.0,2.0,7.0,1.0,2.0,0.5,0.4,10.0,100,3497.2098819949397,0,0,90,0,90
31740,1.0,10.0,2.0,7.0,1.0,2.0,0.5,0.4,10.0,101,3611.5123524936744,0,0,84,0,84
31740,1.0,10.0,2.0,7.0,1.0,2.0,0.5,0.4,10.0,102,3614.390440617093,0,0,85,0,85
31740,1.0,10.0,2.0,7.0,1.0,2.0,0.5,0.4,10.0,103,3417.988050771366,0,0,88,0,88
31740,1.0,10.0,2.0,7.0,1.0,2.0,0.5,0.4,10.0,104,3132.485063464208,0,0,89,0,89
31740,1.0,10.0,2.0,7.0,1.0,2.0,0.5,0.4,10.0,105,3155.60632933026,0,0,90,0,90
31740,1.0,10.0,2.0,7.0,1.0,2.0,0.5,0.4,10.0,106,3144.507911662825,0,0,90,0,90
31740,1.0,10.0,2.0,7.0,1.0,2.0,0.5,0.4,10.0,107,3270.6348895785313,0,0,92,0,92
31740,1.0,10.0,2.0,7.0,1.0,2.0,0.5,0.4,10.0,108,3408.293611973164,0,0,89,0,89
31740,1.0,10.0,2.0,7.0,1.0,2.0,0.5,0.4,10.0,109,3520.367014966455,0,0,81,0,81
31740,1.0,10.0,2.0,7.0,1.0,2.0,0.5,0.4,10.0,110,3640.4587687080684,0,0,72,0,72
31740,1.0,10.0,2.0,7.0,1.0,2.0,0.5,0.4,10.0,111,3630.5734608850853,0,0,75,0,75
31740,1.0,10.0,2.0,7.0,1.0,2.0,0.5,0.4,10.0,112,3478.216826106356,0,0,79,0,79
31740,1.0,10.0,2.0,7.0,1.0,2.0,0.5,0.4,10.0,113,3207.771032632945,0,0,81,0,81
31740,1.0,10.0,2.0,7.0,1.0,2.0,0.5,0.4,10.0,114,2949.7137907911815,0,0,84,0,84
31740,1.0,10.0,2.0,7.0,1.0,2.0,0.5,0.4,10.0,115,2947.142238488977,0,0,89,0,89
31740,1.0,10.0,2.0,7.0,1.0,2.0,0.5,0.4,10.0,116,3043.9277981112214,0,0,86,0,86
31740,1.0,10.0,2.0,7.0,1.0,2.0,0.5,0.4,10.0,117,3024.9097476390266,0,0,85,0,85
31740,1.0,10.0,2.0,7.0,1.0,2.0,0.5,0.4,10.0,118,3001.1371845487834,0,0,84,0,84
31740,1.0,10.0,2.0,7.0,1.0,2.0,0.5,0.4,10.0,119,3011.421480685979,0,0,85,0,85
31740,1.0,10.0,2.0,7.0,1.0,2.0,0.5,0.4,10.0,120,2964.2768508574736,0,0,85,0,85
31740,1.0,10.0,2.0,7.0,1.0,2.0,0.5,0.4,10.0,121,2985.346063571842,0,0,83,0,83
31740,1.0,10.0,2.0,7.0,1.0,2.0,0.5,0.4,10.0,122,3031.6825794648025,0,0,78,0,78
31740,1.0,10.0,2.0,7.0,1.0,2.0,0.5,0.4,10.0,123,3109.6032243310033,0,0,76,0,76
31740,1.0,10.0,2.0,7.0,1.0,2.0,0.5,0.4,10.0,124,3107.004030413754,0,0,74,0,74
31740,1.0,10.0,2.0,7.0,1.0,2.0,0.5,0.4,10.0,125,2963.755038017193,0,0,74,0,74
31740,1.0,10.0,2.0,7.0,1.0,2.0,0.5,0.4,10.0,126,2704.693797521491,0,0,77,0,77
31740,1.0,10.0,2.0,7.0,1.0,2.0,0.5,0.4,10.0,127,2700.867246901864,0,0,76,0,76
31740,1.0,10.0,2.0,7.0,1.0,2.0,0.5,0.4,10.0,128,2736.08405862733,0,0,75,0,75
31740,1.0,10.0,2.0,7.0,1.0,2.0,0.5,0.4,10.0,129,2640.1050732841622,0,0,79,0,79
31740,1.0,10.0,2.0,7.0,1.0,2.0,0.5,0.4,10.0,130,2720.1313416052026,0,0,82,0,82
31740,1.0,10.0,2.0,7.0,1.0,2.0,0.5,0.4,10.0,131,2820.1641770065035,0,0,72,0,72
31740,1.0,10.0,2.0,7.0,1.0,2.0,0.5,0.4,10.0,132,2745.2052212581293,0,0,72,0,72
31740,1.0,10.0,2.0,7.0,1.0,2.0,0.5,0.4,10.0,133,2731.5065265726616,0,0,71,0,71
31740,1.0,10.0,2.0,7.0,1.0,2.0,0.5,0.4,10.0,134,2654.3831582158273,0,0,66,0,66
31740,1.0,10.0,2.0,7.0,1.0,2.0,0.5,0.4,10.0,135,2437.978947769784,0,0,70,0,70
31740,1.0,10.0,2.0,7.0,1.0,2.0,0.5,0.4,10.0,136,2507.4736847122304,0,0,73,0,73
31740,1.0,10.0,2.0,7.0,1.0,2.0,0.5,0.4,10.0,137,2474.3421058902877,0,0,72,0,72
31740,1.0,10.0,2.0,7.0,1.0,2.0,0.5,0.4,10.0,138,2532.9276323628596,0,0,72,0,72
31740,1.0,10.0,2.0,7.0,1.0,2.0,0.5,0.4,10.0,139,2486.1595404535747,0,0,69,0,69
31740,1.0,10.0,2.0,7.0,1.0,2.0,0.5,0.4,10.0,140,2447.6994255669683,0,0,69,0,69
31740,1.0,10.0,2.0,7.0,1.0,2.0,0.5,0.4,10.0,141,2479.6242819587105,0,0,68,0,68
31740,1.0,10.0,2.0,7.0,1.0,2.0,0.5,0.4,10.0,142,2439.530352448388,0,0,66,0,66
31740,1.0,10.0,2.0,7.0,1.0,2.0,0.5,0.4,10.0,143,2369.412940560485,0,0,68,0,68
31740,1.0,10.0,2.0,7.0,1.0,2.0,0.5,0.4,10.0,144,2281.7661757006063,0,0,72,0,72
31740,1.0,10.0,2.0,7.0,1.0,2.0,0.5,0.4,10.0,145,2392.207719625758,0,0,73,0,73
31740,1.0,10.0,2.0,7.0,1.0,2.0,0.5,0.4,10.0,146,2450.2596495321973,0,0,68,0,68
31740,1.0,10.0,2.0,7.0,1.0,2.0,0.5,0.4,10.0,147,2562.8245619152467,0,0,64,0,64
31740,1.0,10.0,2.0,7.0,1.0,2.0,0.5,0.4,10.0,148,2623.5307023940586,0,0,59,0,59
31740,1.0,10.0,2.0,7.0,1.0,2.0,0.5,0.4,10.0,149,2679.4133779925733,0,0,60,0,60
31740,1.0,10.0,2.0,7.0,1.0,2.0,0.5,0.4,10.0,150,2749.2667224907163,0,0,60,0,60
31740,1.0,10.0,2.0,7.0,1.0,2.0,0.5,0.4,10.0,151,2776.5834031133954,0,0,57,0,57
31740,1.0,10.0,2.0,7.0,1.0,2.0,0.5,0.4,10.0,152,2770.7292538917445,0,0,57,0,57
31740,1.0,10.0,2.0,7.0,1.0,2.0,0.5,0.4,10.0,153,2743.4115673646806,0,0,54,0,54
31740,1.0,10.0,2.0,7.0,1.0,2.0,0.5,0.4,10.0,154,2529.264459205851,0,0,55,0,55
31740,1.0,10.0,2.0,7.0,1.0,2.0,0.5,0.4,10.0,155,2141.5805740073138,0,0,64,0,64
31740,1.0,10.0,2.0,7.0,1.0,2.0,0.5,0.4,10.0,156,2176.975717509142,0,0,69,0,69
31740,1.0,10.0,2.0,7.0,1.0,2.0,0.5,0.4,10.0,157,2141.2196468864277,0,0,71,0,71
31740,1.0,10.0,2.0,7.0,1.0,2.0,0.5,0.4,10.0,158,2296.5245586080346,0,0,69,0,69
31740,1.0,10.0,2.0,7.0,1.0,2.0,0.5,0.4,10.0,159,2430.655698260043,0,0,61,0,61
31740,1.0,10.0,2.0,7.0,1.0,2.0,0.5,0.4,10.0,160,2618.319622825054,0,0,56,0,56
31740,1.0,10.0,2.0,7.0,1.0,2.0,0.5,0.4,10.0,161,2872.8995285313176,0,0,57,0,57
31740,1.0,10.0,2.0,7.0,1.0,2.0,0.5,0.4,10.0,162,2971.124410664147,0,0,57,0,57
31740,1.0,10.0,2.0,7.0,1.0,2.0,0.5,0.4,10.0,163,2993.9055133301836,0,0,55,0,55
31740,1.0,10.0,2.0,7.0,1.0,2.0,0.5,0.4,10.0,164,2922.3818916627297,0,0,52,0,52
31740,1.0,10.0,2.0,7.0,1.0,2.0,0.5,0.4,10.0,165,2612.977364578412,0,0,60,0,60
31740,1.0,10.0,2.0,7.0,1.0,2.0,0.5,0.4,10.0,166,2226.221705723015,0,0,63,0,63
31740,1.0,10.0,2.0,7.0,1.0,2.0,0.5,0.4,10.0,167,2142.777132153769,0,0,67,0,67
31740,1.0,10.0,2.0,7.0,1.0,2.0,0.5,0.4,10.0,168,2298.471415192211,0,0,67,0,67
31740,1.0,10.0,2.0,7.0,1.0,2.0,0.5,0.4,10.0,169,2413.089268990264,0,0,60,0,60
31740,1.0,10.0,2.0,7.0,1.0,2.0,0.5,0.4,10.0,170,2576.36158623783,0,0,57,0,57
31740,1.0,10.0,2.0,7.0,1.0,2.0,0.5,0.4,10.0,171,2800.4519827972877,0,0,53,0,53
31740,1.0,10.0,2.0,7.0,1.0,2.0,0.5,0.4,10.0,172,2780.5649784966095,0,0,53,0,53
31740,1.0,10.0,2.0,7.0,1.0,2.0,0.5,0.4,10.0,173,2595.706223120762,0,0,57,0,57
31740,1.0,10.0,2.0,7.0,1.0,2.0,0.5,0.4,10.0,174,2264.6327789009524,0,0,59,0,59
31740,1.0,10.0,2.0,7.0,1.0,2.0,0.5,0.4,10.0,175,2090.7909736261904,0,0,65,0,65
31740,1.0,10.0,2.0,7.0,1.0,2.0,0.5,0.4,10.0,176,2273.488717032738,0,0,69,0,69
31740,1.0,10.0,2.0,7.0,1.0,2.0,0.5,0.4,10.0,177,2501.8608962909225,0,0,66,0,66
31740,1.0,10.0,2.0,7.0,1.0,2.0,0.5,0.4,10.0,178,2807.326120363653,0,0,59,0,59
31740,1.0,10.0,2.0,7.0,1.0,2.0,0.5,0.4,10.0,179,3149.1576504545665,0,0,55,0,55
31740,1.0,10.0,2.0,7.0,1.0,2.0,0.5,0.4,10.0,180,3336.447063068208,0,0,54,0,54
31740,1.0,10.0,2.0,7.0,1.0,2.0,0.5,0.4,10.0,181,3510.55882883526,0,0,48,0,48
31740,1.0,10.0,2.0,7.0,1.0,2.0,0.5,0.4,10.0,182,3688.198536044075,0,0,42,0,42
31740,1.0,10.0,2.0,7.0,1.0,2.0,0.5,0.4,10.0,183,3810.2481700550934,0,0,47,0,47
31740,1.0,10.0,2.0,7.0,1.0,2.0,0.5,0.4,10.0,184,3922.8102125688665,0,0,48,0,48
31740,1.0,10.0,2.0,7.0,1.0,2.0,0.5,0.4,10.0,185,4003.5127657110834,0,0,56,0,56
31740,1.0,10.0,2.0,7.0,1.0,2.0,0.5,0.4,10.0,186,3984.390957138854,0,0,61,0,61
31740,1.0,10.0,2.0,7.0,1.0,2.0,0.5,0.4,10.0,187,3860.4886964235675,0,0,68,0,68
31740,1.0,10.0,2.0,7.0,1.0,2.0,0.5,0.4,10.0,188,3545.610870529459,0,0,76,0,76
31740,1.0,10.0,2.0,7.0,1.0,2.0,0.5,0.4,10.0,189,3052.0135881618244,0,0,83,0,83
31740,1.0,10.0,2.0,7.0,1.0,2.0,0.5,0.4,10.0,190,2975.0169852022805,0,0,94,0,94
31740,1.0,10.0,2.0,7.0,1.0,2.0,0.5,0.4,10.0,191,3078.7712315028507,0,0,99,0,99
31740,1.0,10.0,2.0,7.0,1.0,2.0,0.5,0.4,10.0,192,3308.4640393785635,0,0,100,0,100
31740,1.0,10.0,2.0,7.0,1.0,2.0,0.5,0.4,10.0,193,3455.5800492232047,0,0,93,0,93
31740,1.0,10.0,2.0,7.0,1.0,2.0,0.5,0.4,10.0,194,3619.475061529006,0,0,92,0,92
31740,1.0,10.0,2.0,7.0,1.0,2.0,0.5,0.4,10.0,195,3804.3438269112576,0,0,89,0,89
31740,1.0,10.0,2.0,7.0,1.0,2.0,0.5,0.4,10.0,196,3995.4297836390724,0,0,83,0,83
31740,1.0,10.0,2.0,7.0,1.0,2.0,0.5,0.4,10.0,197,3954.2872295488405,0,0,85,0,85
31740,1.0,10.0,2.0,7.0,1.0,2.0,0.5,0.4,10.0,198,3782.859036936051,0,0,86,0,86
31740,1.0,10.0,2.0,7.0,1.0,2.0,0.5,0.4,10.0,199,3608.5737961700634,0,0,91,0,91
31740,1.0,10.0,2.0,7.0,1.0,2.0,0.5,0.4,10.0,200,3230.7172452125797,0,0,98,0,98
31740,1.0,10.0,2.0,7.0,1.0,2.0,0.5,0.4,10.0,201,3358.3965565157246,0,0,99,0,99
31740,1.0,10.0,2.0,7.0,1.0,2.0,0.5,0.4,10.0,202,3437.995695644656,0,0,97,0,97
31740,1.0,10.0,2.0,7.0,1.0,2.0,0.5,0.4,10.0,203,3517.4946195558196,0,0,94,0,94
31740,1.0,10.0,2.0,7.0,1.0,2.0,0.5,0.4,10.0,204,3536.868274444774,0,0,91,0,91
31740,1.0,10.0,2.0,7.0,1.0,2.0,0.5,0.4,10.0,205,3541.0853430559673,0,0,88,0,88
31740,1.0,10.0,2.0,7.0,1.0,2.0,0.5,0.4,10.0,206,3426.3566788199587,0,0,89,0,89
31740,1.0,10.0,2.0,7.0,1.0,2.0,0.5,0.4,10.0,207,3242.945848524949,0,0,91,0,91
31740,1.0,10.0,2.0,7.0,1.0,2.0,0.5,0.4,10.0,208,3173.682310656186,0,0,96,0,96
31740,1.0,10.0,2.0,7.0,1.0,2.0,0.5,0.4,10.0,209,3187.1028883202325,0,0,95,0,95
31740,1.0,10.0,2.0,7.0,1.0,2.0,0.5,0.4,10.0,210,3183.8786104002907,0,0,95,0,95
31740,1.0,10.0,2.0,7.0,1.0,2.0,0.5,0.4,10.0,211,3439.848263000363,0,0,97,0,97
31740,1.0,10.0,2.0,7.0,1.0,2.0,0.5,0.4,10.0,212,3699.8103287504537,0,0,79,0,79
31740,1.0,10.0,2.0,7.0,1.0,2.0,0.5,0.4,10.0,213,3804.762910938067,0,0,80,0,80
31740,1.0,10.0,2.0,7.0,1.0,2.0,0.5,0.4,10.0,214,3995.953638672583,0,0,77,0,77
31740,1.0,10.0,2.0,7.0,1.0,2.0,0.5,0.4,10.0,215,3994.9420483407284,0,0,70,0,70
31740,1.0,10.0,2.0,7.0,1.0,2.0,0.5,0.4,10.0,216,3893.677560425911,0,0,69,0,69
31740,1.0,10.0,2.0,7.0,1.0,2.0,0.5,0.4,10.0,217,3647.0969505323883,0,0,76,0,76
31740,1.0,10.0,2.0,7.0,1.0,2.0,0.5,0.4,10.0,218,3218.8711881654854,0,0,80,0,80
31740,1.0,10.0,2.0,7.0,1.0,2.0,0.5,0.4,10.0,219,2983.5889852068567,0,0,90,0,90
31740,1.0,10.0,2.0,7.0,1.0,2.0,0.5,0.4,10.0,220,2989.486231508571,0,0,96,0,96
31740,1.0,10.0,2.0,7.0,1.0,2.0,0.5,0.4,10.0,221,3116.8577893857137,0,0,91,0,91
31740,1.0,10.0,2.0,7.0,1.0,2.0,0.5,0.4,10.0,222,3196.0722367321423,0,0,82,0,82
31740,1.0,10.0,2.0,7.0,1.0,2.0,0.5,0.4,10.0,223,3295.090295915178,0,0,81,0,81
31740,1.0,10.0,2.0,7.0,1.0,2.0,0.5,0.4,10.0,224,3258.862869893973,0,0,80,0,80
31740,1.0,10.0,2.0,7.0,1.0,2.0,0.5,0.4,10.0,225,3173.578587367466,0,0,82,0,82
31740,1.0,10.0,2.0,7.0,1.0,2.0,0.5,0.4,10.0,226,2926.973234209332,0,0,84,0,84
31740,1.0,10.0,2.0,7.0,1.0,2.0,0.5,0.4,10.0,227,2998.716542761665,0,0,87,0,87
31740,1.0,10.0,2.0,7.0,1.0,2.0,0.5,0.4,10.0,228,2928.3956784520815,0,0,87,0,87
31740,1.0,10.0,2.0,7.0,1.0,2.0,0.5,0.4,10.0,229,2980.494598065102,0,0,88,0,88
31740,1.0,10.0,2.0,7.0,1.0,2.0,0.5,0.4,10.0,230,3065.6182475813775,0,0,87,0,87
31740,1.0,10.0,2.0,7.0,1.0,2.0,0.5,0.4,10.0,231,3192.0228094767217,0,0,85,0,85
31740,1.0,10.0,2.0,7.0,1.0,2.0,0.5,0.4,10.0,232,3370.0285118459024,0,0,84,0,84
31740,1.0,10.0,2.0,7.0,1.0,2.0,0.5,0.4,10.0,233,3512.535639807378,0,0,78,0,78
31740,1.0,10.0,2.0,7.0,1.0,2.0,0.5,0.4,10.0,234,3790.6695497592227,0,0,68,0,68
31740,1.0,10.0,2.0,7.0,1.0,2.0,0.5,0.4,10.0,235,3738.3369371990284,0,0,67,0,67
31740,1.0,10.0,2.0,7.0,1.0,2.0,0.5,0.4,10.0,236,3572.921171498785,0,0,68,0,68
31740,1.0,10.0,2.0,7.0,1.0,2.0,0.5,0.4,10.0,237,3226.151464373481,0,0,72,0,72
31740,1.0,10.0,2.0,7.0,1.0,2.0,0.5,0.4,10.0,238,2792.689330466851,0,0,75,0,75
31740,1.0,10.0,2.0,7.0,1.0,2.0,0.5,0.4,10.0,239,2630.861663083564,0,0,77,0,77
31740,1.0,10.0,2.0,7.0,1.0,2.0,0.5,0.4,10.0,240,2568.577078854455,0,0,83,0,83
31740,1.0,10.0,2.0,7.0,1.0,2.0,0.5,0.4,10.0,241,2670.7213485680686,0,0,82,0,82
31740,1.0,10.0,2.0,7.0,1.0,2.0,0.5,0.4,10.0,242,2838.401685710086,0,0,78,0,78
31740,1.0,10.0,2.0,7.0,1.0,2.0,0.5,0.4,10.0,243,3068.0021071376077,0,0,72,0,72
31740,1.0,10.0,2.0,7.0,1.0,2.0,0.5,0.4,10.0,244,3315.0026339220094,0,0,66,0,66
31740,1.0,10.0,2.0,7.0,1.0,2.0,0.5,0.4,10.0,245,3403.7532924025118,0,0,64,0,64
31740,1.0,10.0,2.0,7.0,1.0,2.0,0.5,0.4,10.0,246,3354.6916155031395,0,0,62,0,62
31740,1.0,10.0,2.0,7.0,1.0,2.0,0.5,0.4,10.0,247,3073.3645193789243,0,0,68,0,68
31740,1.0,10.0,2.0,7.0,1.0,2.0,0.5,0.4,10.0,248,2641.705649223655,0,0,70,0,70
31740,1.0,10.0,2.0,7.0,1.0,2.0,0.5,0.4,10.0,249,2502.132061529569,0,0,78,0,78
31740,1.0,10.0,2.0,7.0,1.0,2.0,0.5,0.4,10.0,250,2627.6650769119615,0,0,78,0,78
31740,1.0,10.0,2.0,7.0,1.0,2.0,0.5,0.4,10.0,251,2804.581346139952,0,0,78,0,78
31740,1.0,10.0,2.0,7.0,1.0,2.0,0.5,0.4,10.0,252,2885.72668267494,0,0,73,0,73
31740,1.0,10.0,2.0,7.0,1.0,2.0,0.5,0.4,10.0,253,3147.158353343675,0,0,69,0,69
31740,1.0,10.0,2.0,7.0,1.0,2.0,0.5,0.4,10.0,254,3313.947941679594,0,0,68,0,68
31740,1.0,10.0,2.0,7.0,1.0,2.0,0.5,0.4,10.0,255,3362.4349270994926,0,0,64,0,64
31740,1.0,10.0,2.0,7.0,1.0,2.0,0.5,0.4,10.0,256,3243.043658874366,0,0,64,0,64
31740,1.0,10.0,2.0,7.0,1.0,2.0,0.5,0.4,10.0,257,2933.8045735929572,0,0,68,0,68
31740,1.0,10.0,2.0,7.0,1.0,2.0,0.5,0.4,10.0,258,2547.2557169911966,0,0,76,0,76
31740,1.0,10.0,2.0,7.0,1.0,2.0,0.5,0.4,10.0,259,2644.0696462389956,0,0,78,0,78
31740,1.0,10.0,2.0,7.0,1.0,2.0,0.5,0.4,10.0,260,2745.0870577987444,0,0,78,0,78
31740,1.0,10.0,2.0,7.0,1.0,2.0,0.5,0.4,10.0,261,2891.3588222484304,0,0,75,0,75
31740,1.0,10.0,2.0,7.0,1.0,2.0,0.5,0.4,10.0,262,2994.198527810538,0,0,74,0,74
31740,1.0,10.0,2.0,7.0,1.0,2.0,0.5,0.4,10.0,263,3022.7481597631727,0,0,67,0,67
31740,1.0,10.0,2.0,7.0,1.0,2.0,0.5,0.4,10.0,264,2998.4351997039657,0,0,70,0,70
31740,1.0,10.0,2.0,7.0,1.0,2.0,0.5,0.4,10.0,265,2808.0439996299574,0,0,75,0,75
31740,1.0,10.0,2.0,7.0,1.0,2.0,0.5,0.4,10.0,266,2590.0549995374467,0,0,71,0,71
31740,1.0,10.0,2.0,7.0,1.0,2.0,0.5,0.4,10.0,267,2537.568749421808,0,0,75,0,75
31740,1.0,10.0,2.0,7.0,1.0,2.0,0.5,0.4,10.0,268,2591.96093677726,0,0,72,0,72
31740,1.0,10.0,2.0,7.0,1.0,2.0,0.5,0.4,10.0,269,2659.9511709715753,0,0,74,0,74
31740,1.0,10.0,2.0,7.0,1.0,2.0,0.5,0.4,10.0,270,2644.938963714469,0,0,74,0,74
31740,1.0,10.0,2.0,7.0,1.0,2.0,0.5,0.4,10.0,271,2626.1737046430862,0,0,74,0,74
31740,1.0,10.0,2.0,7.0,1.0,2.0,0.5,0.4,10.0,272,2642.717130803858,0,0,72,0,72
31740,1.0,10.0,2.0,7.0,1.0,2.0,0.5,0.4,10.0,273,2543.3964135048222,0,0,69,0,69
31740,1.0,10.0,2.0,7.0,1.0,2.0,0.5,0.4,10.0,274,2359.245516881028,0,0,68,0,68
31740,1.0,10.0,2.0,7.0,1.0,2.0,0.5,0.4,10.0,275,2249.056896101285,0,0,74,0,74
31740,1.0,10.0,2.0,7.0,1.0,2.0,0.5,0.4,10.0,276,2371.3211201266063,0,0,77,0,77
31740,1.0,10.0,2.0,7.0,1.0,2.0,0.5,0.4,10.0,277,2404.1514001582577,0,0,72,0,72
31740,1.0,10.0,2.0,7.0,1.0,2.0,0.5,0.4,10.0,278,2585.1892501978223,0,0,69,0,69
31740,1.0,10.0,2.0,7.0,1.0,2.0,0.5,0.4,10.0,279,2731.4865627472777,0,0,63,0,63
31740,1.0,10.0,2.0,7.0,1.0,2.0,0.5,0.4,10.0,280,2874.358203434097,0,0,58,0,58
31740,1.0,10.0,2.0,7.0,1.0,2.0,0.5,0.4,10.0,281,2972.9477542926215,0,0,55,0,55
31740,1.0,10.0,2.0,7.0,1.0,2.0,0.5,0.4,10.0,282,2876.184692865777,0,0,54,0,54
31740,1.0,10.0,2.0,7.0,1.0,2.0,0.5,0.4,10.0,283,2715.230866082221,0,0,53,0,53
31740,1.0,10.0,2.0,7.0,1.0,2.0,0.5,0.4,10.0,284,2474.038582602776,0,0,56,0,56
31740,1.0,10.0,2.0,7.0,1.0,2.0,0.5,0.4,10.0,285,2092.54822825347,0,0,60,0,60
31740,1.0,10.0,2.0,7.0,1.0,2.0,0.5,0.4,10.0,286,2055.6852853168375,0,0,70,0,70
31740,1.0,10.0,2.0,7.0,1.0,2.0,0.5,0.4,10.0,287,2189.606606646047,0,0,68,0,68
31740,1.0,10.0,2.0,7.0,1.0,2.0,0.5,0.4,10.0,288,2377.008258307559,0,0,64,0,64
31740,1.0,10.0,2.0,7.0,1.0,2.0,0.5,0.4,10.0,289,2531.260322884449,0,0,56,0,56
31740,1.0,10.0,2.0,7.0,1.0,2.0,0.5,0.4,10.0,290,2724.0754036055614,0,0,56,0,56
31740,1.0,10.0,2.0,7.0,1.0,2.0,0.5,0.4,10.0,291,2905.094254506952,0,0,53,0,53
31740,1.0,10.0,2.0,7.0,1.0,2.0,0.5,0.4,10.0,292,2931.36781813369,0,0,53,0,53
31740,1.0,10.0,2.0,7.0,1.0,2.0,0.5,0.4,10.0,293,2804.2097726671127,0,0,55,0,55
31740,1.0,10.0,2.0,7.0,1.0,2.0,0.5,0.4,10.0,294,2485.262215833891,0,0,58,0,58
31740,1.0,10.0,2.0,7.0,1.0,2.0,0.5,0.4,10.0,295,2166.5777697923636,0,0,67,0,67
31740,1.0,10.0,2.0,7.0,1.0,2.0,0.5,0.4,10.0,296,2048.2222122404546,0,0,68,0,68
31740,1.0,10.0,2.0,7.0,1.0,2.0,0.5,0.4,10.0,297,2220.2777653005683,0,0,65,0,65
31740,1.0,10.0,2.0,7.0,1.0,2.0,0.5,0.4,10.0,298,2375.3472066257104,0,0,65,0,65
31740,1.0,10.0,2.0,7.0,1.0,2.0,0.5,0.4,10.0,299,2489.184008282138,0,0,57,0,57
31740,1.0,10.0,2.0,7.0,1.0,2.0,0.5,0.4,10.0,300,2711.4800103526727,0,0,57,0,57
31740,1.0,10.0,2.0,7.0,1.0,2.0,0.5,0.4,10.0,301,2889.3500129408408,0,0,55,0,55
31740,1.0,10.0,2.0,7.0,1.0,2.0,0.5,0.4,10.0,302,2951.687516176051,0,0,56,0,56
31740,1.0,10.0,2.0,7.0,1.0,2.0,0.5,0.4,10.0,303,2849.6093952200636,0,0,57,0,57
31740,1.0,10.0,2.0,7.0,1.0,2.0,0.5,0.4,10.0,304,2622.0117440250797,0,0,60,0,60
31740,1.0,10.0,2.0,7.0,1.0,2.0,0.5,0.4,10.0,305,2297.5146800313496,0,0,64,0,64
31740,1.0,10.0,2.0,7.0,1.0,2.0,0.5,0.4,10.0,306,2111.8933500391868,0,0,63,0,63
31740,1.0,10.0,2.0,7.0,1.0,2.0,0.5,0.4,10.0,307,2099.8666875489835,0,0,64,0,64
31740,1.0,10.0,2.0,7.0,1.0,2.0,0.5,0.4,10.0,308,2304.8333594362293,0,0,64,0,64
31740,1.0,10.0,2.0,7.0,1.0,2.0,0.5,0.4,10.0,309,2301.041699295287,0,0,59,0,59
31740,1.0,10.0,2.0,7.0,1.0,2.0,0.5,0.4,10.0,310,2476.3021241191086,0,0,55,0,55
31740,1.0,10.0,2.0,7.0,1.0,2.0,0.5,0.4,10.0,311,2595.377655148886,0,0,56,0,56
31740,1.0,10.0,2.0,7.0,1.0,2.0,0.5,0.4,10.0,312,2644.2220689361075,0,0,55,0,55
31740,1.0,10.0,2.0,7.0,1.0,2.0,0.5,0.4,10.0,313,2525.2775861701343,0,0,60,0,60
31740,1.0,10.0,2.0,7.0,1.0,2.0,0.5,0.4,10.0,314,2316.596982712668,0,0,61,0,61
31740,1.0,10.0,2.0,7.0,1.0,2.0,0.5,0.4,10.0,315,2175.746228390835,0,0,63,0,63
31740,1.0,10.0,2.0,7.0,1.0,2.0,0.5,0.4,10.0,316,2199.6827854885437,0,0,66,0,66
31740,1.0,10.0,2.0,7.0,1.0,2.0,0.5,0.4,10.0,317,2269.6034818606795,0,0,64,0,64
31740,1.0,10.0,2.0,7.0,1.0,2.0,0.5,0.4,10.0,318,2277.004352325849,0,0,61,0,61
31740,1.0,10.0,2.0,7.0,1.0,2.0,0.5,0.4,10.0,319,2406.2554404073117,0,0,55,0,55
31740,1.0,10.0,2.0,7.0,1.0,2.0,0.5,0.4,10.0,320,2387.81930050914,0,0,55,0,55
31740,1.0,10.0,2.0,7.0,1.0,2.0,0.5,0.4,10.0,321,2344.7741256364247,0,0,50,0,50
31740,1.0,10.0,2.0,7.0,1.0,2.0,0.5,0.4,10.0,322,2210.967657045531,0,0,55,0,55
31740,1.0,10.0,2.0,7.0,1.0,2.0,0.5,0.4,10.0,323,2023.7095713069134,0,0,61,0,61
31740,1.0,10.0,2.0,7.0,1.0,2.0,0.5,0.4,10.0,324,1969.6369641336419,0,0,63,0,63
31740,1.0,10.0,2.0,7.0,1.0,2.0,0.5,0.4,10.0,325,2142.0462051670524,0,0,64,0,64
31740,1.0,10.0,2.0,7.0,1.0,2.0,0.5,0.4,10.0,326,2217.5577564588157,0,0,59,0,59
31740,1.0,10.0,2.0,7.0,1.0,2.0,0.5,0.4,10.0,327,2391.94719557352,0,0,58,0,58
31740,1.0,10.0,2.0,7.0,1.0,2.0,0.5,0.4,10.0,328,2449.9339944669,0,0,55,0,55
31740,1.0,10.0,2.0,7.0,1.0,2.0,0.5,0.4,10.0,329,2642.4174930836252,0,0,48,0,48
31740,1.0,10.0,2.0,7.0,1.0,2.0,0.5,0.4,10.0,330,2503.0218663545315,0,0,52,0,52
31740,1.0,10.0,2.0,7.0,1.0,2.0,0.5,0.4,10.0,331,2268.7773329431643,0,0,56,0,56
31740,1.0,10.0,2.0,7.0,1.0,2.0,0.5,0.4,10.0,332,2035.9716661789553,0,0,59,0,59
31740,1.0,10.0,2.0,7.0,1.0,2.0,0.5,0.4,10.0,333,2024.964582723694,0,0,65,0,65
31740,1.0,10.0,2.0,7.0,1.0,2.0,0.5,0.4,10.0,334,2031.2057284046177,0,0,68,0,68
31740,1.0,10.0,2.0,7.0,1.0,2.0,0.5,0.4,10.0,335,2059.007160505772,0,0,65,0,65
31740,1.0,10.0,2.0,7.0,1.0,2.0,0.5,0.4,10.0,336,2233.7589506322147,0,0,61,0,61
31740,1.0,10.0,2.0,7.0,1.0,2.0,0.5,0.4,10.0,337,2392.1986882902684,0,0,57,0,57
31740,1.0,10.0,2.0,7.0,1.0,2.0,0.5,0.4,10.0,338,2590.2483603628352,0,0,54,0,54
31740,1.0,10.0,2.0,7.0,1.0,2.0,0.5,0.4,10.0,339,2737.810450453544,0,0,51,0,51
31740,1.0,10.0,2.0,7.0,1.0,2.0,0.5,0.4,10.0,340,2802.26306306693,0,0,47,0,47
31740,1.0,10.0,2.0,7.0,1.0,2.0,0.5,0.4,10.0,341,2682.8288288336626,0,0,51,0,51
31740,1.0,10.0,2.0,7.0,1.0,2.0,0.5,0.4,10.0,342,2493.536036042078,0,0,51,0,51
31740,1.0,10.0,2.0,7.0,1.0,2.0,0.5,0.4,10.0,343,2256.9200450525977,0,0,55,0,55
31740,1.0,10.0,2.0,7.0,1.0,2.0,0.5,0.4,10.0,344,1961.150056315747,0,0,61,0,61
31740,1.0,10.0,2.0,7.0,1.0,2.0,0.5,0.4,10.0,345,2111.4375703946835,0,0,64,0,64
31740,1.0,10.0,2.0,7.0,1.0,2.0,0.5,0.4,10.0,346,2219.296962993354,0,0,61,0,61
31740,1.0,10.0,2.0,7.0,1.0,2.0,0.5,0.4,10.0,347,2414.1212037416926,0,0,61,0,61
31740,1.0,10.0,2.0,7.0,1.0,2.0,0.5,0.4,10.0,348,2537.6515046771156,0,0,55,0,55
31740,1.0,10.0,2.0,7.0,1.0,2.0,0.5,0.4,10.0,349,2632.0643808463947,0,0,55,0,55
31740,1.0,10.0,2.0,7.0,1.0,2.0,0.5,0.4,10.0,350,2730.080476057993,0,0,56,0,56
31740,1.0,10.0,2.0,7.0,1.0,2.0,0.5,0.4,10.0,351,2732.600595072491,0,0,54,0,54
31740,1.0,10.0,2.0,7.0,1.0,2.0,0.5,0.4,10.0,352,2535.7507438406137,0,0,58,0,58
31740,1.0,10.0,2.0,7.0,1.0,2.0,0.5,0.4,10.0,353,2229.688429800767,0,0,60,0,60
31740,1.0,10.0,2.0,7.0,1.0,2.0,0.5,0.4,10.0,354,2167.110537250959,0,0,65,0,65
31740,1.0,10.0,2.0,7.0,1.0,2.0,0.5,0.4,10.0,355,2208.888171563699,0,0,65,0,65
31740,1.0,10.0,2.0,7.0,1.0,2.0,0.5,0.4,10.0,356,2181.110214454624,0,0,65,0,65
31740,1.0,10.0,2.0,7.0,1.0,2.0,0.5,0.4,10.0,357,2186.38776806828,0,0,63,0,63
31740,1.0,10.0,2.0,7.0,1.0,2.0,0.5,0.4,10.0,358,2172.98471008535,0,0,63,0,63
31740,1.0,10.0,2.0,7.0,1.0,2.0,0.5,0.4,10.0,359,2216.2308876066872,0,0,60,0,60
31740,1.0,10.0,2.0,7.0,1.0,2.0,0.5,0.4,10.0,360,2210.288609508359,0,0,58,0,58
31740,1.0,10.0,2.0,7.0,1.0,2.0,0.5,0.4,10.0,361,2262.860761885449,0,0,56,0,56
31740,1.0,10.0,2.0,7.0,1.0,2.0,0.5,0.4,10.0,362,2248.5759523568113,0,0,54,0,54
31740,1.0,10.0,2.0,7.0,1.0,2.0,0.5,0.4,10.0,363,2110.7199404460143,0,0,54,0,54
31740,1.0,10.0,2.0,7.0,1.0,2.0,0.5,0.4,10.0,364,1898.3999255575181,0,0,57,0,57
31740,1.0,10.0,2.0,7.0,1.0,2.0,0.5,0.4,10.0,365,1912.9999069468977,0,0,60,0,60
31740,1.0,10.0,2.0,7.0,1.0,2.0,0.5,0.4,10.0,366,2031.249883683622,0,0,60,0,60
31740,1.0,10.0,2.0,7.0,1.0,2.0,0.5,0.4,10.0,367,2139.0623546045276,0,0,57,0,57
31740,1.0,10.0,2.0,7.0,1.0,2.0,0.5,0.4,10.0,368,2213.8279432556596,0,0,54,0,54
31740,1.0,10.0,2.0,7.0,1.0,2.0,0.5,0.4,10.0,369,2247.2849290695744,0,0,50,0,50
31740,1.0,10.0,2.0,7.0,1.0,2.0,0.5,0.4,10.0,370,2309.106161336968,0,0,49,0,49
31740,1.0,10.0,2.0,7.0,1.0,2.0,0.5,0.4,10.0,371,2426.38270167121,0,0,46,0,46
31740,1.0,10.0,2.0,7.0,1.0,2.0,0.5,0.4,10.0,372,2312.978377089012,0,0,48,0,48
31740,1.0,10.0,2.0,7.0,1.0,2.0,0.5,0.4,10.0,373,2011.222971361265,0,0,54,0,54
31740,1.0,10.0,2.0,7.0,1.0,2.0,0.5,0.4,10.0,374,1954.0287142015814,0,0,59,0,59
31740,1.0,10.0,2.0,7.0,1.0,2.0,0.5,0.4,10.0,375,2082.5358927519765,0,0,59,0,59
31740,1.0,10.0,2.0,7.0,1.0,2.0,0.5,0.4,10.0,376,2183.169865939971,0,0,60,0,60
31740,1.0,10.0,2.0,7.0,1.0,2.0,0.5,0.4,10.0,377,2208.9623324249633,0,0,58,0,58
31740,1.0,10.0,2.0,7.0,1.0,2.0,0.5,0.4,10.0,378,2161.202915531204,0,0,54,0,54
31740,1.0,10.0,2.0,7.0,1.0,2.0,0.5,0.4,10.0,379,2121.503644414005,0,0,51,0,51
31740,1.0,10.0,2.0,7.0,1.0,2.0,0.5,0.4,10.0,380,1871.8795555175066,0,0,53,0,53
31740,1.0,10.0,2.0,7.0,1.0,2.0,0.5,0.4,10.0,381,1939.849444396883,0,0,55,0,55
31740,1.0,10.0,2.0,7.0,1.0,2.0,0.5,0.4,10.0,382,1944.8118054961037,0,0,55,0,55
31740,1.0,10.0,2.0,7.0,1.0,2.0,0.5,0.4,10.0,383,1951.0147568701295,0,0,56,0,56
31740,1.0,10.0,2.0,7.0,1.0,2.0,0.5,0.4,10.0,384,2018.7684460876617,0,0,56,0,56
31740,1.0,10.0,2.0,7.0,1.0,2.0,0.5,0.4,10.0,385,2003.4605576095773,0,0,51,0,51
31740,1.0,10.0,2.0,7.0,1.0,2.0,0.5,0.4,10.0,386,2024.325697011972,0,0,50,0,50
31740,1.0,10.0,2.0,7.0,1.0,2.0,0.5,0.4,10.0,387,1930.407121264965,0,0,51,0,51
31740,1.0,10.0,2.0,7.0,1.0,2.0,0.5,0.4,10.0,388,1853.0089015812064,0,0,52,0,52
31740,1.0,10.0,2.0,7.0,1.0,2.0,0.5,0.4,10.0,389,1776.261126976508,0,0,56,0,56
31740,1.0,10.0,2.0,7.0,1.0,2.0,0.5,0.4,10.0,390,1840.3264087206348,0,0,56,0,56
31740,1.0,10.0,2.0,7.0,1.0,2.0,0.5,0.4,10.0,391,1960.4080109007937,0,0,54,0,54
31740,1.0,10.0,2.0,7.0,1.0,2.0,0.5,0.4,10.0,392,2190.510013625992,0,0,50,0,50
31740,1.0,10.0,2.0,7.0,1.0,2.0,0.5,0.4,10.0,393,2298.13751703249,0,0,44,0,44
31740,1.0,10.0,2.0,7.0,1.0,2.0,0.5,0.4,10.0,394,2392.6718962906125,0,0,45,0,45
31740,1.0,10.0,2.0,7.0,1.0,2.0,0.5,0.4,10.0,395,2350.8398703632656,0,0,44,0,44
31740,1.0,10.0,2.0,7.0,1.0,2.0,0.5,0.4,10.0,396,2238.5498379540822,0,0,44,0,44
31740,1.0,10.0,2.0,7.0,1.0,2.0,0.5,0.4,10.0,397,2038.1872974426028,0,0,48,0,48
31740,1.0,10.0,2.0,7.0,1.0,2.0,0.5,0.4,10.0,398,1727.7341218032534,0,0,50,0,50
31740,1.0,10.0,2.0,7.0,1.0,2.0,0.5,0.4,10.0,399,1759.6676522540665,0,0,51,0,51
31740,1.0,10.0,2.0,7.0,1.0,2.0,0.5,0.4,10.0,400,1719.584565317583,0,0,47,0,47
31740,1.0,10.0,2.0,7.0,1.0,2.0,0.5,0.4,10.0,401,1689.4807066469784,0,0,46,0,46
31740,1.0,10.0,2.0,7.0,1.0,2.0,0.5,0.4,10.0,402,1691.850883308723,0,0,50,0,50
31740,1.0,10.0,2.0,7.0,1.0,2.0,0.5,0.4,10.0,403,1734.813604135904,0,0,47,0,47
31740,1.0,10.0,2.0,7.0,1.0,2.0,0.5,0.4,10.0,404,1688.5170051698797,0,0,46,0,46
31740,1.0,10.0,2.0,7.0,1.0,2.0,0.5,0.4,10.0,405,1590.6462564623498,0,0,48,0,48
31740,1.0,10.0,2.0,7.0,1.0,2.0,0.5,0.4,10.0,406,1628.3078205779373,0,0,50,0,50
31740,1.0,10.0,2.0,7.0,1.0,2.0,0.5,0.4,10.0,407,1695.3847757224216,0,0,46,0,46
31740,1.0,10.0,2.0,7.0,1.0,2.0,0.5,0.4,10.0,408,1859.230969653027,0,0,43,0,43
31740,1.0,10.0,2.0,7.0,1.0,2.0,0.5,0.4,10.0,409,1964.0387120662836,0,0,42,0,42
31740,1.0,10.0,2.0,7.0,1.0,2.0,0.5,0.4,10.0,410,2075.0483900828544,0,0,40,0,40
31740,1.0,10.0,2.0,7.0,1.0,2.0,0.5,0.4,10.0,411,2093.810487603568,0,0,41,0,41
31740,1.0,10.0,2.0,7.0,1.0,2.0,0.5,0.4,10.0,412,2017.2631095044603,0,0,42,0,42
31740,1.0,10.0,2.0,7.0,1.0,2.0,0.5,0.4,10.0,413,1821.5788868805753,0,0,45,0,45
31740,1.0,10.0,2.0,7.0,1.0,2.0,0.5,0.4,10.0,414,1596.9736086007192,0,0,47,0,47
31740,1.0,10.0,2.0,7.0,1.0,2.0,0.5,0.4,10.0,415,1536.2170107508991,0,0,50,0,50
31740,1.0,10.0,2.0,7.0,1.0,2.0,0.5,0.4,10.0,416,1600.271263438624,0,0,51,0,51
31740,1.0,10.0,2.0,7.0,1.0,2.0,0.5,0.4,10.0,417,1680.33907929828,0,0,48,0,48
31740,1.0,10.0,2.0,7.0,1.0,2.0,0.5,0.4,10.0,418,1780.4238491228498,0,0,44,0,44
31740,1.0,10.0,2.0,7.0,1.0,2.0,0.5,0.4,10.0,419,1905.5298114035622,0,0,41,0,41
31740,1.0,10.0,2.0,7.0,1.0,2.0,0.5,0.4,10.0,420,2001.9122642544526,0,0,39,0,39
31740,1.0,10.0,2.0,7.0,1.0,2.0,0.5,0.4,10.0,421,1982.390330318066,0,0,40,0,40
31740,1.0,10.0,2.0,7.0,1.0,2.0,0.5,0.4,10.0,422,1897.9879128975826,0,0,41,0,41
31740,1.0,10.0,2.0,7.0,1.0,2.0,0.5,0.4,10.0,423,1692.4848911219783,0,0,43,0,43
31740,1.0,10.0,2.0,7.0,1.0,2.0,0.5,0.4,10.0,424,1555.6061139024728,0,0,46,0,46
31740,1.0,10.0,2.0,7.0,1.0,2.0,0.5,0.4,10.0,425,1504.507642378091,0,0,48,0,48
31740,1.0,10.0,2.0,7.0,1.0,2.0,0.5,0.4,10.0,426,1640.6345529726138,0,0,44,0,44
31740,1.0,10.0,2.0,7.0,1.0,2.0,0.5,0.4,10.0,427,1730.7931912157674,0,0,41,0,41
31740,1.0,10.0,2.0,7.0,1.0,2.0,0.5,0.4,10.0,428,1823.4914890197092,0,0,42,0,42
31740,1.0,10.0,2.0,7.0,1.0,2.0,0.5,0.4,10.0,429,1899.3643612746364,0,0,35,0,35
31740,1.0,10.0,2.0,7.0,1.0,2.0,0.5,0.4,10.0,430,1874.2054515932955,0,0,37,0,37
31740,1.0,10.0,2.0,7.0,1.0,2.0,0.5,0.4,10.0,431,1782.7568144916195,0,0,36,0,36
31740,1.0,10.0,2.0,7.0,1.0,2.0,0.5,0.4,10.0,432,1548.4460181145241,0,0,39,0,39
31740,1.0,10.0,2.0,7.0,1.0,2.0,0.5,0.4,10.0,433,1455.5575226431552,0,0,44,0,44
31740,1.0,10.0,2.0,7.0,1.0,2.0,0.5,0.4,10.0,434,1519.446903303944,0,0,46,0,46
31740,1.0,10.0,2.0,7.0,1.0,2.0,0.5,0.4,10.0,435,1599.30862912993,0,0,47,0,47
31740,1.0,10.0,2.0,7.0,1.0,2.0,0.5,0.4,10.0,436,1659.1357864124125,0,0,47,0,47
31740,1.0,10.0,2.0,7.0,1.0,2.0,0.5,0.4,10.0,437,1853.9197330155157,0,0,40,0,40
31740,1.0,10.0,2.0,7.0,1.0,2.0,0.5,0.4,10.0,438,1957.3996662693944,0,0,36,0,36
31740,1.0,10.0,2.0,7.0,1.0,2.0,0.5,0.4,10.0,439,1966.7495828367428,0,0,36,0,36
31740,1.0,10.0,2.0,7.0,1.0,2.0,0.5,0.4,10.0,440,1938.4369785459285,0,0,36,0,36
31740,1.0,10.0,2.0,7.0,1.0,2.0,0.5,0.4,10.0,441,1803.0462231824104,0,0,39,0,39
31740,1.0,10.0,2.0,7.0,1.0,2.0,0.5,0.4,10.0,442,1533.8077789780127,0,0,44,0,44
31740,1.0,10.0,2.0,7.0,1.0,2.0,0.5,0.4,10.0,443,1437.259723722516,0,0,46,0,46
31740,1.0,10.0,2.0,7.0,1.0,2.0,0.5,0.4,10.0,444,1516.574654653145,0,0,48,0,48
31740,1.0,10.0,2.0,7.0,1.0,2.0,0.5,0.4,10.0,445,1575.7183183164311,0,0,44,0,44
31740,1.0,10.0,2.0,7.0,1.0,2.0,0.5,0.4,10.0,446,1749.6478978955388,0,0,38,0,38
31740,1.0,10.0,2.0,7.0,1.0,2.0,0.5,0.4,10.0,447,1947.0598723694234,0,0,35,0,35
31740,1.0,10.0,2.0,7.0,1.0,2.0,0.5,0.4,10.0,448,1993.8248404617793,0,0,36,0,36
31740,1.0,10.0,2.0,7.0,1.0,2.0,0.5,0.4,10.0,449,1892.281050577224,0,0,40,0,40
31740,1.0,10.0,2.0,7.0,1.0,2.0,0.5,0.4,10.0,450,1685.3513132215303,0,0,41,0,41
31740,1.0,10.0,2.0,7.0,1.0,2.0,0.5,0.4,10.0,451,1506.6891415269129,0,0,44,0,44
31740,1.0,10.0,2.0,7.0,1.0,2.0,0.5,0.4,10.0,452,1523.361426908641,0,0,46,0,46
31740,1.0,10.0,2.0,7.0,1.0,2.0,0.5,0.4,10.0,453,1544.2017836358013,0,0,50,0,50
31740,1.0,10.0,2.0,7.0,1.0,2.0,0.5,0.4,10.0,454,1650.2522295447516,0,0,45,0,45
31740,1.0,10.0,2.0,7.0,1.0,2.0,0.5,0.4,10.0,455,1642.8152869309397,0,0,43,0,43
31740,1.0,10.0,2.0,7.0,1.0,2.0,0.5,0.4,10.0,456,1673.5191086636746,0,0,42,0,42
31740,1.0,10.0,2.0,7.0,1.0,2.0,0.5,0.4,10.0,457,1671.8988858295934,0,0,41,0,41
31740,1.0,10.0,2.0,7.0,1.0,2.0,0.5,0.4,10.0,458,1589.8736072869915,0,0,40,0,40
31740,1.0,10.0,2.0,7.0,1.0,2.0,0.5,0.4,10.0,459,1507.3420091087394,0,0,40,0,40
31740,1.0,10.0,2.0,7.0,1.0,2.0,0.5,0.4,10.0,460,1424.1775113859242,0,0,40,0,40
31740,1.0,10.0,2.0,7.0,1.0,2.0,0.5,0.4,10.0,461,1380.2218892324051,0,0,43,0,43
31740,1.0,10.0,2.0,7.0,1.0,2.0,0.5,0.4,10.0,462,1365.2773615405065,0,0,40,0,40
31740,1.0,10.0,2.0,7.0,1.0,2.0,0.5,0.4,10.0,463,1406.5967019256332,0,0,42,0,42
31740,1.0,10.0,2.0,7.0,1.0,2.0,0.5,0.4,10.0,464,1478.2458774070415,0,0,39,0,39
31740,1.0,10.0,2.0,7.0,1.0,2.0,0.5,0.4,10.0,465,1567.807346758802,0,0,37,0,37
31740,1.0,10.0,2.0,7.0,1.0,2.0,0.5,0.4,10.0,466,1639.7591834485024,0,0,35,0,35
31740,1.0,10.0,2.0,7.0,1.0,2.0,0.5,0.4,10.0,467,1729.6989793106281,0,0,35,0,35
31740,1.0,10.0,2.0,7.0,1.0,2.0,0.5,0.4,10.0,468,1782.123724138285,0,0,35,0,35
31740,1.0,10.0,2.0,7.0,1.0,2.0,0.5,0.4,10.0,469,1767.654655172856,0,0,33,0,33
31740,1.0,10.0,2.0,7.0,1.0,2.0,0.5,0.4,10.0,470,1609.5683189660704,0,0,34,0,34
31740,1.0,10.0,2.0,7.0,1.0,2.0,0.5,0.4,10.0,471,1371.960398707588,0,0,41,0,41
31740,1.0,10.0,2.0,7.0,1.0,2.0,0.5,0.4,10.0,472,1294.950498384485,0,0,45,0,45
31740,1.0,10.0,2.0,7.0,1.0,2.0,0.5,0.4,10.0,473,1378.6881229806063,0,0,46,0,46
31740,1.0,10.0,2.0,7.0,1.0,2.0,0.5,0.4,10.0,474,1423.3601537257578,0,0,42,0,42
31740,1.0,10.0,2.0,7.0,1.0,2.0,0.5,0.4,10.0,475,1539.2001921571973,0,0,37,0,37
31740,1.0,10.0,2.0,7.0,1.0,2.0,0.5,0.4,10.0,476,1724.0002401964966,0,0,35,0,35
31740,1.0,10.0,2.0,7.0,1.0,2.0,0.5,0.4,10.0,477,1875.0003002456206,0,0,29,0,29
31740,1.0,10.0,2.0,7.0,1.0,2.0,0.5,0.4,10.0,478,2023.750375307026,0,0,28,0,28
31740,1.0,10.0,2.0,7.0,1.0,2.0,0.5,0.4,10.0,479,2049.6879691337826,0,0,30,0,30
31740,1.0,10.0,2.0,7.0,1.0,2.0,0.5,0.4,10.0,480,1982.109961417228,0,0,32,0,32
31740,1.0,10.0,2.0,7.0,1.0,2.0,0.5,0.4,10.0,481,1837.6374517715349,0,0,36,0,36
31740,1.0,10.0,2.0,7.0,1.0,2.0,0.5,0.4,10.0,482,1617.0468147144184,0,0,40,0,40
31740,1.0,10.0,2.0,7.0,1.0,2.0,0.5,0.4,10.0,483,1441.308518393023,0,0,48,0,48
31740,1.0,10.0,2.0,7.0,1.0,2.0,0.5,0.4,10.0,484,1461.6356479912788,0,0,49,0,49
31740,1.0,10.0,2.0,7.0,1.0,2.0,0.5,0.4,10.0,485,1467.0445599890986,0,0,49,0,49
31740,1.0,10.0,2.0,7.0,1.0,2.0,0.5,0.4,10.0,486,1533.8056999863734,0,0,49,0,49
31740,1.0,10.0,2.0,7.0,1.0,2.0,0.5,0.4,10.0,487,1637.2571249829666,0,0,46,0,46
31740,1.0,10.0,2.0,7.0,1.0,2.0,0.5,0.4,10.0,488,1706.5714062287084,0,0,43,0,43
31740,1.0,10.0,2.0,7.0,1.0,2.0,0.5,0.4,10.0,489,1813.2142577858854,0,0,45,0,45
31740,1.0,10.0,2.0,7.0,1.0,2.0,0.5,0.4,10.0,490,1926.5178222323566,0,0,41,0,41
31740,1.0,10.0,2.0,7.0,1.0,2.0,0.5,0.4,10.0,491,2008.1472777904455,0,0,41,0,41
31740,1.0,10.0,2.0,7.0,1.0,2.0,0.5,0.4,10.0,492,2010.184097238057,0,0,38,0,38
31740,1.0,10.0,2.0,7.0,1.0,2.0,0.5,0.4,10.0,493,1912.730121547571,0,0,39,0,39
31740,1.0,10.0,2.0,7.0,1.0,2.0,0.5,0.4,10.0,494,1650.9126519344636,0,0,43,0,43
31740,1.0,10.0,2.0,7.0,1.0,2.0,0.5,0.4,10.0,495,1483.6408149180797,0,0,41,0,41
31740,1.0,10.0,2.0,7.0,1.0,2.0,0.5,0.4,10.0,496,1394.5510186475997,0,0,41,0,41
31740,1.0,10.0,2.0,7.0,1.0,2.0,0.5,0.4,10.0,497,1443.1887733094995,0,0,43,0,43
31740,1.0,10.0,2.0,7.0,1.0,2.0,0.5,0.4,10.0,498,1443.9859666368743,0,0,39,0,39
31740,1.0,10.0,2.0,7.0,1.0,2.0,0.5,0.4,10.0,499,1384.9824582960928,0,0,39,0,39