Exp Num,agent:svo_convergence_factor,agent:params:metabolism,agent:params:consumption_factor,agent:params:procreate_cost_factor,agent:params:procreate_req_factor,agent:params:start_energy_factor,agent:params:caught_chance,agent:params:caught_cooldown_factor,agent:params:maximum_age,Epoch,Resource,A,B,C,D,E
30872,1.0,10.0,2.0,5.0,2.0,1.0,0.5,0.5,30.0,0,3000.0,20,26,13,29,71
30872,1.0,10.0,2.0,5.0,2.0,1.0,0.5,0.5,30.0,1,3270.0,20,26,13,29,71
30872,1.0,10.0,2.0,5.0,2.0,1.0,0.5,0.5,30.0,2,3347.5,11,17,12,25,51
30872,1.0,10.0,2.0,5.0,2.0,1.0,0.5,0.5,30.0,3,3664.375,9,16,11,24,47
30872,1.0,10.0,2.0,5.0,2.0,1.0,0.5,0.5,30.0,4,3820.46875,2,10,9,24,31
30872,1.0,10.0,2.0,5.0,2.0,1.0,0.5,0.5,30.0,5,3875.5859375,2,8,8,23,28
30872,1.0,10.0,2.0,5.0,2.0,1.0,0.5,0.5,30.0,6,3864.482421875,2,8,7,23,27
30872,1.0,10.0,2.0,5.0,2.0,1.0,0.5,0.5,30.0,7,3870.60302734375,2,7,7,23,26
30872,1.0,10.0,2.0,5.0,2.0,1.0,0.5,0.5,30.0,8,3858.2537841796875,2,7,7,23,26
30872,1.0,10.0,2.0,5.0,2.0,1.0,0.5,0.5,30.0,9,3842.8172302246094,3,7,7,23,27
30872,1.0,10.0,2.0,5.0,2.0,1.0,0.5,0.5,30.0,10,3803.5215377807617,3,9,9,24,31
30872,1.0,10.0,2.0,5.0,2.0,1.0,0.5,0.5,30.0,11,3654.401922225952,3,9,15,29,37
30872,1.0,10.0,2.0,5.0,2.0,1.0,0.5,0.5,30.0,12,3248.00240278244,3,9,20,36,43
30872,1.0,10.0,2.0,5.0,2.0,1.0,0.5,0.5,30.0,13,3020.0030034780502,3,10,22,40,46
30872,1.0,10.0,2.0,5.0,2.0,1.0,0.5,0.5,30.0,14,3255.003754347563,3,10,23,41,47
30872,1.0,10.0,2.0,5.0,2.0,1.0,0.5,0.5,30.0,15,3528.7546929344535,3,10,26,41,50
30872,1.0,10.0,2.0,5.0,2.0,1.0,0.5,0.5,30.0,16,3890.943366168067,3,10,28,42,52
30872,1.0,10.0,2.0,5.0,2.0,1.0,0.5,0.5,30.0,17,4303.679207710084,3,10,31,40,55
30872,1.0,10.0,2.0,5.0,2.0,1.0,0.5,0.5,30.0,18,4739.5990096376045,3,11,30,39,55
30872,1.0,10.0,2.0,5.0,2.0,1.0,0.5,0.5,30.0,19,4984.498762047006,2,10,30,37,53
30872,1.0,10.0,2.0,5.0,2.0,1.0,0.5,0.5,30.0,20,5010.623452558757,1,8,32,35,51
30872,1.0,10.0,2.0,5.0,2.0,1.0,0.5,0.5,30.0,21,4943.279315698446,1,7,35,34,52
30872,1.0,10.0,2.0,5.0,2.0,1.0,0.5,0.5,30.0,22,4679.099144623058,1,7,38,37,54
30872,1.0,10.0,2.0,5.0,2.0,1.0,0.5,0.5,30.0,23,4288.873930778823,0,8,42,37,58
30872,1.0,10.0,2.0,5.0,2.0,1.0,0.5,0.5,30.0,24,3701.0924134735287,0,8,46,38,62
30872,1.0,10.0,2.0,5.0,2.0,1.0,0.5,0.5,30.0,25,3746.365516841911,0,8,49,40,65
30872,1.0,10.0,2.0,5.0,2.0,1.0,0.5,0.5,30.0,26,3942.9568960523884,0,7,52,42,67
30872,1.0,10.0,2.0,5.0,2.0,1.0,0.5,0.5,30.0,27,4228.696120065486,0,7,53,45,67
30872,1.0,10.0,2.0,5.0,2.0,1.0,0.5,0.5,30.0,28,4605.870150081857,0,8,53,47,68
30872,1.0,10.0,2.0,5.0,2.0,1.0,0.5,0.5,30.0,29,5037.337687602321,0,8,52,48,67
30872,1.0,10.0,2.0,5.0,2.0,1.0,0.5,0.5,30.0,30,5716.672109502902,0,7,48,43,59
30872,1.0,10.0,2.0,5.0,2.0,1.0,0.5,0.5,30.0,31,6165.840136878627,0,5,48,38,55
30872,1.0,10.0,2.0,5.0,2.0,1.0,0.5,0.5,30.0,32,6767.300171098284,0,5,42,36,48
30872,1.0,10.0,2.0,5.0,2.0,1.0,0.5,0.5,30.0,33,7499.125213872856,0,5,39,33,44
30872,1.0,10.0,2.0,5.0,2.0,1.0,0.5,0.5,30.0,34,8273.90651734107,0,4,40,32,44
30872,1.0,10.0,2.0,5.0,2.0,1.0,0.5,0.5,30.0,35,8820.0,0,4,43,31,47
30872,1.0,10.0,2.0,5.0,2.0,1.0,0.5,0.5,30.0,36,8640.0,0,4,50,33,54
30872,1.0,10.0,2.0,5.0,2.0,1.0,0.5,0.5,30.0,37,8460.0,0,3,55,36,58
30872,1.0,10.0,2.0,5.0,2.0,1.0,0.5,0.5,30.0,38,8200.0,0,2,62,40,64
30872,1.0,10.0,2.0,5.0,2.0,1.0,0.5,0.5,30.0,39,7920.0,0,2,70,45,72
30872,1.0,10.0,2.0,5.0,2.0,1.0,0.5,0.5,30.0,40,7560.0,0,2,79,49,81
30872,1.0,10.0,2.0,5.0,2.0,1.0,0.5,0.5,30.0,41,6850.0,0,2,95,54,97
30872,1.0,10.0,2.0,5.0,2.0,1.0,0.5,0.5,30.0,42,5922.5,0,2,106,61,108
30872,1.0,10.0,2.0,5.0,2.0,1.0,0.5,0.5,30.0,43,6003.125,0,2,112,63,114
30872,1.0,10.0,2.0,5.0,2.0,1.0,0.5,0.5,30.0,44,6683.90625,0,2,116,60,118
30872,1.0,10.0,2.0,5.0,2.0,1.0,0.5,0.5,30.0,45,7574.8828125,0,2,120,59,122
30872,1.0,10.0,2.0,5.0,2.0,1.0,0.5,0.5,30.0,46,8588.603515625,0,2,122,58,124
30872,1.0,10.0,2.0,5.0,2.0,1.0,0.5,0.5,30.0,47,9040.0,0,2,122,59,124
30872,1.0,10.0,2.0,5.0,2.0,1.0,0.5,0.5,30.0,48,9060.0,0,2,115,53,117
30872,1.0,10.0,2.0,5.0,2.0,1.0,0.5,0.5,30.0,49,8960.0,0,2,106,51,108
30872,1.0,10.0,2.0,5.0,2.0,1.0,0.5,0.5,30.0,50,8380.0,0,1,98,45,99
30872,1.0,10.0,2.0,5.0,2.0,1.0,0.5,0.5,30.0,51,8240.0,0,0,92,44,92
30872,1.0,10.0,2.0,5.0,2.0,1.0,0.5,0.5,30.0,52,8220.0,0,0,90,40,90
30872,1.0,10.0,2.0,5.0,2.0,1.0,0.5,0.5,30.0,53,7960.0,0,0,97,36,97
30872,1.0,10.0,2.0,5.0,2.0,1.0,0.5,0.5,30.0,54,7710.0,0,0,104,34,104
30872,1.0,10.0,2.0,5.0,2.0,1.0,0.5,0.5,30.0,55,7117.5,0,0,115,35,115
30872,1.0,10.0,2.0,5.0,2.0,1.0,0.5,0.5,30.0,56,5996.875,0,0,127,37,127
30872,1.0,10.0,2.0,5.0,2.0,1.0,0.5,0.5,30.0,57,6096.09375,0,0,135,37,135
30872,1.0,10.0,2.0,5.0,2.0,1.0,0.5,0.5,30.0,58,6600.1171875,0,0,140,34,140
30872,1.0,10.0,2.0,5.0,2.0,1.0,0.5,0.5,30.0,59,7310.146484375,0,0,145,33,145
30872,1.0,10.0,2.0,5.0,2.0,1.0,0.5,0.5,30.0,60,8217.68310546875,0,0,148,32,148
30872,1.0,10.0,2.0,5.0,2.0,1.0,0.5,0.5,30.0,61,8980.0,0,0,148,30,148
30872,1.0,10.0,2.0,5.0,2.0,1.0,0.5,0.5,30.0,62,9040.0,0,0,141,27,141
30872,1.0,10.0,2.0,5.0,2.0,1.0,0.5,0.5,30.0,63,9000.0,0,0,136,23,136
30872,1.0,10.0,2.0,5.0,2.0,1.0,0.5,0.5,30.0,64,8740.0,0,0,123,19,123
30872,1.0,10.0,2.0,5.0,2.0,1.0,0.5,0.5,30.0,65,8540.0,0,0,119,13,119
30872,1.0,10.0,2.0,5.0,2.0,1.0,0.5,0.5,30.0,66,8420.0,0,0,116,9,116
30872,1.0,10.0,2.0,5.0,2.0,1.0,0.5,0.5,30.0,67,8260.0,0,0,113,7,113
30872,1.0,10.0,2.0,5.0,2.0,1.0,0.5,0.5,30.0,68,7900.0,0,0,122,6,122
30872,1.0,10.0,2.0,5.0,2.0,1.0,0.5,0.5,30.0,69,7495.0,0,0,132,6,132
30872,1.0,10.0,2.0,5.0,2.0,1.0,0.5,0.5,30.0,70,6668.75,0,0,148,6,148
30872,1.0,10.0,2.0,5.0,2.0,1.0,0.5,0.5,30.0,71,5815.9375,0,0,163,5,163
30872,1.0,10.0,2.0,5.0,2.0,1.0,0.5,0.5,30.0,72,6309.921875,0,0,165,5,165
30872,1.0,10.0,2.0,5.0,2.0,1.0,0.5,0.5,30.0,73,6767.40234375,0,0,171,4,171
30872,1.0,10.0,2.0,5.0,2.0,1.0,0.5,0.5,30.0,74,7359.2529296875,0,0,178,2,178
30872,1.0,10.0,2.0,5.0,2.0,1.0,0.5,0.5,30.0,75,8099.066162109375,0,0,183,2,183
30872,1.0,10.0,2.0,5.0,2.0,1.0,0.5,0.5,30.0,76,8880.0,0,0,176,2,176
30872,1.0,10.0,2.0,5.0,2.0,1.0,0.5,0.5,30.0,77,8720.0,0,0,168,2,168
30872,1.0,10.0,2.0,5.0,2.0,1.0,0.5,0.5,30.0,78,8740.0,0,0,166,2,166
30872,1.0,10.0,2.0,5.0,2.0,1.0,0.5,0.5,30.0,79,8640.0,0,0,157,1,157
30872,1.0,10.0,2.0,5.0,2.0,1.0,0.5,0.5,30.0,80,8280.0,0,0,148,1,148
30872,1.0,10.0,2.0,5.0,2.0,1.0,0.5,0.5,30.0,81,8080.0,0,0,141,1,141
30872,1.0,10.0,2.0,5.0,2.0,1.0,0.5,0.5,30.0,82,7820.0,0,0,137,1,137
30872,1.0,10.0,2.0,5.0,2.0,1.0,0.5,0.5,30.0,83,7335.0,0,0,145,1,145
30872,1.0,10.0,2.0,5.0,2.0,1.0,0.5,0.5,30.0,84,6328.75,0,0,161,1,161
30872,1.0,10.0,2.0,5.0,2.0,1.0,0.5,0.5,30.0,85,6090.9375,0,0,174,1,174
30872,1.0,10.0,2.0,5.0,2.0,1.0,0.5,0.5,30.0,86,6513.671875,0,0,182,1,182
30872,1.0,10.0,2.0,5.0,2.0,1.0,0.5,0.5,30.0,87,7182.08984375,0,0,186,0,186
30872,1.0,10.0,2.0,5.0,2.0,1.0,0.5,0.5,30.0,88,7917.6123046875,0,0,190,0,190
30872,1.0,10.0,2.0,5.0,2.0,1.0,0.5,0.5,30.0,89,8817.015380859375,0,0,185,0,185
30872,1.0,10.0,2.0,5.0,2.0,1.0,0.5,0.5,30.0,90,8880.0,0,0,183,0,183
30872,1.0,10.0,2.0,5.0,2.0,1.0,0.5,0.5,30.0,91,8900.0,0,0,174,0,174
30872,1.0,10.0,2.0,5.0,2.0,1.0,0.5,0.5,30.0,92,8700.0,0,0,165,0,165
30872,1.0,10.0,2.0,5.0,2.0,1.0,0.5,0.5,30.0,93,8500.0,0,0,151,0,151
30872,1.0,10.0,2.0,5.0,2.0,1.0,0.5,0.5,30.0,94,8380.0,0,0,135,0,135
30872,1.0,10.0,2.0,5.0,2.0,1.0,0.5,0.5,30.0,95,8040.0,0,0,136,0,136
30872,1.0,10.0,2.0,5.0,2.0,1.0,0.5,0.5,30.0,96,7940.0,0,0,137,0,137
30872,1.0,10.0,2.0,5.0,2.0,1.0,0.5,0.5,30.0,97,7525.0,0,0,145,0,145
30872,1.0,10.0,2.0,5.0,2.0,1.0,0.5,0.5,30.0,98,6666.25,0,0,158,0,158
30872,1.0,10.0,2.0,5.0,2.0,1.0,0.5,0.5,30.0,99,5932.8125,0,0,167,0,167
30872,1.0,10.0,2.0,5.0,2.0,1.0,0.5,0.5,30.0,100,6056.015625,0,0,172,0,172
30872,1.0,10.0,2.0,5.0,2.0,1.0,0.5,0.5,30.0,101,6630.01953125,0,0,177,0,177
30872,1.0,10.0,2.0,5.0,2.0,1.0,0.5,0.5,30.0,102,7407.5244140625,0,0,182,0,182
30872,1.0,10.0,2.0,5.0,2.0,1.0,0.5,0.5,30.0,103,8219.405517578125,0,0,186,0,186
30872,1.0,10.0,2.0,5.0,2.0,1.0,0.5,0.5,30.0,104,8800.0,0,0,185,0,185
30872,1.0,10.0,2.0,5.0,2.0,1.0,0.5,0.5,30.0,105,8960.0,0,0,175,0,175
30872,1.0,10.0,2.0,5.0,2.0,1.0,0.5,0.5,30.0,106,8920.0,0,0,162,0,162
30872,1.0,10.0,2.0,5.0,2.0,1.0,0.5,0.5,30.0,107,8620.0,0,0,150,0,150
30872,1.0,10.0,2.0,5.0,2.0,1.0,0.5,0.5,30.0,108,8420.0,0,0,131,0,131
30872,1.0,10.0,2.0,5.0,2.0,1.0,0.5,0.5,30.0,109,8060.0,0,0,134,0,134
30872,1.0,10.0,2.0,5.0,2.0,1.0,0.5,0.5,30.0,110,7820.0,0,0,134,0,134
30872,1.0,10.0,2.0,5.0,2.0,1.0,0.5,0.5,30.0,111,7375.0,0,0,136,0,136
30872,1.0,10.0,2.0,5.0,2.0,1.0,0.5,0.5,30.0,112,6598.75,0,0,150,0,150
30872,1.0,10.0,2.0,5.0,2.0,1.0,0.5,0.5,30.0,113,5748.4375,0,0,166,0,166
30872,1.0,10.0,2.0,5.0,2.0,1.0,0.5,0.5,30.0,114,6165.546875,0,0,176,0,176
30872,1.0,10.0,2.0,5.0,2.0,1.0,0.5,0.5,30.0,115,6686.93359375,0,0,180,0,180
30872,1.0,10.0,2.0,5.0,2.0,1.0,0.5,0.5,30.0,116,7478.6669921875,0,0,181,0,181
30872,1.0,10.0,2.0,5.0,2.0,1.0,0.5,0.5,30.0,117,8368.333740234375,0,0,182,0,182
30872,1.0,10.0,2.0,5.0,2.0,1.0,0.5,0.5,30.0,118,9080.0,0,0,182,0,182
30872,1.0,10.0,2.0,5.0,2.0,1.0,0.5,0.5,30.0,119,9060.0,0,0,165,0,165
30872,1.0,10.0,2.0,5.0,2.0,1.0,0.5,0.5,30.0,120,8740.0,0,0,153,0,153
30872,1.0,10.0,2.0,5.0,2.0,1.0,0.5,0.5,30.0,121,8540.0,0,0,139,0,139
30872,1.0,10.0,2.0,5.0,2.0,1.0,0.5,0.5,30.0,122,8480.0,0,0,124,0,124
30872,1.0,10.0,2.0,5.0,2.0,1.0,0.5,0.5,30.0,123,8260.0,0,0,124,0,124
30872,1.0,10.0,2.0,5.0,2.0,1.0,0.5,0.5,30.0,124,8080.0,0,0,122,0,122
30872,1.0,10.0,2.0,5.0,2.0,1.0,0.5,0.5,30.0,125,7720.0,0,0,133,0,133
30872,1.0,10.0,2.0,5.0,2.0,1.0,0.5,0.5,30.0,126,7050.0,0,0,150,0,150
30872,1.0,10.0,2.0,5.0,2.0,1.0,0.5,0.5,30.0,127,5932.5,0,0,169,0,169
30872,1.0,10.0,2.0,5.0,2.0,1.0,0.5,0.5,30.0,128,6155.625,0,0,179,0,179
30872,1.0,10.0,2.0,5.0,2.0,1.0,0.5,0.5,30.0,129,6694.53125,0,0,182,0,182
30872,1.0,10.0,2.0,5.0,2.0,1.0,0.5,0.5,30.0,130,7488.1640625,0,0,186,0,186
30872,1.0,10.0,2.0,5.0,2.0,1.0,0.5,0.5,30.0,131,8440.205078125,0,0,191,0,191
30872,1.0,10.0,2.0,5.0,2.0,1.0,0.5,0.5,30.0,132,9060.0,0,0,186,0,186
30872,1.0,10.0,2.0,5.0,2.0,1.0,0.5,0.5,30.0,133,9040.0,0,0,174,0,174
30872,1.0,10.0,2.0,5.0,2.0,1.0,0.5,0.5,30.0,134,8960.0,0,0,158,0,158
30872,1.0,10.0,2.0,5.0,2.0,1.0,0.5,0.5,30.0,135,8600.0,0,0,142,0,142
30872,1.0,10.0,2.0,5.0,2.0,1.0,0.5,0.5,30.0,136,8420.0,0,0,136,0,136
30872,1.0,10.0,2.0,5.0,2.0,1.0,0.5,0.5,30.0,137,8380.0,0,0,123,0,123
30872,1.0,10.0,2.0,5.0,2.0,1.0,0.5,0.5,30.0,138,8040.0,0,0,128,0,128
30872,1.0,10.0,2.0,5.0,2.0,1.0,0.5,0.5,30.0,139,7720.0,0,0,138,0,138
30872,1.0,10.0,2.0,5.0,2.0,1.0,0.5,0.5,30.0,140,7110.0,0,0,151,0,151
30872,1.0,10.0,2.0,5.0,2.0,1.0,0.5,0.5,30.0,141,5987.5,0,0,168,0,168
30872,1.0,10.0,2.0,5.0,2.0,1.0,0.5,0.5,30.0,142,6004.375,0,0,179,0,179
30872,1.0,10.0,2.0,5.0,2.0,1.0,0.5,0.5,30.0,143,6765.46875,0,0,182,0,182
30872,1.0,10.0,2.0,5.0,2.0,1.0,0.5,0.5,30.0,144,7736.8359375,0,0,183,0,183
30872,1.0,10.0,2.0,5.0,2.0,1.0,0.5,0.5,30.0,145,9051.044921875,0,0,183,0,183
30872,1.0,10.0,2.0,5.0,2.0,1.0,0.5,0.5,30.0,146,9240.0,0,0,175,0,175
30872,1.0,10.0,2.0,5.0,2.0,1.0,0.5,0.5,30.0,147,9200.0,0,0,162,0,162
30872,1.0,10.0,2.0,5.0,2.0,1.0,0.5,0.5,30.0,148,8960.0,0,0,154,0,154
30872,1.0,10.0,2.0,5.0,2.0,1.0,0.5,0.5,30.0,149,8680.0,0,0,138,0,138
30872,1.0,10.0,2.0,5.0,2.0,1.0,0.5,0.5,30.0,150,8540.0,0,0,126,0,126
30872,1.0,10.0,2.0,5.0,2.0,1.0,0.5,0.5,30.0,151,8620.0,0,0,113,0,113
30872,1.0,10.0,2.0,5.0,2.0,1.0,0.5,0.5,30.0,152,8400.0,0,0,107,0,107
30872,1.0,10.0,2.0,5.0,2.0,1.0,0.5,0.5,30.0,153,8260.0,0,0,106,0,106
30872,1.0,10.0,2.0,5.0,2.0,1.0,0.5,0.5,30.0,154,7940.0,0,0,118,0,118
30872,1.0,10.0,2.0,5.0,2.0,1.0,0.5,0.5,30.0,155,7585.0,0,0,131,0,131
30872,1.0,10.0,2.0,5.0,2.0,1.0,0.5,0.5,30.0,156,6861.25,0,0,148,0,148
30872,1.0,10.0,2.0,5.0,2.0,1.0,0.5,0.5,30.0,157,5796.5625,0,0,168,0,168
30872,1.0,10.0,2.0,5.0,2.0,1.0,0.5,0.5,30.0,158,6125.703125,0,0,173,0,173
30872,1.0,10.0,2.0,5.0,2.0,1.0,0.5,0.5,30.0,159,6757.12890625,0,0,177,0,177
30872,1.0,10.0,2.0,5.0,2.0,1.0,0.5,0.5,30.0,160,7586.4111328125,0,0,176,0,176
30872,1.0,10.0,2.0,5.0,2.0,1.0,0.5,0.5,30.0,161,8463.013916015625,0,0,181,0,181
30872,1.0,10.0,2.0,5.0,2.0,1.0,0.5,0.5,30.0,162,8980.0,0,0,173,0,173
30872,1.0,10.0,2.0,5.0,2.0,1.0,0.5,0.5,30.0,163,9000.0,0,0,170,0,170
30872,1.0,10.0,2.0,5.0,2.0,1.0,0.5,0.5,30.0,164,8960.0,0,0,157,0,157
30872,1.0,10.0,2.0,5.0,2.0,1.0,0.5,0.5,30.0,165,8700.0,0,0,143,0,143
30872,1.0,10.0,2.0,5.0,2.0,1.0,0.5,0.5,30.0,166,8580.0,0,0,129,0,129
30872,1.0,10.0,2.0,5.0,2.0,1.0,0.5,0.5,30.0,167,8520.0,0,0,115,0,115
30872,1.0,10.0,2.0,5.0,2.0,1.0,0.5,0.5,30.0,168,8300.0,0,0,117,0,117
30872,1.0,10.0,2.0,5.0,2.0,1.0,0.5,0.5,30.0,169,7880.0,0,0,128,0,128
30872,1.0,10.0,2.0,5.0,2.0,1.0,0.5,0.5,30.0,170,7370.0,0,0,146,0,146
30872,1.0,10.0,2.0,5.0,2.0,1.0,0.5,0.5,30.0,171,6372.5,0,0,164,0,164
30872,1.0,10.0,2.0,5.0,2.0,1.0,0.5,0.5,30.0,172,6185.625,0,0,169,0,169
30872,1.0,10.0,2.0,5.0,2.0,1.0,0.5,0.5,30.0,173,6412.03125,0,0,177,0,177
30872,1.0,10.0,2.0,5.0,2.0,1.0,0.5,0.5,30.0,174,6715.0390625,0,0,182,0,182
30872,1.0,10.0,2.0,5.0,2.0,1.0,0.5,0.5,30.0,175,7113.798828125,0,0,186,0,186
30872,1.0,10.0,2.0,5.0,2.0,1.0,0.5,0.5,30.0,176,7632.24853515625,0,0,187,0,187
30872,1.0,10.0,2.0,5.0,2.0,1.0,0.5,0.5,30.0,177,8380.310668945312,0,0,183,0,183
30872,1.0,10.0,2.0,5.0,2.0,1.0,0.5,0.5,30.0,178,8800.0,0,0,174,0,174
30872,1.0,10.0,2.0,5.0,2.0,1.0,0.5,0.5,30.0,179,8580.0,0,0,170,0,170
30872,1.0,10.0,2.0,5.0,2.0,1.0,0.5,0.5,30.0,180,8520.0,0,0,162,0,162
30872,1.0,10.0,2.0,5.0,2.0,1.0,0.5,0.5,30.0,181,8280.0,0,0,153,0,153
30872,1.0,10.0,2.0,5.0,2.0,1.0,0.5,0.5,30.0,182,8020.0,0,0,147,0,147
30872,1.0,10.0,2.0,5.0,2.0,1.0,0.5,0.5,30.0,183,7660.0,0,0,152,0,152
30872,1.0,10.0,2.0,5.0,2.0,1.0,0.5,0.5,30.0,184,6955.0,0,0,162,0,162
30872,1.0,10.0,2.0,5.0,2.0,1.0,0.5,0.5,30.0,185,6113.75,0,0,171,0,171
30872,1.0,10.0,2.0,5.0,2.0,1.0,0.5,0.5,30.0,186,6182.1875,0,0,176,0,176
30872,1.0,10.0,2.0,5.0,2.0,1.0,0.5,0.5,30.0,187,6787.734375,0,0,180,0,180
30872,1.0,10.0,2.0,5.0,2.0,1.0,0.5,0.5,30.0,188,7444.66796875,0,0,182,0,182
30872,1.0,10.0,2.0,5.0,2.0,1.0,0.5,0.5,30.0,189,8365.8349609375,0,0,183,0,183
30872,1.0,10.0,2.0,5.0,2.0,1.0,0.5,0.5,30.0,190,8960.0,0,0,180,0,180
30872,1.0,10.0,2.0,5.0,2.0,1.0,0.5,0.5,30.0,191,8860.0,0,0,170,0,170
30872,1.0,10.0,2.0,5.0,2.0,1.0,0.5,0.5,30.0,192,8820.0,0,0,158,0,158
30872,1.0,10.0,2.0,5.0,2.0,1.0,0.5,0.5,30.0,193,8480.0,0,0,150,0,150
30872,1.0,10.0,2.0,5.0,2.0,1.0,0.5,0.5,30.0,194,8300.0,0,0,143,0,143
30872,1.0,10.0,2.0,5.0,2.0,1.0,0.5,0.5,30.0,195,8240.0,0,0,134,0,134
30872,1.0,10.0,2.0,5.0,2.0,1.0,0.5,0.5,30.0,196,7980.0,0,0,133,0,133
30872,1.0,10.0,2.0,5.0,2.0,1.0,0.5,0.5,30.0,197,7715.0,0,0,140,0,140
30872,1.0,10.0,2.0,5.0,2.0,1.0,0.5,0.5,30.0,198,6983.75,0,0,158,0,158
30872,1.0,10.0,2.0,5.0,2.0,1.0,0.5,0.5,30.0,199,6049.6875,0,0,171,0,171
30872,1.0,10.0,2.0,5.0,2.0,1.0,0.5,0.5,30.0,200,6342.109375,0,0,177,0,177
30872,1.0,10.0,2.0,5.0,2.0,1.0,0.5,0.5,30.0,201,6927.63671875,0,0,180,0,180
30872,1.0,10.0,2.0,5.0,2.0,1.0,0.5,0.5,30.0,202,7499.5458984375,0,0,183,0,183
30872,1.0,10.0,2.0,5.0,2.0,1.0,0.5,0.5,30.0,203,8234.432373046875,0,0,190,0,190
30872,1.0,10.0,2.0,5.0,2.0,1.0,0.5,0.5,30.0,204,8800.0,0,0,188,0,188
30872,1.0,10.0,2.0,5.0,2.0,1.0,0.5,0.5,30.0,205,8720.0,0,0,177,0,177
30872,1.0,10.0,2.0,5.0,2.0,1.0,0.5,0.5,30.0,206,8660.0,0,0,165,0,165
30872,1.0,10.0,2.0,5.0,2.0,1.0,0.5,0.5,30.0,207,8520.0,0,0,155,0,155
30872,1.0,10.0,2.0,5.0,2.0,1.0,0.5,0.5,30.0,208,8280.0,0,0,145,0,145
30872,1.0,10.0,2.0,5.0,2.0,1.0,0.5,0.5,30.0,209,7980.0,0,0,143,0,143
30872,1.0,10.0,2.0,5.0,2.0,1.0,0.5,0.5,30.0,210,7635.0,0,0,145,0,145
30872,1.0,10.0,2.0,5.0,2.0,1.0,0.5,0.5,30.0,211,6823.75,0,0,158,0,158
30872,1.0,10.0,2.0,5.0,2.0,1.0,0.5,0.5,30.0,212,5969.6875,0,0,167,0,167
30872,1.0,10.0,2.0,5.0,2.0,1.0,0.5,0.5,30.0,213,6082.109375,0,0,172,0,172
30872,1.0,10.0,2.0,5.0,2.0,1.0,0.5,0.5,30.0,214,6482.63671875,0,0,178,0,178
30872,1.0,10.0,2.0,5.0,2.0,1.0,0.5,0.5,30.0,215,7283.2958984375,0,0,182,0,182
30872,1.0,10.0,2.0,5.0,2.0,1.0,0.5,0.5,30.0,216,7964.119873046875,0,0,189,0,189
30872,1.0,10.0,2.0,5.0,2.0,1.0,0.5,0.5,30.0,217,8735.149841308594,0,0,186,0,186
30872,1.0,10.0,2.0,5.0,2.0,1.0,0.5,0.5,30.0,218,8820.0,0,0,177,0,177
30872,1.0,10.0,2.0,5.0,2.0,1.0,0.5,0.5,30.0,219,8700.0,0,0,169,0,169
30872,1.0,10.0,2.0,5.0,2.0,1.0,0.5,0.5,30.0,220,8680.0,0,0,158,0,158
30872,1.0,10.0,2.0,5.0,2.0,1.0,0.5,0.5,30.0,221,8380.0,0,0,142,0,142
30872,1.0,10.0,2.0,5.0,2.0,1.0,0.5,0.5,30.0,222,8040.0,0,0,139,0,139
30872,1.0,10.0,2.0,5.0,2.0,1.0,0.5,0.5,30.0,223,7720.0,0,0,140,0,140
30872,1.0,10.0,2.0,5.0,2.0,1.0,0.5,0.5,30.0,224,7130.0,0,0,147,0,147
30872,1.0,10.0,2.0,5.0,2.0,1.0,0.5,0.5,30.0,225,6092.5,0,0,164,0,164
30872,1.0,10.0,2.0,5.0,2.0,1.0,0.5,0.5,30.0,226,5995.625,0,0,170,0,170
30872,1.0,10.0,2.0,5.0,2.0,1.0,0.5,0.5,30.0,227,6474.53125,0,0,175,0,175
30872,1.0,10.0,2.0,5.0,2.0,1.0,0.5,0.5,30.0,228,6953.1640625,0,0,180,0,180
30872,1.0,10.0,2.0,5.0,2.0,1.0,0.5,0.5,30.0,229,7551.455078125,0,0,185,0,185
30872,1.0,10.0,2.0,5.0,2.0,1.0,0.5,0.5,30.0,230,8219.31884765625,0,0,182,0,182
30872,1.0,10.0,2.0,5.0,2.0,1.0,0.5,0.5,30.0,231,8840.0,0,0,175,0,175
30872,1.0,10.0,2.0,5.0,2.0,1.0,0.5,0.5,30.0,232,8940.0,0,0,166,0,166
30872,1.0,10.0,2.0,5.0,2.0,1.0,0.5,0.5,30.0,233,8520.0,0,0,167,0,167
30872,1.0,10.0,2.0,5.0,2.0,1.0,0.5,0.5,30.0,234,8500.0,0,0,152,0,152
30872,1.0,10.0,2.0,5.0,2.0,1.0,0.5,0.5,30.0,235,8280.0,0,0,140,0,140
30872,1.0,10.0,2.0,5.0,2.0,1.0,0.5,0.5,30.0,236,8060.0,0,0,130,0,130
30872,1.0,10.0,2.0,5.0,2.0,1.0,0.5,0.5,30.0,237,7800.0,0,0,135,0,135
30872,1.0,10.0,2.0,5.0,2.0,1.0,0.5,0.5,30.0,238,7170.0,0,0,153,0,153
30872,1.0,10.0,2.0,5.0,2.0,1.0,0.5,0.5,30.0,239,6002.5,0,0,170,0,170
30872,1.0,10.0,2.0,5.0,2.0,1.0,0.5,0.5,30.0,240,6123.125,0,0,178,0,178
30872,1.0,10.0,2.0,5.0,2.0,1.0,0.5,0.5,30.0,241,6833.90625,0,0,182,0,182
30872,1.0,10.0,2.0,5.0,2.0,1.0,0.5,0.5,30.0,242,7642.3828125,0,0,187,0,187
30872,1.0,10.0,2.0,5.0,2.0,1.0,0.5,0.5,30.0,243,8612.978515625,0,0,190,0,190
30872,1.0,10.0,2.0,5.0,2.0,1.0,0.5,0.5,30.0,244,9140.0,0,0,188,0,188
30872,1.0,10.0,2.0,5.0,2.0,1.0,0.5,0.5,30.0,245,9120.0,0,0,173,0,173
30872,1.0,10.0,2.0,5.0,2.0,1.0,0.5,0.5,30.0,246,9000.0,0,0,158,0,158
30872,1.0,10.0,2.0,5.0,2.0,1.0,0.5,0.5,30.0,247,8600.0,0,0,149,0,149
30872,1.0,10.0,2.0,5.0,2.0,1.0,0.5,0.5,30.0,248,8560.0,0,0,136,0,136
30872,1.0,10.0,2.0,5.0,2.0,1.0,0.5,0.5,30.0,249,8500.0,0,0,117,0,117
30872,1.0,10.0,2.0,5.0,2.0,1.0,0.5,0.5,30.0,250,8200.0,0,0,119,0,119
30872,1.0,10.0,2.0,5.0,2.0,1.0,0.5,0.5,30.0,251,8020.0,0,0,121,0,121
30872,1.0,10.0,2.0,5.0,2.0,1.0,0.5,0.5,30.0,252,7740.0,0,0,130,0,130
30872,1.0,10.0,2.0,5.0,2.0,1.0,0.5,0.5,30.0,253,7095.0,0,0,148,0,148
30872,1.0,10.0,2.0,5.0,2.0,1.0,0.5,0.5,30.0,254,5948.75,0,0,166,0,166
30872,1.0,10.0,2.0,5.0,2.0,1.0,0.5,0.5,30.0,255,6095.9375,0,0,175,0,175
30872,1.0,10.0,2.0,5.0,2.0,1.0,0.5,0.5,30.0,256,6679.921875,0,0,180,0,180
30872,1.0,10.0,2.0,5.0,2.0,1.0,0.5,0.5,30.0,257,7249.90234375,0,0,185,0,185
30872,1.0,10.0,2.0,5.0,2.0,1.0,0.5,0.5,30.0,258,7942.3779296875,0,0,189,0,189
30872,1.0,10.0,2.0,5.0,2.0,1.0,0.5,0.5,30.0,259,8867.972412109375,0,0,189,0,189
30872,1.0,10.0,2.0,5.0,2.0,1.0,0.5,0.5,30.0,260,8840.0,0,0,177,0,177
30872,1.0,10.0,2.0,5.0,2.0,1.0,0.5,0.5,30.0,261,8860.0,0,0,164,0,164
30872,1.0,10.0,2.0,5.0,2.0,1.0,0.5,0.5,30.0,262,8440.0,0,0,151,0,151
30872,1.0,10.0,2.0,5.0,2.0,1.0,0.5,0.5,30.0,263,8400.0,0,0,139,0,139
30872,1.0,10.0,2.0,5.0,2.0,1.0,0.5,0.5,30.0,264,8260.0,0,0,132,0,132
30872,1.0,10.0,2.0,5.0,2.0,1.0,0.5,0.5,30.0,265,7960.0,0,0,137,0,137
30872,1.0,10.0,2.0,5.0,2.0,1.0,0.5,0.5,30.0,266,7710.0,0,0,145,0,145
30872,1.0,10.0,2.0,5.0,2.0,1.0,0.5,0.5,30.0,267,6997.5,0,0,159,0,159
30872,1.0,10.0,2.0,5.0,2.0,1.0,0.5,0.5,30.0,268,6146.875,0,0,173,0,173
30872,1.0,10.0,2.0,5.0,2.0,1.0,0.5,0.5,30.0,269,6343.59375,0,0,177,0,177
30872,1.0,10.0,2.0,5.0,2.0,1.0,0.5,0.5,30.0,270,6829.4921875,0,0,181,0,181
30872,1.0,10.0,2.0,5.0,2.0,1.0,0.5,0.5,30.0,271,7376.865234375,0,0,185,0,185
30872,1.0,10.0,2.0,5.0,2.0,1.0,0.5,0.5,30.0,272,7981.08154296875,0,0,193,0,193
30872,1.0,10.0,2.0,5.0,2.0,1.0,0.5,0.5,30.0,273,8536.351928710938,0,0,192,0,192
30872,1.0,10.0,2.0,5.0,2.0,1.0,0.5,0.5,30.0,274,8660.0,0,0,184,0,184
30872,1.0,10.0,2.0,5.0,2.0,1.0,0.5,0.5,30.0,275,8380.0,0,0,174,0,174
30872,1.0,10.0,2.0,5.0,2.0,1.0,0.5,0.5,30.0,276,8260.0,0,0,171,0,171
30872,1.0,10.0,2.0,5.0,2.0,1.0,0.5,0.5,30.0,277,8240.0,0,0,163,0,163
30872,1.0,10.0,2.0,5.0,2.0,1.0,0.5,0.5,30.0,278,7820.0,0,0,164,0,164
30872,1.0,10.0,2.0,5.0,2.0,1.0,0.5,0.5,30.0,279,7535.0,0,0,162,0,162
30872,1.0,10.0,2.0,5.0,2.0,1.0,0.5,0.5,30.0,280,6678.75,0,0,171,0,171
30872,1.0,10.0,2.0,5.0,2.0,1.0,0.5,0.5,30.0,281,6308.4375,0,0,175,0,175
30872,1.0,10.0,2.0,5.0,2.0,1.0,0.5,0.5,30.0,282,6585.546875,0,0,180,0,180
30872,1.0,10.0,2.0,5.0,2.0,1.0,0.5,0.5,30.0,283,7011.93359375,0,0,186,0,186
30872,1.0,10.0,2.0,5.0,2.0,1.0,0.5,0.5,30.0,284,7344.9169921875,0,0,193,0,193
30872,1.0,10.0,2.0,5.0,2.0,1.0,0.5,0.5,30.0,285,7661.146240234375,0,0,194,0,194
30872,1.0,10.0,2.0,5.0,2.0,1.0,0.5,0.5,30.0,286,8176.432800292969,0,0,190,0,190
30872,1.0,10.0,2.0,5.0,2.0,1.0,0.5,0.5,30.0,287,8340.0,0,0,187,0,187
30872,1.0,10.0,2.0,5.0,2.0,1.0,0.5,0.5,30.0,288,8340.0,0,0,180,0,180
30872,1.0,10.0,2.0,5.0,2.0,1.0,0.5,0.5,30.0,289,8100.0,0,0,180,0,180
30872,1.0,10.0,2.0,5.0,2.0,1.0,0.5,0.5,30.0,290,7960.0,0,0,172,0,172
30872,1.0,10.0,2.0,5.0,2.0,1.0,0.5,0.5,30.0,291,7490.0,0,0,172,0,172
30872,1.0,10.0,2.0,5.0,2.0,1.0,0.5,0.5,30.0,292,6682.5,0,0,175,0,175
30872,1.0,10.0,2.0,5.0,2.0,1.0,0.5,0.5,30.0,293,6413.125,0,0,182,0,182
30872,1.0,10.0,2.0,5.0,2.0,1.0,0.5,0.5,30.0,294,6776.40625,0,0,189,0,189
30872,1.0,10.0,2.0,5.0,2.0,1.0,0.5,0.5,30.0,295,7310.5078125,0,0,192,0,192
30872,1.0,10.0,2.0,5.0,2.0,1.0,0.5,0.5,30.0,296,7918.134765625,0,0,196,0,196
30872,1.0,10.0,2.0,5.0,2.0,1.0,0.5,0.5,30.0,297,8837.66845703125,0,0,198,0,198
30872,1.0,10.0,2.0,5.0,2.0,1.0,0.5,0.5,30.0,298,8820.0,0,0,194,0,194
30872,1.0,10.0,2.0,5.0,2.0,1.0,0.5,0.5,30.0,299,8800.0,0,0,179,0,179
30872,1.0,10.0,2.0,5.0,2.0,1.0,0.5,0.5,30.0,300,8540.0,0,0,168,0,168
30872,1.0,10.0,2.0,5.0,2.0,1.0,0.5,0.5,30.0,301,8440.0,0,0,156,0,156
30872,1.0,10.0,2.0,5.0,2.0,1.0,0.5,0.5,30.0,302,8080.0,0,0,153,0,153
30872,1.0,10.0,2.0,5.0,2.0,1.0,0.5,0.5,30.0,303,7940.0,0,0,151,0,151
30872,1.0,10.0,2.0,5.0,2.0,1.0,0.5,0.5,30.0,304,7645.0,0,0,152,0,152
30872,1.0,10.0,2.0,5.0,2.0,1.0,0.5,0.5,30.0,305,6936.25,0,0,164,0,164
30872,1.0,10.0,2.0,5.0,2.0,1.0,0.5,0.5,30.0,306,6270.3125,0,0,172,0,172
30872,1.0,10.0,2.0,5.0,2.0,1.0,0.5,0.5,30.0,307,6397.890625,0,0,180,0,180
30872,1.0,10.0,2.0,5.0,2.0,1.0,0.5,0.5,30.0,308,6817.36328125,0,0,185,0,185
30872,1.0,10.0,2.0,5.0,2.0,1.0,0.5,0.5,30.0,309,7261.7041015625,0,0,188,0,188
30872,1.0,10.0,2.0,5.0,2.0,1.0,0.5,0.5,30.0,310,7697.130126953125,0,0,193,0,193
30872,1.0,10.0,2.0,5.0,2.0,1.0,0.5,0.5,30.0,311,8521.412658691406,0,0,192,0,192
30872,1.0,10.0,2.0,5.0,2.0,1.0,0.5,0.5,30.0,312,8800.0,0,0,177,0,177
30872,1.0,10.0,2.0,5.0,2.0,1.0,0.5,0.5,30.0,313,8700.0,0,0,169,0,169
30872,1.0,10.0,2.0,5.0,2.0,1.0,0.5,0.5,30.0,314,8720.0,0,0,158,0,158
30872,1.0,10.0,2.0,5.0,2.0,1.0,0.5,0.5,30.0,315,8240.0,0,0,152,0,152
30872,1.0,10.0,2.0,5.0,2.0,1.0,0.5,0.5,30.0,316,7980.0,0,0,149,0,149
30872,1.0,10.0,2.0,5.0,2.0,1.0,0.5,0.5,30.0,317,7695.0,0,0,150,0,150
30872,1.0,10.0,2.0,5.0,2.0,1.0,0.5,0.5,30.0,318,7218.75,0,0,151,0,151
30872,1.0,10.0,2.0,5.0,2.0,1.0,0.5,0.5,30.0,319,6343.4375,0,0,160,0,160
30872,1.0,10.0,2.0,5.0,2.0,1.0,0.5,0.5,30.0,320,6089.296875,0,0,170,0,170
30872,1.0,10.0,2.0,5.0,2.0,1.0,0.5,0.5,30.0,321,6291.62109375,0,0,174,0,174
30872,1.0,10.0,2.0,5.0,2.0,1.0,0.5,0.5,30.0,322,6824.5263671875,0,0,179,0,179
30872,1.0,10.0,2.0,5.0,2.0,1.0,0.5,0.5,30.0,323,7430.657958984375,0,0,183,0,183
30872,1.0,10.0,2.0,5.0,2.0,1.0,0.5,0.5,30.0,324,8088.322448730469,0,0,185,0,185
30872,1.0,10.0,2.0,5.0,2.0,1.0,0.5,0.5,30.0,325,8720.0,0,0,180,0,180
30872,1.0,10.0,2.0,5.0,2.0,1.0,0.5,0.5,30.0,326,8680.0,0,0,173,0,173
30872,1.0,10.0,2.0,5.0,2.0,1.0,0.5,0.5,30.0,327,8660.0,0,0,160,0,160
30872,1.0,10.0,2.0,5.0,2.0,1.0,0.5,0.5,30.0,328,8220.0,0,0,153,0,153
30872,1.0,10.0,2.0,5.0,2.0,1.0,0.5,0.5,30.0,329,7980.0,0,0,155,0,155
30872,1.0,10.0,2.0,5.0,2.0,1.0,0.5,0.5,30.0,330,7855.0,0,0,152,0,152
30872,1.0,10.0,2.0,5.0,2.0,1.0,0.5,0.5,30.0,331,7278.75,0,0,159,0,159
30872,1.0,10.0,2.0,5.0,2.0,1.0,0.5,0.5,30.0,332,6238.4375,0,0,171,0,171
30872,1.0,10.0,2.0,5.0,2.0,1.0,0.5,0.5,30.0,333,6278.046875,0,0,176,0,176
30872,1.0,10.0,2.0,5.0,2.0,1.0,0.5,0.5,30.0,334,6727.55859375,0,0,180,0,180
30872,1.0,10.0,2.0,5.0,2.0,1.0,0.5,0.5,30.0,335,7169.4482421875,0,0,188,0,188
30872,1.0,10.0,2.0,5.0,2.0,1.0,0.5,0.5,30.0,336,7761.810302734375,0,0,193,0,193
30872,1.0,10.0,2.0,5.0,2.0,1.0,0.5,0.5,30.0,337,8362.262878417969,0,0,190,0,190
30872,1.0,10.0,2.0,5.0,2.0,1.0,0.5,0.5,30.0,338,8600.0,0,0,182,0,182
30872,1.0,10.0,2.0,5.0,2.0,1.0,0.5,0.5,30.0,339,8720.0,0,0,173,0,173
30872,1.0,10.0,2.0,5.0,2.0,1.0,0.5,0.5,30.0,340,8540.0,0,0,163,0,163
30872,1.0,10.0,2.0,5.0,2.0,1.0,0.5,0.5,30.0,341,8240.0,0,0,160,0,160
30872,1.0,10.0,2.0,5.0,2.0,1.0,0.5,0.5,30.0,342,8000.0,0,0,156,0,156
30872,1.0,10.0,2.0,5.0,2.0,1.0,0.5,0.5,30.0,343,7740.0,0,0,154,0,154
30872,1.0,10.0,2.0,5.0,2.0,1.0,0.5,0.5,30.0,344,7155.0,0,0,154,0,154
30872,1.0,10.0,2.0,5.0,2.0,1.0,0.5,0.5,30.0,345,6063.75,0,0,173,0,173
30872,1.0,10.0,2.0,5.0,2.0,1.0,0.5,0.5,30.0,346,6339.6875,0,0,180,0,180
30872,1.0,10.0,2.0,5.0,2.0,1.0,0.5,0.5,30.0,347,6864.609375,0,0,185,0,185
30872,1.0,10.0,2.0,5.0,2.0,1.0,0.5,0.5,30.0,348,7540.76171875,0,0,188,0,188
30872,1.0,10.0,2.0,5.0,2.0,1.0,0.5,0.5,30.0,349,8365.9521484375,0,0,192,0,192
30872,1.0,10.0,2.0,5.0,2.0,1.0,0.5,0.5,30.0,350,8980.0,0,0,184,0,184
30872,1.0,10.0,2.0,5.0,2.0,1.0,0.5,0.5,30.0,351,8800.0,0,0,177,0,177
30872,1.0,10.0,2.0,5.0,2.0,1.0,0.5,0.5,30.0,352,8840.0,0,0,167,0,167
30872,1.0,10.0,2.0,5.0,2.0,1.0,0.5,0.5,30.0,353,8580.0,0,0,161,0,161
30872,1.0,10.0,2.0,5.0,2.0,1.0,0.5,0.5,30.0,354,8460.0,0,0,144,0,144
30872,1.0,10.0,2.0,5.0,2.0,1.0,0.5,0.5,30.0,355,8220.0,0,0,136,0,136
30872,1.0,10.0,2.0,5.0,2.0,1.0,0.5,0.5,30.0,356,8160.0,0,0,129,0,129
30872,1.0,10.0,2.0,5.0,2.0,1.0,0.5,0.5,30.0,357,7800.0,0,0,140,0,140
30872,1.0,10.0,2.0,5.0,2.0,1.0,0.5,0.5,30.0,358,7110.0,0,0,160,0,160
30872,1.0,10.0,2.0,5.0,2.0,1.0,0.5,0.5,30.0,359,6187.5,0,0,172,0,172
30872,1.0,10.0,2.0,5.0,2.0,1.0,0.5,0.5,30.0,360,6434.375,0,0,175,0,175
30872,1.0,10.0,2.0,5.0,2.0,1.0,0.5,0.5,30.0,361,6762.96875,0,0,181,0,181
30872,1.0,10.0,2.0,5.0,2.0,1.0,0.5,0.5,30.0,362,7273.7109375,0,0,186,0,186
30872,1.0,10.0,2.0,5.0,2.0,1.0,0.5,0.5,30.0,363,7892.138671875,0,0,191,0,191
30872,1.0,10.0,2.0,5.0,2.0,1.0,0.5,0.5,30.0,364,8585.17333984375,0,0,194,0,194
30872,1.0,10.0,2.0,5.0,2.0,1.0,0.5,0.5,30.0,365,8680.0,0,0,183,0,183
30872,1.0,10.0,2.0,5.0,2.0,1.0,0.5,0.5,30.0,366,8520.0,0,0,174,0,174
30872,1.0,10.0,2.0,5.0,2.0,1.0,0.5,0.5,30.0,367,8260.0,0,0,161,0,161
30872,1.0,10.0,2.0,5.0,2.0,1.0,0.5,0.5,30.0,368,8080.0,0,0,156,0,156
30872,1.0,10.0,2.0,5.0,2.0,1.0,0.5,0.5,30.0,369,7860.0,0,0,155,0,155
30872,1.0,10.0,2.0,5.0,2.0,1.0,0.5,0.5,30.0,370,7385.0,0,0,159,0,159
30872,1.0,10.0,2.0,5.0,2.0,1.0,0.5,0.5,30.0,371,6431.25,0,0,175,0,175
30872,1.0,10.0,2.0,5.0,2.0,1.0,0.5,0.5,30.0,372,6559.0625,0,0,179,0,179
30872,1.0,10.0,2.0,5.0,2.0,1.0,0.5,0.5,30.0,373,6938.828125,0,0,185,0,185
30872,1.0,10.0,2.0,5.0,2.0,1.0,0.5,0.5,30.0,374,7433.53515625,0,0,188,0,188
30872,1.0,10.0,2.0,5.0,2.0,1.0,0.5,0.5,30.0,375,7691.9189453125,0,0,195,0,195
30872,1.0,10.0,2.0,5.0,2.0,1.0,0.5,0.5,30.0,376,8114.898681640625,0,0,194,0,194
30872,1.0,10.0,2.0,5.0,2.0,1.0,0.5,0.5,30.0,377,8240.0,0,0,193,0,193
30872,1.0,10.0,2.0,5.0,2.0,1.0,0.5,0.5,30.0,378,8300.0,0,0,184,0,184
30872,1.0,10.0,2.0,5.0,2.0,1.0,0.5,0.5,30.0,379,8120.0,0,0,181,0,181
30872,1.0,10.0,2.0,5.0,2.0,1.0,0.5,0.5,30.0,380,7960.0,0,0,185,0,185
30872,1.0,10.0,2.0,5.0,2.0,1.0,0.5,0.5,30.0,381,7670.0,0,0,181,0,181
30872,1.0,10.0,2.0,5.0,2.0,1.0,0.5,0.5,30.0,382,7187.5,0,0,185,0,185
30872,1.0,10.0,2.0,5.0,2.0,1.0,0.5,0.5,30.0,383,6884.375,0,0,183,0,183
30872,1.0,10.0,2.0,5.0,2.0,1.0,0.5,0.5,30.0,384,6865.46875,0,0,190,0,190
30872,1.0,10.0,2.0,5.0,2.0,1.0,0.5,0.5,30.0,385,7041.8359375,0,0,191,0,191
30872,1.0,10.0,2.0,5.0,2.0,1.0,0.5,0.5,30.0,386,7582.294921875,0,0,194,0,194
30872,1.0,10.0,2.0,5.0,2.0,1.0,0.5,0.5,30.0,387,7857.86865234375,0,0,198,0,198
30872,1.0,10.0,2.0,5.0,2.0,1.0,0.5,0.5,30.0,388,8142.3358154296875,0,0,196,0,196
30872,1.0,10.0,2.0,5.0,2.0,1.0,0.5,0.5,30.0,389,8080.0,0,0,190,0,190
30872,1.0,10.0,2.0,5.0,2.0,1.0,0.5,0.5,30.0,390,7920.0,0,0,196,0,196
30872,1.0,10.0,2.0,5.0,2.0,1.0,0.5,0.5,30.0,391,7640.0,0,0,197,0,197
30872,1.0,10.0,2.0,5.0,2.0,1.0,0.5,0.5,30.0,392,7150.0,0,0,197,0,197
30872,1.0,10.0,2.0,5.0,2.0,1.0,0.5,0.5,30.0,393,7117.5,0,0,190,0,190
30872,1.0,10.0,2.0,5.0,2.0,1.0,0.5,0.5,30.0,394,7096.875,0,0,192,0,192
30872,1.0,10.0,2.0,5.0,2.0,1.0,0.5,0.5,30.0,395,7111.09375,0,0,196,0,196
30872,1.0,10.0,2.0,5.0,2.0,1.0,0.5,0.5,30.0,396,7408.8671875,0,0,200,0,200
30872,1.0,10.0,2.0,5.0,2.0,1.0,0.5,0.5,30.0,397,7821.083984375,0,0,203,0,203
30872,1.0,10.0,2.0,5.0,2.0,1.0,0.5,0.5,30.0,398,8276.35498046875,0,0,200,0,200
30872,1.0,10.0,2.0,5.0,2.0,1.0,0.5,0.5,30.0,399,8340.0,0,0,193,0,193
30872,1.0,10.0,2.0,5.0,2.0,1.0,0.5,0.5,30.0,400,8300.0,0,0,187,0,187
30872,1.0,10.0,2.0,5.0,2.0,1.0,0.5,0.5,30.0,401,8080.0,0,0,185,0,185
30872,1.0,10.0,2.0,5.0,2.0,1.0,0.5,0.5,30.0,402,7860.0,0,0,184,0,184
30872,1.0,10.0,2.0,5.0,2.0,1.0,0.5,0.5,30.0,403,7485.0,0,0,185,0,185
30872,1.0,10.0,2.0,5.0,2.0,1.0,0.5,0.5,30.0,404,6836.25,0,0,180,0,180
30872,1.0,10.0,2.0,5.0,2.0,1.0,0.5,0.5,30.0,405,6725.3125,0,0,183,0,183
30872,1.0,10.0,2.0,5.0,2.0,1.0,0.5,0.5,30.0,406,6826.640625,0,0,187,0,187
30872,1.0,10.0,2.0,5.0,2.0,1.0,0.5,0.5,30.0,407,7033.30078125,0,0,190,0,190
30872,1.0,10.0,2.0,5.0,2.0,1.0,0.5,0.5,30.0,408,7371.6259765625,0,0,197,0,197
30872,1.0,10.0,2.0,5.0,2.0,1.0,0.5,0.5,30.0,409,7754.532470703125,0,0,199,0,199
30872,1.0,10.0,2.0,5.0,2.0,1.0,0.5,0.5,30.0,410,8213.165588378906,0,0,195,0,195
30872,1.0,10.0,2.0,5.0,2.0,1.0,0.5,0.5,30.0,411,8320.0,0,0,195,0,195
30872,1.0,10.0,2.0,5.0,2.0,1.0,0.5,0.5,30.0,412,8260.0,0,0,193,0,193
30872,1.0,10.0,2.0,5.0,2.0,1.0,0.5,0.5,30.0,413,8160.0,0,0,181,0,181
30872,1.0,10.0,2.0,5.0,2.0,1.0,0.5,0.5,30.0,414,8000.0,0,0,173,0,173
30872,1.0,10.0,2.0,5.0,2.0,1.0,0.5,0.5,30.0,415,7640.0,0,0,176,0,176
30872,1.0,10.0,2.0,5.0,2.0,1.0,0.5,0.5,30.0,416,7090.0,0,0,181,0,181
30872,1.0,10.0,2.0,5.0,2.0,1.0,0.5,0.5,30.0,417,6582.5,0,0,185,0,185
30872,1.0,10.0,2.0,5.0,2.0,1.0,0.5,0.5,30.0,418,6788.125,0,0,188,0,188
30872,1.0,10.0,2.0,5.0,2.0,1.0,0.5,0.5,30.0,419,7225.15625,0,0,189,0,189
30872,1.0,10.0,2.0,5.0,2.0,1.0,0.5,0.5,30.0,420,7791.4453125,0,0,190,0,190
30872,1.0,10.0,2.0,5.0,2.0,1.0,0.5,0.5,30.0,421,8379.306640625,0,0,191,0,191
30872,1.0,10.0,2.0,5.0,2.0,1.0,0.5,0.5,30.0,422,8620.0,0,0,191,0,191
30872,1.0,10.0,2.0,5.0,2.0,1.0,0.5,0.5,30.0,423,8480.0,0,0,187,0,187
30872,1.0,10.0,2.0,5.0,2.0,1.0,0.5,0.5,30.0,424,8380.0,0,0,183,0,183
30872,1.0,10.0,2.0,5.0,2.0,1.0,0.5,0.5,30.0,425,8060.0,0,0,179,0,179
30872,1.0,10.0,2.0,5.0,2.0,1.0,0.5,0.5,30.0,426,8160.0,0,0,166,0,166
30872,1.0,10.0,2.0,5.0,2.0,1.0,0.5,0.5,30.0,427,7900.0,0,0,164,0,164
30872,1.0,10.0,2.0,5.0,2.0,1.0,0.5,0.5,30.0,428,7395.0,0,0,170,0,170
30872,1.0,10.0,2.0,5.0,2.0,1.0,0.5,0.5,30.0,429,6463.75,0,0,182,0,182
30872,1.0,10.0,2.0,5.0,2.0,1.0,0.5,0.5,30.0,430,6579.6875,0,0,188,0,188
30872,1.0,10.0,2.0,5.0,2.0,1.0,0.5,0.5,30.0,431,7084.609375,0,0,191,0,191
30872,1.0,10.0,2.0,5.0,2.0,1.0,0.5,0.5,30.0,432,7775.76171875,0,0,194,0,194
30872,1.0,10.0,2.0,5.0,2.0,1.0,0.5,0.5,30.0,433,8559.7021484375,0,0,195,0,195
30872,1.0,10.0,2.0,5.0,2.0,1.0,0.5,0.5,30.0,434,9000.0,0,0,191,0,191
30872,1.0,10.0,2.0,5.0,2.0,1.0,0.5,0.5,30.0,435,8900.0,0,0,183,0,183
30872,1.0,10.0,2.0,5.0,2.0,1.0,0.5,0.5,30.0,436,8860.0,0,0,175,0,175
30872,1.0,10.0,2.0,5.0,2.0,1.0,0.5,0.5,30.0,437,8740.0,0,0,157,0,157
30872,1.0,10.0,2.0,5.0,2.0,1.0,0.5,0.5,30.0,438,8560.0,0,0,139,0,139
30872,1.0,10.0,2.0,5.0,2.0,1.0,0.5,0.5,30.0,439,8300.0,0,0,134,0,134
30872,1.0,10.0,2.0,5.0,2.0,1.0,0.5,0.5,30.0,440,8200.0,0,0,135,0,135
30872,1.0,10.0,2.0,5.0,2.0,1.0,0.5,0.5,30.0,441,7820.0,0,0,138,0,138
30872,1.0,10.0,2.0,5.0,2.0,1.0,0.5,0.5,30.0,442,7275.0,0,0,149,0,149
30872,1.0,10.0,2.0,5.0,2.0,1.0,0.5,0.5,30.0,443,6233.75,0,0,162,0,162
30872,1.0,10.0,2.0,5.0,2.0,1.0,0.5,0.5,30.0,444,5932.1875,0,0,170,0,170
30872,1.0,10.0,2.0,5.0,2.0,1.0,0.5,0.5,30.0,445,6235.234375,0,0,173,0,173
30872,1.0,10.0,2.0,5.0,2.0,1.0,0.5,0.5,30.0,446,6774.04296875,0,0,177,0,177
30872,1.0,10.0,2.0,5.0,2.0,1.0,0.5,0.5,30.0,447,7367.5537109375,0,0,184,0,184
30872,1.0,10.0,2.0,5.0,2.0,1.0,0.5,0.5,30.0,448,8029.442138671875,0,0,189,0,189
30872,1.0,10.0,2.0,5.0,2.0,1.0,0.5,0.5,30.0,449,9000.0,0,0,185,0,185
30872,1.0,10.0,2.0,5.0,2.0,1.0,0.5,0.5,30.0,450,8780.0,0,0,177,0,177
30872,1.0,10.0,2.0,5.0,2.0,1.0,0.5,0.5,30.0,451,8720.0,0,0,167,0,167
30872,1.0,10.0,2.0,5.0,2.0,1.0,0.5,0.5,30.0,452,8580.0,0,0,155,0,155
30872,1.0,10.0,2.0,5.0,2.0,1.0,0.5,0.5,30.0,453,8260.0,0,0,152,0,152
30872,1.0,10.0,2.0,5.0,2.0,1.0,0.5,0.5,30.0,454,8060.0,0,0,141,0,141
30872,1.0,10.0,2.0,5.0,2.0,1.0,0.5,0.5,30.0,455,7800.0,0,0,140,0,140
30872,1.0,10.0,2.0,5.0,2.0,1.0,0.5,0.5,30.0,456,7410.0,0,0,146,0,146
30872,1.0,10.0,2.0,5.0,2.0,1.0,0.5,0.5,30.0,457,6502.5,0,0,163,0,163
30872,1.0,10.0,2.0,5.0,2.0,1.0,0.5,0.5,30.0,458,6048.125,0,0,177,0,177
30872,1.0,10.0,2.0,5.0,2.0,1.0,0.5,0.5,30.0,459,6480.15625,0,0,182,0,182
30872,1.0,10.0,2.0,5.0,2.0,1.0,0.5,0.5,30.0,460,7140.1953125,0,0,187,0,187
30872,1.0,10.0,2.0,5.0,2.0,1.0,0.5,0.5,30.0,461,7845.244140625,0,0,192,0,192
30872,1.0,10.0,2.0,5.0,2.0,1.0,0.5,0.5,30.0,462,8846.55517578125,0,0,186,0,186
30872,1.0,10.0,2.0,5.0,2.0,1.0,0.5,0.5,30.0,463,8940.0,0,0,179,0,179
30872,1.0,10.0,2.0,5.0,2.0,1.0,0.5,0.5,30.0,464,8880.0,0,0,166,0,166
30872,1.0,10.0,2.0,5.0,2.0,1.0,0.5,0.5,30.0,465,8740.0,0,0,157,0,157
30872,1.0,10.0,2.0,5.0,2.0,1.0,0.5,0.5,30.0,466,8360.0,0,0,147,0,147
30872,1.0,10.0,2.0,5.0,2.0,1.0,0.5,0.5,30.0,467,8220.0,0,0,138,0,138
30872,1.0,10.0,2.0,5.0,2.0,1.0,0.5,0.5,30.0,468,8000.0,0,0,138,0,138
30872,1.0,10.0,2.0,5.0,2.0,1.0,0.5,0.5,30.0,469,7980.0,0,0,135,0,135
30872,1.0,10.0,2.0,5.0,2.0,1.0,0.5,0.5,30.0,470,7535.0,0,0,146,0,146
30872,1.0,10.0,2.0,5.0,2.0,1.0,0.5,0.5,30.0,471,6718.75,0,0,159,0,159
30872,1.0,10.0,2.0,5.0,2.0,1.0,0.5,0.5,30.0,472,6178.4375,0,0,174,0,174
30872,1.0,10.0,2.0,5.0,2.0,1.0,0.5,0.5,30.0,473,6543.046875,0,0,177,0,177
30872,1.0,10.0,2.0,5.0,2.0,1.0,0.5,0.5,30.0,474,6938.80859375,0,0,182,0,182
30872,1.0,10.0,2.0,5.0,2.0,1.0,0.5,0.5,30.0,475,7373.5107421875,0,0,184,0,184
30872,1.0,10.0,2.0,5.0,2.0,1.0,0.5,0.5,30.0,476,7996.888427734375,0,0,188,0,188
30872,1.0,10.0,2.0,5.0,2.0,1.0,0.5,0.5,30.0,477,8636.110534667969,0,0,187,0,187
30872,1.0,10.0,2.0,5.0,2.0,1.0,0.5,0.5,30.0,478,8760.0,0,0,170,0,170
30872,1.0,10.0,2.0,5.0,2.0,1.0,0.5,0.5,30.0,479,8540.0,0,0,165,0,165
30872,1.0,10.0,2.0,5.0,2.0,1.0,0.5,0.5,30.0,480,8220.0,0,0,165,0,165
30872,1.0,10.0,2.0,5.0,2.0,1.0,0.5,0.5,30.0,481,8220.0,0,0,159,0,159
30872,1.0,10.0,2.0,5.0,2.0,1.0,0.5,0.5,30.0,482,8100.0,0,0,151,0,151
30872,1.0,10.0,2.0,5.0,2.0,1.0,0.5,0.5,30.0,483,7760.0,0,0,157,0,157
30872,1.0,10.0,2.0,5.0,2.0,1.0,0.5,0.5,30.0,484,7000.0,0,0,171,0,171
30872,1.0,10.0,2.0,5.0,2.0,1.0,0.5,0.5,30.0,485,6270.0,0,0,179,0,179
30872,1.0,10.0,2.0,5.0,2.0,1.0,0.5,0.5,30.0,486,6597.5,0,0,182,0,182
30872,1.0,10.0,2.0,5.0,2.0,1.0,0.5,0.5,30.0,487,7086.875,0,0,182,0,182
30872,1.0,10.0,2.0,5.0,2.0,1.0,0.5,0.5,30.0,488,7698.59375,0,0,186,0,186
30872,1.0,10.0,2.0,5.0,2.0,1.0,0.5,0.5,30.0,489,8443.2421875,0,0,191,0,191
30872,1.0,10.0,2.0,5.0,2.0,1.0,0.5,0.5,30.0,490,8720.0,0,0,189,0,189
30872,1.0,10.0,2.0,5.0,2.0,1.0,0.5,0.5,30.0,491,8800.0,0,0,184,0,184
30872,1.0,10.0,2.0,5.0,2.0,1.0,0.5,0.5,30.0,492,8640.0,0,0,167,0,167
30872,1.0,10.0,2.0,5.0,2.0,1.0,0.5,0.5,30.0,493,8500.0,0,0,158,0,158
30872,1.0,10.0,2.0,5.0,2.0,1.0,0.5,0.5,30.0,494,8240.0,0,0,150,0,150
30872,1.0,10.0,2.0,5.0,2.0,1.0,0.5,0.5,30.0,495,7980.0,0,0,146,0,146
30872,1.0,10.0,2.0,5.0,2.0,1.0,0.5,0.5,30.0,496,7615.0,0,0,151,0,151
30872,1.0,10.0,2.0,5.0,2.0,1.0,0.5,0.5,30.0,497,6798.75,0,0,162,0,162
30872,1.0,10.0,2.0,5.0,2.0,1.0,0.5,0.5,30.0,498,6098.4375,0,0,173,0,173
30872,1.0,10.0,2.0,5.0,2.0,1.0,0.5,0.5,30.0,499,6263.046875,0,0,178,0,178