Exp Num,agent:svo_convergence_factor,agent:params:metabolism,agent:params:consumption_factor,agent:params:procreate_cost_factor,agent:params:procreate_req_factor,agent:params:start_energy_factor,agent:params:caught_chance,agent:params:caught_cooldown_factor,agent:params:maximum_age,Epoch,Resource,A,B,C,D,E
32428,1.0,10.0,2.0,7.0,3.0,2.0,0.30000000000000004,0.1,40.0,0,3760.0,13,32,9,27,73
32428,1.0,10.0,2.0,7.0,3.0,2.0,0.30000000000000004,0.1,40.0,1,3340.0,11,27,9,27,66
32428,1.0,10.0,2.0,7.0,3.0,2.0,0.30000000000000004,0.1,40.0,2,3435.0,10,27,8,27,64
32428,1.0,10.0,2.0,7.0,3.0,2.0,0.30000000000000004,0.1,40.0,3,3273.75,7,23,6,25,54
32428,1.0,10.0,2.0,7.0,3.0,2.0,0.30000000000000004,0.1,40.0,4,3312.1875,6,23,6,25,53
32428,1.0,10.0,2.0,7.0,3.0,2.0,0.30000000000000004,0.1,40.0,5,3240.234375,6,20,5,23,49
32428,1.0,10.0,2.0,7.0,3.0,2.0,0.30000000000000004,0.1,40.0,6,3430.29296875,5,19,5,22,47
32428,1.0,10.0,2.0,7.0,3.0,2.0,0.30000000000000004,0.1,40.0,7,3327.8662109375,5,15,5,22,43
32428,1.0,10.0,2.0,7.0,3.0,2.0,0.30000000000000004,0.1,40.0,8,3279.832763671875,5,15,5,19,43
32428,1.0,10.0,2.0,7.0,3.0,2.0,0.30000000000000004,0.1,40.0,9,3219.7909545898438,5,13,3,19,39
32428,1.0,10.0,2.0,7.0,3.0,2.0,0.30000000000000004,0.1,40.0,10,3104.7386932373047,4,13,3,18,37
32428,1.0,10.0,2.0,7.0,3.0,2.0,0.30000000000000004,0.1,40.0,11,2880.923366546631,4,13,3,18,36
32428,1.0,10.0,2.0,7.0,3.0,2.0,0.30000000000000004,0.1,40.0,12,2541.1542081832886,4,13,3,18,36
32428,1.0,10.0,2.0,7.0,3.0,2.0,0.30000000000000004,0.1,40.0,13,2156.4427602291107,4,13,3,18,36
32428,1.0,10.0,2.0,7.0,3.0,2.0,0.30000000000000004,0.1,40.0,14,1995.5534502863884,4,13,3,18,36
32428,1.0,10.0,2.0,7.0,3.0,2.0,0.30000000000000004,0.1,40.0,15,1954.4418128579855,3,13,3,18,35
32428,1.0,10.0,2.0,7.0,3.0,2.0,0.30000000000000004,0.1,40.0,16,2003.0522660724819,3,13,3,18,35
32428,1.0,10.0,2.0,7.0,3.0,2.0,0.30000000000000004,0.1,40.0,17,2163.8153325906023,2,13,3,17,34
32428,1.0,10.0,2.0,7.0,3.0,2.0,0.30000000000000004,0.1,40.0,18,2304.769165738253,2,13,3,17,34
32428,1.0,10.0,2.0,7.0,3.0,2.0,0.30000000000000004,0.1,40.0,19,2540.961457172816,2,13,3,17,34
32428,1.0,10.0,2.0,7.0,3.0,2.0,0.30000000000000004,0.1,40.0,20,2756.20182146602,2,13,3,17,34
32428,1.0,10.0,2.0,7.0,3.0,2.0,0.30000000000000004,0.1,40.0,21,2905.2522768325252,2,13,3,17,33
32428,1.0,10.0,2.0,7.0,3.0,2.0,0.30000000000000004,0.1,40.0,22,2831.5653460406566,2,13,3,16,33
32428,1.0,10.0,2.0,7.0,3.0,2.0,0.30000000000000004,0.1,40.0,23,2679.456682550821,2,13,4,16,34
32428,1.0,10.0,2.0,7.0,3.0,2.0,0.30000000000000004,0.1,40.0,24,2409.320853188526,2,13,4,16,34
32428,1.0,10.0,2.0,7.0,3.0,2.0,0.30000000000000004,0.1,40.0,25,2031.6510664856578,2,13,5,16,36
32428,1.0,10.0,2.0,7.0,3.0,2.0,0.30000000000000004,0.1,40.0,26,1999.5638331070722,2,14,5,16,37
32428,1.0,10.0,2.0,7.0,3.0,2.0,0.30000000000000004,0.1,40.0,27,1959.4547913838405,2,14,5,15,37
32428,1.0,10.0,2.0,7.0,3.0,2.0,0.30000000000000004,0.1,40.0,28,2069.3184892298004,2,14,5,15,37
32428,1.0,10.0,2.0,7.0,3.0,2.0,0.30000000000000004,0.1,40.0,29,2226.6481115372508,2,14,5,15,36
32428,1.0,10.0,2.0,7.0,3.0,2.0,0.30000000000000004,0.1,40.0,30,2343.3101394215637,2,14,5,16,36
32428,1.0,10.0,2.0,7.0,3.0,2.0,0.30000000000000004,0.1,40.0,31,2569.1376742769544,2,14,6,16,37
32428,1.0,10.0,2.0,7.0,3.0,2.0,0.30000000000000004,0.1,40.0,32,2831.4220928461928,2,14,6,16,37
32428,1.0,10.0,2.0,7.0,3.0,2.0,0.30000000000000004,0.1,40.0,33,2899.277616057741,2,15,6,16,38
32428,1.0,10.0,2.0,7.0,3.0,2.0,0.30000000000000004,0.1,40.0,34,2864.0970200721763,2,15,7,16,39
32428,1.0,10.0,2.0,7.0,3.0,2.0,0.30000000000000004,0.1,40.0,35,2780.1212750902205,2,15,7,16,39
32428,1.0,10.0,2.0,7.0,3.0,2.0,0.30000000000000004,0.1,40.0,36,2595.1515938627754,2,15,7,16,40
32428,1.0,10.0,2.0,7.0,3.0,2.0,0.30000000000000004,0.1,40.0,37,2283.939492328469,2,15,8,17,41
32428,1.0,10.0,2.0,7.0,3.0,2.0,0.30000000000000004,0.1,40.0,38,2234.9243654105862,2,15,8,17,41
32428,1.0,10.0,2.0,7.0,3.0,2.0,0.30000000000000004,0.1,40.0,39,2253.655456763233,2,15,8,17,41
32428,1.0,10.0,2.0,7.0,3.0,2.0,0.30000000000000004,0.1,40.0,40,2477.0693209540414,2,10,7,11,28
32428,1.0,10.0,2.0,7.0,3.0,2.0,0.30000000000000004,0.1,40.0,41,2636.3366511925515,2,9,6,5,24
32428,1.0,10.0,2.0,7.0,3.0,2.0,0.30000000000000004,0.1,40.0,42,2935.4208139906896,1,7,7,3,21
32428,1.0,10.0,2.0,7.0,3.0,2.0,0.30000000000000004,0.1,40.0,43,3429.276017488362,0,3,8,3,15
32428,1.0,10.0,2.0,7.0,3.0,2.0,0.30000000000000004,0.1,40.0,44,3986.595021860452,0,3,9,2,16
32428,1.0,10.0,2.0,7.0,3.0,2.0,0.30000000000000004,0.1,40.0,45,4663.243777325565,0,2,8,2,14
32428,1.0,10.0,2.0,7.0,3.0,2.0,0.30000000000000004,0.1,40.0,46,5509.054721656957,0,2,8,2,14
32428,1.0,10.0,2.0,7.0,3.0,2.0,0.30000000000000004,0.1,40.0,47,6566.318402071196,0,2,8,3,14
32428,1.0,10.0,2.0,7.0,3.0,2.0,0.30000000000000004,0.1,40.0,48,7867.898002588994,0,2,9,3,15
32428,1.0,10.0,2.0,7.0,3.0,2.0,0.30000000000000004,0.1,40.0,49,9474.872503236242,0,3,9,3,16
32428,1.0,10.0,2.0,7.0,3.0,2.0,0.30000000000000004,0.1,40.0,50,9620.0,0,3,10,4,17
32428,1.0,10.0,2.0,7.0,3.0,2.0,0.30000000000000004,0.1,40.0,51,9580.0,0,3,11,5,18
32428,1.0,10.0,2.0,7.0,3.0,2.0,0.30000000000000004,0.1,40.0,52,9540.0,0,3,11,5,18
32428,1.0,10.0,2.0,7.0,3.0,2.0,0.30000000000000004,0.1,40.0,53,9540.0,0,3,11,5,18
32428,1.0,10.0,2.0,7.0,3.0,2.0,0.30000000000000004,0.1,40.0,54,9540.0,0,3,12,6,19
32428,1.0,10.0,2.0,7.0,3.0,2.0,0.30000000000000004,0.1,40.0,55,9500.0,0,3,13,6,20
32428,1.0,10.0,2.0,7.0,3.0,2.0,0.30000000000000004,0.1,40.0,56,9480.0,0,4,14,6,23
32428,1.0,10.0,2.0,7.0,3.0,2.0,0.30000000000000004,0.1,40.0,57,9420.0,0,4,15,8,24
32428,1.0,10.0,2.0,7.0,3.0,2.0,0.30000000000000004,0.1,40.0,58,9360.0,0,4,17,8,26
32428,1.0,10.0,2.0,7.0,3.0,2.0,0.30000000000000004,0.1,40.0,59,9320.0,0,4,18,8,27
32428,1.0,10.0,2.0,7.0,3.0,2.0,0.30000000000000004,0.1,40.0,60,9300.0,0,4,18,8,27
32428,1.0,10.0,2.0,7.0,3.0,2.0,0.30000000000000004,0.1,40.0,61,9300.0,0,4,19,10,28
32428,1.0,10.0,2.0,7.0,3.0,2.0,0.30000000000000004,0.1,40.0,62,9260.0,0,4,20,10,28
32428,1.0,10.0,2.0,7.0,3.0,2.0,0.30000000000000004,0.1,40.0,63,9240.0,0,4,23,11,31
32428,1.0,10.0,2.0,7.0,3.0,2.0,0.30000000000000004,0.1,40.0,64,9160.0,0,4,24,14,32
32428,1.0,10.0,2.0,7.0,3.0,2.0,0.30000000000000004,0.1,40.0,65,9080.0,0,4,26,16,34
32428,1.0,10.0,2.0,7.0,3.0,2.0,0.30000000000000004,0.1,40.0,66,9020.0,0,4,26,16,34
32428,1.0,10.0,2.0,7.0,3.0,2.0,0.30000000000000004,0.1,40.0,67,9040.0,0,3,26,16,32
32428,1.0,10.0,2.0,7.0,3.0,2.0,0.30000000000000004,0.1,40.0,68,9060.0,0,3,26,19,32
32428,1.0,10.0,2.0,7.0,3.0,2.0,0.30000000000000004,0.1,40.0,69,8980.0,0,3,26,20,32
32428,1.0,10.0,2.0,7.0,3.0,2.0,0.30000000000000004,0.1,40.0,70,8960.0,0,4,29,22,36
32428,1.0,10.0,2.0,7.0,3.0,2.0,0.30000000000000004,0.1,40.0,71,8860.0,0,4,31,24,38
32428,1.0,10.0,2.0,7.0,3.0,2.0,0.30000000000000004,0.1,40.0,72,8760.0,0,4,36,25,43
32428,1.0,10.0,2.0,7.0,3.0,2.0,0.30000000000000004,0.1,40.0,73,8660.0,0,4,37,25,43
32428,1.0,10.0,2.0,7.0,3.0,2.0,0.30000000000000004,0.1,40.0,74,8660.0,0,3,37,25,42
32428,1.0,10.0,2.0,7.0,3.0,2.0,0.30000000000000004,0.1,40.0,75,8660.0,0,3,38,30,43
32428,1.0,10.0,2.0,7.0,3.0,2.0,0.30000000000000004,0.1,40.0,76,8580.0,0,3,37,31,42
32428,1.0,10.0,2.0,7.0,3.0,2.0,0.30000000000000004,0.1,40.0,77,8560.0,0,4,40,34,45
32428,1.0,10.0,2.0,7.0,3.0,2.0,0.30000000000000004,0.1,40.0,78,8420.0,0,4,43,37,48
32428,1.0,10.0,2.0,7.0,3.0,2.0,0.30000000000000004,0.1,40.0,79,8320.0,0,4,47,41,52
32428,1.0,10.0,2.0,7.0,3.0,2.0,0.30000000000000004,0.1,40.0,80,8140.0,0,4,49,42,54
32428,1.0,10.0,2.0,7.0,3.0,2.0,0.30000000000000004,0.1,40.0,81,8100.0,0,4,49,41,54
32428,1.0,10.0,2.0,7.0,3.0,2.0,0.30000000000000004,0.1,40.0,82,8100.0,0,4,50,47,55
32428,1.0,10.0,2.0,7.0,3.0,2.0,0.30000000000000004,0.1,40.0,83,7960.0,0,4,51,49,56
32428,1.0,10.0,2.0,7.0,3.0,2.0,0.30000000000000004,0.1,40.0,84,7870.0,0,5,58,50,64
32428,1.0,10.0,2.0,7.0,3.0,2.0,0.30000000000000004,0.1,40.0,85,7577.5,0,5,61,55,67
32428,1.0,10.0,2.0,7.0,3.0,2.0,0.30000000000000004,0.1,40.0,86,7051.875,0,5,66,61,72
32428,1.0,10.0,2.0,7.0,3.0,2.0,0.30000000000000004,0.1,40.0,87,6154.84375,0,5,69,63,75
32428,1.0,10.0,2.0,7.0,3.0,2.0,0.30000000000000004,0.1,40.0,88,5393.5546875,0,5,69,62,75
32428,1.0,10.0,2.0,7.0,3.0,2.0,0.30000000000000004,0.1,40.0,89,5161.943359375,0,5,68,67,74
32428,1.0,10.0,2.0,7.0,3.0,2.0,0.30000000000000004,0.1,40.0,90,5052.42919921875,0,4,68,68,73
32428,1.0,10.0,2.0,7.0,3.0,2.0,0.30000000000000004,0.1,40.0,91,5355.5364990234375,0,4,70,67,75
32428,1.0,10.0,2.0,7.0,3.0,2.0,0.30000000000000004,0.1,40.0,92,5774.420623779297,0,4,70,67,75
32428,1.0,10.0,2.0,7.0,3.0,2.0,0.30000000000000004,0.1,40.0,93,6238.025779724121,0,4,72,68,77
32428,1.0,10.0,2.0,7.0,3.0,2.0,0.30000000000000004,0.1,40.0,94,6717.532224655151,0,4,72,68,77
32428,1.0,10.0,2.0,7.0,3.0,2.0,0.30000000000000004,0.1,40.0,95,7496.915280818939,0,4,71,68,76
32428,1.0,10.0,2.0,7.0,3.0,2.0,0.30000000000000004,0.1,40.0,96,7951.144101023674,0,4,71,71,76
32428,1.0,10.0,2.0,7.0,3.0,2.0,0.30000000000000004,0.1,40.0,97,7898.9301262795925,0,3,70,72,73
32428,1.0,10.0,2.0,7.0,3.0,2.0,0.30000000000000004,0.1,40.0,98,7613.662657849491,0,3,73,70,76
32428,1.0,10.0,2.0,7.0,3.0,2.0,0.30000000000000004,0.1,40.0,99,7137.078322311863,0,3,73,73,76
32428,1.0,10.0,2.0,7.0,3.0,2.0,0.30000000000000004,0.1,40.0,100,6441.347902889829,0,3,75,73,78
32428,1.0,10.0,2.0,7.0,3.0,2.0,0.30000000000000004,0.1,40.0,101,5871.684878612286,0,3,78,75,81
32428,1.0,10.0,2.0,7.0,3.0,2.0,0.30000000000000004,0.1,40.0,102,5919.606098265358,0,3,79,74,82
32428,1.0,10.0,2.0,7.0,3.0,2.0,0.30000000000000004,0.1,40.0,103,6059.5076228316975,0,3,80,75,83
32428,1.0,10.0,2.0,7.0,3.0,2.0,0.30000000000000004,0.1,40.0,104,6134.384528539622,0,3,79,75,82
32428,1.0,10.0,2.0,7.0,3.0,2.0,0.30000000000000004,0.1,40.0,105,6267.980660674528,0,3,79,73,82
32428,1.0,10.0,2.0,7.0,3.0,2.0,0.30000000000000004,0.1,40.0,106,6574.975825843159,0,3,79,70,82
32428,1.0,10.0,2.0,7.0,3.0,2.0,0.30000000000000004,0.1,40.0,107,6958.71978230395,0,3,81,67,84
32428,1.0,10.0,2.0,7.0,3.0,2.0,0.30000000000000004,0.1,40.0,108,7318.399727879936,0,3,81,70,84
32428,1.0,10.0,2.0,7.0,3.0,2.0,0.30000000000000004,0.1,40.0,109,7687.99965984992,0,3,82,68,85
32428,1.0,10.0,2.0,7.0,3.0,2.0,0.30000000000000004,0.1,40.0,110,8009.9995748124,0,3,85,69,88
32428,1.0,10.0,2.0,7.0,3.0,2.0,0.30000000000000004,0.1,40.0,111,8060.0,0,3,84,66,87
32428,1.0,10.0,2.0,7.0,3.0,2.0,0.30000000000000004,0.1,40.0,112,7900.0,0,2,85,64,87
32428,1.0,10.0,2.0,7.0,3.0,2.0,0.30000000000000004,0.1,40.0,113,7615.0,0,1,85,62,86
32428,1.0,10.0,2.0,7.0,3.0,2.0,0.30000000000000004,0.1,40.0,114,7198.75,0,1,88,61,89
32428,1.0,10.0,2.0,7.0,3.0,2.0,0.30000000000000004,0.1,40.0,115,6538.4375,0,1,90,64,91
32428,1.0,10.0,2.0,7.0,3.0,2.0,0.30000000000000004,0.1,40.0,116,5953.046875,0,1,91,62,92
32428,1.0,10.0,2.0,7.0,3.0,2.0,0.30000000000000004,0.1,40.0,117,5761.30859375,0,1,92,57,93
32428,1.0,10.0,2.0,7.0,3.0,2.0,0.30000000000000004,0.1,40.0,118,5721.6357421875,0,0,94,56,94
32428,1.0,10.0,2.0,7.0,3.0,2.0,0.30000000000000004,0.1,40.0,119,5772.044677734375,0,0,93,52,93
32428,1.0,10.0,2.0,7.0,3.0,2.0,0.30000000000000004,0.1,40.0,120,5695.055847167969,0,0,89,52,89
32428,1.0,10.0,2.0,7.0,3.0,2.0,0.30000000000000004,0.1,40.0,121,5618.819808959961,0,0,91,50,91
32428,1.0,10.0,2.0,7.0,3.0,2.0,0.30000000000000004,0.1,40.0,122,5563.524761199951,0,0,91,48,91
32428,1.0,10.0,2.0,7.0,3.0,2.0,0.30000000000000004,0.1,40.0,123,5394.405951499939,0,0,93,47,93
32428,1.0,10.0,2.0,7.0,3.0,2.0,0.30000000000000004,0.1,40.0,124,5383.007439374924,0,0,93,46,93
32428,1.0,10.0,2.0,7.0,3.0,2.0,0.30000000000000004,0.1,40.0,125,5308.759299218655,0,0,92,41,92
32428,1.0,10.0,2.0,7.0,3.0,2.0,0.30000000000000004,0.1,40.0,126,5175.949124023318,0,0,91,40,91
32428,1.0,10.0,2.0,7.0,3.0,2.0,0.30000000000000004,0.1,40.0,127,4969.936405029148,0,0,87,36,87
32428,1.0,10.0,2.0,7.0,3.0,2.0,0.30000000000000004,0.1,40.0,128,4752.420506286435,0,0,84,33,84
32428,1.0,10.0,2.0,7.0,3.0,2.0,0.30000000000000004,0.1,40.0,129,4560.5256328580435,0,0,86,32,86
32428,1.0,10.0,2.0,7.0,3.0,2.0,0.30000000000000004,0.1,40.0,130,4500.657041072554,0,0,88,32,88
32428,1.0,10.0,2.0,7.0,3.0,2.0,0.30000000000000004,0.1,40.0,131,4545.821301340693,0,0,88,31,88
32428,1.0,10.0,2.0,7.0,3.0,2.0,0.30000000000000004,0.1,40.0,132,4662.276626675866,0,0,88,32,88
32428,1.0,10.0,2.0,7.0,3.0,2.0,0.30000000000000004,0.1,40.0,133,4907.845783344833,0,0,88,31,88
32428,1.0,10.0,2.0,7.0,3.0,2.0,0.30000000000000004,0.1,40.0,134,5134.807229181041,0,0,87,31,87
32428,1.0,10.0,2.0,7.0,3.0,2.0,0.30000000000000004,0.1,40.0,135,5278.509036476302,0,0,88,30,88
32428,1.0,10.0,2.0,7.0,3.0,2.0,0.30000000000000004,0.1,40.0,136,5558.136295595377,0,0,84,30,84
32428,1.0,10.0,2.0,7.0,3.0,2.0,0.30000000000000004,0.1,40.0,137,5967.670369494222,0,0,86,31,86
32428,1.0,10.0,2.0,7.0,3.0,2.0,0.30000000000000004,0.1,40.0,138,6179.587961867777,0,0,86,30,86
32428,1.0,10.0,2.0,7.0,3.0,2.0,0.30000000000000004,0.1,40.0,139,6184.484952334722,0,0,88,29,88
32428,1.0,10.0,2.0,7.0,3.0,2.0,0.30000000000000004,0.1,40.0,140,6030.606190418403,0,0,87,28,87
32428,1.0,10.0,2.0,7.0,3.0,2.0,0.30000000000000004,0.1,40.0,141,5638.257738023003,0,0,87,28,87
32428,1.0,10.0,2.0,7.0,3.0,2.0,0.30000000000000004,0.1,40.0,142,5127.822172528754,0,0,84,28,84
32428,1.0,10.0,2.0,7.0,3.0,2.0,0.30000000000000004,0.1,40.0,143,4569.777715660943,0,0,85,25,85
32428,1.0,10.0,2.0,7.0,3.0,2.0,0.30000000000000004,0.1,40.0,144,4192.222144576179,0,0,84,25,84
32428,1.0,10.0,2.0,7.0,3.0,2.0,0.30000000000000004,0.1,40.0,145,4040.2776807202235,0,0,85,25,85
32428,1.0,10.0,2.0,7.0,3.0,2.0,0.30000000000000004,0.1,40.0,146,4230.34710090028,0,0,85,26,85
32428,1.0,10.0,2.0,7.0,3.0,2.0,0.30000000000000004,0.1,40.0,147,4327.933876125349,0,0,85,27,85
32428,1.0,10.0,2.0,7.0,3.0,2.0,0.30000000000000004,0.1,40.0,148,4509.917345156687,0,0,83,27,83
32428,1.0,10.0,2.0,7.0,3.0,2.0,0.30000000000000004,0.1,40.0,149,4717.396681445858,0,0,84,26,84
32428,1.0,10.0,2.0,7.0,3.0,2.0,0.30000000000000004,0.1,40.0,150,4716.745851807323,0,0,83,26,83
32428,1.0,10.0,2.0,7.0,3.0,2.0,0.30000000000000004,0.1,40.0,151,4955.932314759153,0,0,85,25,85
32428,1.0,10.0,2.0,7.0,3.0,2.0,0.30000000000000004,0.1,40.0,152,5134.915393448941,0,0,84,25,84
32428,1.0,10.0,2.0,7.0,3.0,2.0,0.30000000000000004,0.1,40.0,153,5478.6442418111765,0,0,83,25,83
32428,1.0,10.0,2.0,7.0,3.0,2.0,0.30000000000000004,0.1,40.0,154,5688.305302263971,0,0,82,24,82
32428,1.0,10.0,2.0,7.0,3.0,2.0,0.30000000000000004,0.1,40.0,155,5790.381627829964,0,0,81,23,81
32428,1.0,10.0,2.0,7.0,3.0,2.0,0.30000000000000004,0.1,40.0,156,5657.977034787455,0,0,80,22,80
32428,1.0,10.0,2.0,7.0,3.0,2.0,0.30000000000000004,0.1,40.0,157,5472.471293484318,0,0,80,22,80
32428,1.0,10.0,2.0,7.0,3.0,2.0,0.30000000000000004,0.1,40.0,158,5160.589116855398,0,0,79,23,79
32428,1.0,10.0,2.0,7.0,3.0,2.0,0.30000000000000004,0.1,40.0,159,4710.736396069247,0,0,79,24,79
32428,1.0,10.0,2.0,7.0,3.0,2.0,0.30000000000000004,0.1,40.0,160,4068.4204950865587,0,0,79,25,79
32428,1.0,10.0,2.0,7.0,3.0,2.0,0.30000000000000004,0.1,40.0,161,3805.525618858199,0,0,76,27,76
32428,1.0,10.0,2.0,7.0,3.0,2.0,0.30000000000000004,0.1,40.0,162,3756.9070235727486,0,0,77,27,77
32428,1.0,10.0,2.0,7.0,3.0,2.0,0.30000000000000004,0.1,40.0,163,3916.1337794659357,0,0,75,26,75
32428,1.0,10.0,2.0,7.0,3.0,2.0,0.30000000000000004,0.1,40.0,164,4275.167224332419,0,0,76,25,76
32428,1.0,10.0,2.0,7.0,3.0,2.0,0.30000000000000004,0.1,40.0,165,4603.9590304155245,0,0,74,24,74
32428,1.0,10.0,2.0,7.0,3.0,2.0,0.30000000000000004,0.1,40.0,166,4974.948788019406,0,0,71,24,71
32428,1.0,10.0,2.0,7.0,3.0,2.0,0.30000000000000004,0.1,40.0,167,5118.685985024257,0,0,71,22,71
32428,1.0,10.0,2.0,7.0,3.0,2.0,0.30000000000000004,0.1,40.0,168,5138.357481280322,0,0,69,23,69
32428,1.0,10.0,2.0,7.0,3.0,2.0,0.30000000000000004,0.1,40.0,169,4942.946851600402,0,0,69,23,69
32428,1.0,10.0,2.0,7.0,3.0,2.0,0.30000000000000004,0.1,40.0,170,4638.683564500502,0,0,68,24,68
32428,1.0,10.0,2.0,7.0,3.0,2.0,0.30000000000000004,0.1,40.0,171,4238.354455625627,0,0,66,23,66
32428,1.0,10.0,2.0,7.0,3.0,2.0,0.30000000000000004,0.1,40.0,172,3717.9430695320343,0,0,67,22,67
32428,1.0,10.0,2.0,7.0,3.0,2.0,0.30000000000000004,0.1,40.0,173,3407.4288369150427,0,0,65,24,65
32428,1.0,10.0,2.0,7.0,3.0,2.0,0.30000000000000004,0.1,40.0,174,3279.286046143803,0,0,65,23,65
32428,1.0,10.0,2.0,7.0,3.0,2.0,0.30000000000000004,0.1,40.0,175,3339.107557679754,0,0,62,24,62
32428,1.0,10.0,2.0,7.0,3.0,2.0,0.30000000000000004,0.1,40.0,176,3333.884447099692,0,0,63,23,63
32428,1.0,10.0,2.0,7.0,3.0,2.0,0.30000000000000004,0.1,40.0,177,3327.355558874615,0,0,64,23,64
32428,1.0,10.0,2.0,7.0,3.0,2.0,0.30000000000000004,0.1,40.0,178,3499.194448593269,0,0,63,23,63
32428,1.0,10.0,2.0,7.0,3.0,2.0,0.30000000000000004,0.1,40.0,179,3573.9930607415863,0,0,65,23,65
32428,1.0,10.0,2.0,7.0,3.0,2.0,0.30000000000000004,0.1,40.0,180,3707.4913259269833,0,0,65,20,65
32428,1.0,10.0,2.0,7.0,3.0,2.0,0.30000000000000004,0.1,40.0,181,3814.3641574087287,0,0,62,21,62
32428,1.0,10.0,2.0,7.0,3.0,2.0,0.30000000000000004,0.1,40.0,182,3927.9551967609113,0,0,60,21,60
32428,1.0,10.0,2.0,7.0,3.0,2.0,0.30000000000000004,0.1,40.0,183,4069.943995951139,0,0,58,21,58
32428,1.0,10.0,2.0,7.0,3.0,2.0,0.30000000000000004,0.1,40.0,184,4147.429994938924,0,0,58,21,58
32428,1.0,10.0,2.0,7.0,3.0,2.0,0.30000000000000004,0.1,40.0,185,4004.2874936736553,0,0,61,21,61
32428,1.0,10.0,2.0,7.0,3.0,2.0,0.30000000000000004,0.1,40.0,186,3805.359367092069,0,0,61,19,61
32428,1.0,10.0,2.0,7.0,3.0,2.0,0.30000000000000004,0.1,40.0,187,3556.699208865086,0,0,61,17,61
32428,1.0,10.0,2.0,7.0,3.0,2.0,0.30000000000000004,0.1,40.0,188,3245.874011081358,0,0,62,16,62
32428,1.0,10.0,2.0,7.0,3.0,2.0,0.30000000000000004,0.1,40.0,189,2977.3425138516973,0,0,61,18,61
32428,1.0,10.0,2.0,7.0,3.0,2.0,0.30000000000000004,0.1,40.0,190,2881.6781423146217,0,0,62,18,62
32428,1.0,10.0,2.0,7.0,3.0,2.0,0.30000000000000004,0.1,40.0,191,3022.0976778932773,0,0,62,19,62
32428,1.0,10.0,2.0,7.0,3.0,2.0,0.30000000000000004,0.1,40.0,192,3257.622097366597,0,0,62,18,62
32428,1.0,10.0,2.0,7.0,3.0,2.0,0.30000000000000004,0.1,40.0,193,3612.027621708246,0,0,60,19,60
32428,1.0,10.0,2.0,7.0,3.0,2.0,0.30000000000000004,0.1,40.0,194,3855.034527135307,0,0,57,18,57
32428,1.0,10.0,2.0,7.0,3.0,2.0,0.30000000000000004,0.1,40.0,195,4098.793158919134,0,0,57,17,57
32428,1.0,10.0,2.0,7.0,3.0,2.0,0.30000000000000004,0.1,40.0,196,4163.491448648918,0,0,55,17,55
32428,1.0,10.0,2.0,7.0,3.0,2.0,0.30000000000000004,0.1,40.0,197,4124.364310811147,0,0,55,17,55
32428,1.0,10.0,2.0,7.0,3.0,2.0,0.30000000000000004,0.1,40.0,198,3975.455388513934,0,0,53,18,53
32428,1.0,10.0,2.0,7.0,3.0,2.0,0.30000000000000004,0.1,40.0,199,3669.319235642417,0,0,52,18,52
32428,1.0,10.0,2.0,7.0,3.0,2.0,0.30000000000000004,0.1,40.0,200,3326.6490445530217,0,0,52,17,52
32428,1.0,10.0,2.0,7.0,3.0,2.0,0.30000000000000004,0.1,40.0,201,2898.311305691277,0,0,50,18,50
32428,1.0,10.0,2.0,7.0,3.0,2.0,0.30000000000000004,0.1,40.0,202,2582.8891321140964,0,0,50,16,50
32428,1.0,10.0,2.0,7.0,3.0,2.0,0.30000000000000004,0.1,40.0,203,2348.6114151426204,0,0,52,13,52
32428,1.0,10.0,2.0,7.0,3.0,2.0,0.30000000000000004,0.1,40.0,204,2415.7642689282757,0,0,49,13,49
32428,1.0,10.0,2.0,7.0,3.0,2.0,0.30000000000000004,0.1,40.0,205,2399.705336160345,0,0,48,12,48
32428,1.0,10.0,2.0,7.0,3.0,2.0,0.30000000000000004,0.1,40.0,206,2399.631670200431,0,0,49,12,49
32428,1.0,10.0,2.0,7.0,3.0,2.0,0.30000000000000004,0.1,40.0,207,2499.539587750539,0,0,51,12,51
32428,1.0,10.0,2.0,7.0,3.0,2.0,0.30000000000000004,0.1,40.0,208,2524.424484688174,0,0,49,13,49
32428,1.0,10.0,2.0,7.0,3.0,2.0,0.30000000000000004,0.1,40.0,209,2515.5306058602173,0,0,49,12,49
32428,1.0,10.0,2.0,7.0,3.0,2.0,0.30000000000000004,0.1,40.0,210,2564.413257325272,0,0,50,11,50
32428,1.0,10.0,2.0,7.0,3.0,2.0,0.30000000000000004,0.1,40.0,211,2545.51657165659,0,0,50,11,50
32428,1.0,10.0,2.0,7.0,3.0,2.0,0.30000000000000004,0.1,40.0,212,2481.8957145707373,0,0,51,10,51
32428,1.0,10.0,2.0,7.0,3.0,2.0,0.30000000000000004,0.1,40.0,213,2402.3696432134216,0,0,49,11,49
32428,1.0,10.0,2.0,7.0,3.0,2.0,0.30000000000000004,0.1,40.0,214,2282.962054016777,0,0,49,11,49
32428,1.0,10.0,2.0,7.0,3.0,2.0,0.30000000000000004,0.1,40.0,215,2313.7025675209716,0,0,49,11,49
32428,1.0,10.0,2.0,7.0,3.0,2.0,0.30000000000000004,0.1,40.0,216,2312.1282094012145,0,0,49,10,49
32428,1.0,10.0,2.0,7.0,3.0,2.0,0.30000000000000004,0.1,40.0,217,2290.160261751518,0,0,49,10,49
32428,1.0,10.0,2.0,7.0,3.0,2.0,0.30000000000000004,0.1,40.0,218,2282.7003271893977,0,0,50,10,50
32428,1.0,10.0,2.0,7.0,3.0,2.0,0.30000000000000004,0.1,40.0,219,2333.375408986747,0,0,50,10,50
32428,1.0,10.0,2.0,7.0,3.0,2.0,0.30000000000000004,0.1,40.0,220,2476.719261233434,0,0,49,10,49
32428,1.0,10.0,2.0,7.0,3.0,2.0,0.30000000000000004,0.1,40.0,221,2595.899076541792,0,0,50,10,50
32428,1.0,10.0,2.0,7.0,3.0,2.0,0.30000000000000004,0.1,40.0,222,2624.87384567724,0,0,48,10,48
32428,1.0,10.0,2.0,7.0,3.0,2.0,0.30000000000000004,0.1,40.0,223,2701.09230709655,0,0,47,9,47
32428,1.0,10.0,2.0,7.0,3.0,2.0,0.30000000000000004,0.1,40.0,224,2816.3653838706878,0,0,47,10,47
32428,1.0,10.0,2.0,7.0,3.0,2.0,0.30000000000000004,0.1,40.0,225,2960.45672983836,0,0,47,10,47
32428,1.0,10.0,2.0,7.0,3.0,2.0,0.30000000000000004,0.1,40.0,226,3000.5709122979497,0,0,47,9,47
32428,1.0,10.0,2.0,7.0,3.0,2.0,0.30000000000000004,0.1,40.0,227,2890.713640372437,0,0,47,9,47
32428,1.0,10.0,2.0,7.0,3.0,2.0,0.30000000000000004,0.1,40.0,228,2773.392050465546,0,0,47,9,47
32428,1.0,10.0,2.0,7.0,3.0,2.0,0.30000000000000004,0.1,40.0,229,2566.740063081933,0,0,45,8,45
32428,1.0,10.0,2.0,7.0,3.0,2.0,0.30000000000000004,0.1,40.0,230,2328.425078852416,0,0,42,8,42
32428,1.0,10.0,2.0,7.0,3.0,2.0,0.30000000000000004,0.1,40.0,231,2070.5313485655197,0,0,44,8,44
32428,1.0,10.0,2.0,7.0,3.0,2.0,0.30000000000000004,0.1,40.0,232,1888.1641857068998,0,0,42,8,42
32428,1.0,10.0,2.0,7.0,3.0,2.0,0.30000000000000004,0.1,40.0,233,1820.205232133625,0,0,41,8,41
32428,1.0,10.0,2.0,7.0,3.0,2.0,0.30000000000000004,0.1,40.0,234,1875.2565401670313,0,0,40,8,40
32428,1.0,10.0,2.0,7.0,3.0,2.0,0.30000000000000004,0.1,40.0,235,2044.070675208789,0,0,43,7,43
32428,1.0,10.0,2.0,7.0,3.0,2.0,0.30000000000000004,0.1,40.0,236,2175.0883440109865,0,0,43,7,43
32428,1.0,10.0,2.0,7.0,3.0,2.0,0.30000000000000004,0.1,40.0,237,2218.860430013733,0,0,42,7,42
32428,1.0,10.0,2.0,7.0,3.0,2.0,0.30000000000000004,0.1,40.0,238,2373.5755375171666,0,0,42,7,42
32428,1.0,10.0,2.0,7.0,3.0,2.0,0.30000000000000004,0.1,40.0,239,2526.9694218964582,0,0,40,7,40
32428,1.0,10.0,2.0,7.0,3.0,2.0,0.30000000000000004,0.1,40.0,240,2578.7117773705727,0,0,40,7,40
32428,1.0,10.0,2.0,7.0,3.0,2.0,0.30000000000000004,0.1,40.0,241,2543.3897217132157,0,0,40,7,40
32428,1.0,10.0,2.0,7.0,3.0,2.0,0.30000000000000004,0.1,40.0,242,2419.23715214152,0,0,42,6,42
32428,1.0,10.0,2.0,7.0,3.0,2.0,0.30000000000000004,0.1,40.0,243,2204.0464401768995,0,0,45,6,45
32428,1.0,10.0,2.0,7.0,3.0,2.0,0.30000000000000004,0.1,40.0,244,1955.0580502211242,0,0,44,6,44
32428,1.0,10.0,2.0,7.0,3.0,2.0,0.30000000000000004,0.1,40.0,245,1763.822562776405,0,0,42,6,42
32428,1.0,10.0,2.0,7.0,3.0,2.0,0.30000000000000004,0.1,40.0,246,1824.778203470506,0,0,42,7,42
32428,1.0,10.0,2.0,7.0,3.0,2.0,0.30000000000000004,0.1,40.0,247,1840.9727543381323,0,0,41,7,41
32428,1.0,10.0,2.0,7.0,3.0,2.0,0.30000000000000004,0.1,40.0,248,2101.2159429226654,0,0,38,7,38
32428,1.0,10.0,2.0,7.0,3.0,2.0,0.30000000000000004,0.1,40.0,249,2266.5199286533316,0,0,39,7,39
32428,1.0,10.0,2.0,7.0,3.0,2.0,0.30000000000000004,0.1,40.0,250,2533.1499108166645,0,0,39,7,39
32428,1.0,10.0,2.0,7.0,3.0,2.0,0.30000000000000004,0.1,40.0,251,2726.4373885208306,0,0,38,6,38
32428,1.0,10.0,2.0,7.0,3.0,2.0,0.30000000000000004,0.1,40.0,252,2868.046735651038,0,0,38,5,38
32428,1.0,10.0,2.0,7.0,3.0,2.0,0.30000000000000004,0.1,40.0,253,2945.0584195637975,0,0,37,5,37
32428,1.0,10.0,2.0,7.0,3.0,2.0,0.30000000000000004,0.1,40.0,254,3001.3230244547467,0,0,35,4,35
32428,1.0,10.0,2.0,7.0,3.0,2.0,0.30000000000000004,0.1,40.0,255,2991.6537805684334,0,0,36,4,36
32428,1.0,10.0,2.0,7.0,3.0,2.0,0.30000000000000004,0.1,40.0,256,2959.5672257105416,0,0,36,4,36
32428,1.0,10.0,2.0,7.0,3.0,2.0,0.30000000000000004,0.1,40.0,257,2899.459032138177,0,0,36,4,36
32428,1.0,10.0,2.0,7.0,3.0,2.0,0.30000000000000004,0.1,40.0,258,2844.323790172721,0,0,38,4,38
32428,1.0,10.0,2.0,7.0,3.0,2.0,0.30000000000000004,0.1,40.0,259,2735.4047377159013,0,0,38,4,38
32428,1.0,10.0,2.0,7.0,3.0,2.0,0.30000000000000004,0.1,40.0,260,2599.2559221448764,0,0,37,4,37
32428,1.0,10.0,2.0,7.0,3.0,2.0,0.30000000000000004,0.1,40.0,261,2449.0699026810953,0,0,38,5,38
32428,1.0,10.0,2.0,7.0,3.0,2.0,0.30000000000000004,0.1,40.0,262,2241.337378351369,0,0,38,5,38
32428,1.0,10.0,2.0,7.0,3.0,2.0,0.30000000000000004,0.1,40.0,263,1941.6717229392111,0,0,41,5,41
32428,1.0,10.0,2.0,7.0,3.0,2.0,0.30000000000000004,0.1,40.0,264,1747.0896536740138,0,0,43,5,43
32428,1.0,10.0,2.0,7.0,3.0,2.0,0.30000000000000004,0.1,40.0,265,1743.8620670925175,0,0,44,6,44
32428,1.0,10.0,2.0,7.0,3.0,2.0,0.30000000000000004,0.1,40.0,266,1759.8275838656468,0,0,43,6,43
32428,1.0,10.0,2.0,7.0,3.0,2.0,0.30000000000000004,0.1,40.0,267,1879.7844798320584,0,0,41,5,41
32428,1.0,10.0,2.0,7.0,3.0,2.0,0.30000000000000004,0.1,40.0,268,2049.730599790073,0,0,40,5,40
32428,1.0,10.0,2.0,7.0,3.0,2.0,0.30000000000000004,0.1,40.0,269,2262.1632497375913,0,0,38,5,38
32428,1.0,10.0,2.0,7.0,3.0,2.0,0.30000000000000004,0.1,40.0,270,2387.704062171989,0,0,36,5,36
32428,1.0,10.0,2.0,7.0,3.0,2.0,0.30000000000000004,0.1,40.0,271,2404.6300777149863,0,0,37,5,37
32428,1.0,10.0,2.0,7.0,3.0,2.0,0.30000000000000004,0.1,40.0,272,2345.787597143733,0,0,37,6,37
32428,1.0,10.0,2.0,7.0,3.0,2.0,0.30000000000000004,0.1,40.0,273,2212.2344964296663,0,0,38,5,38
32428,1.0,10.0,2.0,7.0,3.0,2.0,0.30000000000000004,0.1,40.0,274,2005.2931205370828,0,0,37,5,37
32428,1.0,10.0,2.0,7.0,3.0,2.0,0.30000000000000004,0.1,40.0,275,1746.6164006713534,0,0,39,5,39
32428,1.0,10.0,2.0,7.0,3.0,2.0,0.30000000000000004,0.1,40.0,276,1623.2705008391918,0,0,38,5,38
32428,1.0,10.0,2.0,7.0,3.0,2.0,0.30000000000000004,0.1,40.0,277,1629.0881260489896,0,0,37,5,37
32428,1.0,10.0,2.0,7.0,3.0,2.0,0.30000000000000004,0.1,40.0,278,1616.360157561237,0,0,37,5,37
32428,1.0,10.0,2.0,7.0,3.0,2.0,0.30000000000000004,0.1,40.0,279,1640.4501969515463,0,0,38,5,38
32428,1.0,10.0,2.0,7.0,3.0,2.0,0.30000000000000004,0.1,40.0,280,1670.5627461894328,0,0,39,5,39
32428,1.0,10.0,2.0,7.0,3.0,2.0,0.30000000000000004,0.1,40.0,281,1688.203432736791,0,0,38,5,38
32428,1.0,10.0,2.0,7.0,3.0,2.0,0.30000000000000004,0.1,40.0,282,1730.2542909209888,0,0,38,4,38
32428,1.0,10.0,2.0,7.0,3.0,2.0,0.30000000000000004,0.1,40.0,283,1822.8178636512357,0,0,37,4,37
32428,1.0,10.0,2.0,7.0,3.0,2.0,0.30000000000000004,0.1,40.0,284,1818.5223295640444,0,0,37,4,37
32428,1.0,10.0,2.0,7.0,3.0,2.0,0.30000000000000004,0.1,40.0,285,1873.1529119550555,0,0,36,4,36
32428,1.0,10.0,2.0,7.0,3.0,2.0,0.30000000000000004,0.1,40.0,286,1981.4411399438195,0,0,36,4,36
32428,1.0,10.0,2.0,7.0,3.0,2.0,0.30000000000000004,0.1,40.0,287,2056.8014249297744,0,0,36,4,36
32428,1.0,10.0,2.0,7.0,3.0,2.0,0.30000000000000004,0.1,40.0,288,2051.001781162218,0,0,37,3,37
32428,1.0,10.0,2.0,7.0,3.0,2.0,0.30000000000000004,0.1,40.0,289,1943.7522264527724,0,0,37,3,37
32428,1.0,10.0,2.0,7.0,3.0,2.0,0.30000000000000004,0.1,40.0,290,1789.6902830659656,0,0,36,3,36
32428,1.0,10.0,2.0,7.0,3.0,2.0,0.30000000000000004,0.1,40.0,291,1637.112853832457,0,0,37,3,37
32428,1.0,10.0,2.0,7.0,3.0,2.0,0.30000000000000004,0.1,40.0,292,1546.3910672905713,0,0,38,3,38
32428,1.0,10.0,2.0,7.0,3.0,2.0,0.30000000000000004,0.1,40.0,293,1492.9888341132141,0,0,38,3,38
32428,1.0,10.0,2.0,7.0,3.0,2.0,0.30000000000000004,0.1,40.0,294,1506.2360426415175,0,0,38,3,38
32428,1.0,10.0,2.0,7.0,3.0,2.0,0.30000000000000004,0.1,40.0,295,1602.795053301897,0,0,38,3,38
32428,1.0,10.0,2.0,7.0,3.0,2.0,0.30000000000000004,0.1,40.0,296,1743.4938166273714,0,0,37,3,37
32428,1.0,10.0,2.0,7.0,3.0,2.0,0.30000000000000004,0.1,40.0,297,1919.3672707842143,0,0,36,3,36
32428,1.0,10.0,2.0,7.0,3.0,2.0,0.30000000000000004,0.1,40.0,298,2079.209088480268,0,0,35,3,35
32428,1.0,10.0,2.0,7.0,3.0,2.0,0.30000000000000004,0.1,40.0,299,2139.0113606003347,0,0,34,3,34
32428,1.0,10.0,2.0,7.0,3.0,2.0,0.30000000000000004,0.1,40.0,300,2153.7642007504182,0,0,35,3,35
32428,1.0,10.0,2.0,7.0,3.0,2.0,0.30000000000000004,0.1,40.0,301,2092.205250938023,0,0,35,2,35
32428,1.0,10.0,2.0,7.0,3.0,2.0,0.30000000000000004,0.1,40.0,302,1975.2565636725285,0,0,33,2,33
32428,1.0,10.0,2.0,7.0,3.0,2.0,0.30000000000000004,0.1,40.0,303,1789.0707045906606,0,0,33,2,33
32428,1.0,10.0,2.0,7.0,3.0,2.0,0.30000000000000004,0.1,40.0,304,1556.3383807383257,0,0,35,2,35
32428,1.0,10.0,2.0,7.0,3.0,2.0,0.30000000000000004,0.1,40.0,305,1385.422975922907,0,0,35,2,35
32428,1.0,10.0,2.0,7.0,3.0,2.0,0.30000000000000004,0.1,40.0,306,1311.7787199036338,0,0,33,2,33
32428,1.0,10.0,2.0,7.0,3.0,2.0,0.30000000000000004,0.1,40.0,307,1279.7233998795423,0,0,32,1,32
32428,1.0,10.0,2.0,7.0,3.0,2.0,0.30000000000000004,0.1,40.0,308,1299.6542498494277,0,0,32,1,32
32428,1.0,10.0,2.0,7.0,3.0,2.0,0.30000000000000004,0.1,40.0,309,1364.5678123117846,0,0,32,1,32
32428,1.0,10.0,2.0,7.0,3.0,2.0,0.30000000000000004,0.1,40.0,310,1445.7097653897308,0,0,32,1,32
32428,1.0,10.0,2.0,7.0,3.0,2.0,0.30000000000000004,0.1,40.0,311,1507.1372067371635,0,0,32,1,32
32428,1.0,10.0,2.0,7.0,3.0,2.0,0.30000000000000004,0.1,40.0,312,1643.9215084214543,0,0,32,1,32
32428,1.0,10.0,2.0,7.0,3.0,2.0,0.30000000000000004,0.1,40.0,313,1674.9018855268178,0,0,32,0,32
32428,1.0,10.0,2.0,7.0,3.0,2.0,0.30000000000000004,0.1,40.0,314,1713.6273569085224,0,0,32,0,32
32428,1.0,10.0,2.0,7.0,3.0,2.0,0.30000000000000004,0.1,40.0,315,1642.034196135653,0,0,31,0,31
32428,1.0,10.0,2.0,7.0,3.0,2.0,0.30000000000000004,0.1,40.0,316,1612.5427451695664,0,0,30,0,30
32428,1.0,10.0,2.0,7.0,3.0,2.0,0.30000000000000004,0.1,40.0,317,1515.678431461958,0,0,29,0,29
32428,1.0,10.0,2.0,7.0,3.0,2.0,0.30000000000000004,0.1,40.0,318,1374.5980393274476,0,0,28,0,28
32428,1.0,10.0,2.0,7.0,3.0,2.0,0.30000000000000004,0.1,40.0,319,1178.2475491593095,0,0,30,0,30
32428,1.0,10.0,2.0,7.0,3.0,2.0,0.30000000000000004,0.1,40.0,320,1132.809436449137,0,0,30,0,30
32428,1.0,10.0,2.0,7.0,3.0,2.0,0.30000000000000004,0.1,40.0,321,1096.0117955614212,0,0,29,0,29
32428,1.0,10.0,2.0,7.0,3.0,2.0,0.30000000000000004,0.1,40.0,322,1070.0147444517766,0,0,28,0,28
32428,1.0,10.0,2.0,7.0,3.0,2.0,0.30000000000000004,0.1,40.0,323,1097.5184305647208,0,0,29,0,29
32428,1.0,10.0,2.0,7.0,3.0,2.0,0.30000000000000004,0.1,40.0,324,1091.898038205901,0,0,27,0,27
32428,1.0,10.0,2.0,7.0,3.0,2.0,0.30000000000000004,0.1,40.0,325,1084.8725477573762,0,0,27,0,27
32428,1.0,10.0,2.0,7.0,3.0,2.0,0.30000000000000004,0.1,40.0,326,1076.0906846967202,0,0,28,0,28
32428,1.0,10.0,2.0,7.0,3.0,2.0,0.30000000000000004,0.1,40.0,327,1085.1133558709003,0,0,26,0,26
32428,1.0,10.0,2.0,7.0,3.0,2.0,0.30000000000000004,0.1,40.0,328,1116.3916948386254,0,0,26,0,26
32428,1.0,10.0,2.0,7.0,3.0,2.0,0.30000000000000004,0.1,40.0,329,1075.4896185482817,0,0,26,0,26
32428,1.0,10.0,2.0,7.0,3.0,2.0,0.30000000000000004,0.1,40.0,330,1044.362023185352,0,0,25,0,25
32428,1.0,10.0,2.0,7.0,3.0,2.0,0.30000000000000004,0.1,40.0,331,1005.45252898169,0,0,25,0,25
32428,1.0,10.0,2.0,7.0,3.0,2.0,0.30000000000000004,0.1,40.0,332,996.8156612271125,0,0,26,0,26
32428,1.0,10.0,2.0,7.0,3.0,2.0,0.30000000000000004,0.1,40.0,333,986.0195765338906,0,0,27,0,27
32428,1.0,10.0,2.0,7.0,3.0,2.0,0.30000000000000004,0.1,40.0,334,992.5244706673632,0,0,23,0,23
32428,1.0,10.0,2.0,7.0,3.0,2.0,0.30000000000000004,0.1,40.0,335,1040.655588334204,0,0,24,0,24
32428,1.0,10.0,2.0,7.0,3.0,2.0,0.30000000000000004,0.1,40.0,336,1040.819485417755,0,0,24,0,24
32428,1.0,10.0,2.0,7.0,3.0,2.0,0.30000000000000004,0.1,40.0,337,1061.0243567721936,0,0,25,0,25
32428,1.0,10.0,2.0,7.0,3.0,2.0,0.30000000000000004,0.1,40.0,338,1006.280445965242,0,0,25,0,25
32428,1.0,10.0,2.0,7.0,3.0,2.0,0.30000000000000004,0.1,40.0,339,957.8505574565525,0,0,25,0,25
32428,1.0,10.0,2.0,7.0,3.0,2.0,0.30000000000000004,0.1,40.0,340,817.3131968206906,0,0,26,0,26
32428,1.0,10.0,2.0,7.0,3.0,2.0,0.30000000000000004,0.1,40.0,341,861.6414960258633,0,0,25,0,25
32428,1.0,10.0,2.0,7.0,3.0,2.0,0.30000000000000004,0.1,40.0,342,917.0518700323291,0,0,24,0,24
32428,1.0,10.0,2.0,7.0,3.0,2.0,0.30000000000000004,0.1,40.0,343,1046.3148375404114,0,0,23,0,23
32428,1.0,10.0,2.0,7.0,3.0,2.0,0.30000000000000004,0.1,40.0,344,1207.8935469255143,0,0,23,0,23
32428,1.0,10.0,2.0,7.0,3.0,2.0,0.30000000000000004,0.1,40.0,345,1209.8669336568928,0,0,22,0,22
32428,1.0,10.0,2.0,7.0,3.0,2.0,0.30000000000000004,0.1,40.0,346,1192.333667071116,0,0,21,0,21
32428,1.0,10.0,2.0,7.0,3.0,2.0,0.30000000000000004,0.1,40.0,347,1150.417083838895,0,0,20,0,20
32428,1.0,10.0,2.0,7.0,3.0,2.0,0.30000000000000004,0.1,40.0,348,1098.0213547986186,0,0,21,0,21
32428,1.0,10.0,2.0,7.0,3.0,2.0,0.30000000000000004,0.1,40.0,349,1012.5266934982733,0,0,21,0,21
32428,1.0,10.0,2.0,7.0,3.0,2.0,0.30000000000000004,0.1,40.0,350,925.6583668728417,0,0,19,0,19
32428,1.0,10.0,2.0,7.0,3.0,2.0,0.30000000000000004,0.1,40.0,351,797.0729585910522,0,0,20,0,20
32428,1.0,10.0,2.0,7.0,3.0,2.0,0.30000000000000004,0.1,40.0,352,756.3411982388152,0,0,21,0,21
32428,1.0,10.0,2.0,7.0,3.0,2.0,0.30000000000000004,0.1,40.0,353,765.426497798519,0,0,21,0,21
32428,1.0,10.0,2.0,7.0,3.0,2.0,0.30000000000000004,0.1,40.0,354,796.7831222481487,0,0,21,0,21
32428,1.0,10.0,2.0,7.0,3.0,2.0,0.30000000000000004,0.1,40.0,355,935.9789028101859,0,0,20,0,20
32428,1.0,10.0,2.0,7.0,3.0,2.0,0.30000000000000004,0.1,40.0,356,1069.9736285127324,0,0,20,0,20
32428,1.0,10.0,2.0,7.0,3.0,2.0,0.30000000000000004,0.1,40.0,357,1117.4670356409156,0,0,20,0,20
32428,1.0,10.0,2.0,7.0,3.0,2.0,0.30000000000000004,0.1,40.0,358,1176.8337945511444,0,0,20,0,20
32428,1.0,10.0,2.0,7.0,3.0,2.0,0.30000000000000004,0.1,40.0,359,1191.0422431889306,0,0,20,0,20
32428,1.0,10.0,2.0,7.0,3.0,2.0,0.30000000000000004,0.1,40.0,360,1168.8028039861633,0,0,20,0,20
32428,1.0,10.0,2.0,7.0,3.0,2.0,0.30000000000000004,0.1,40.0,361,1121.0035049827043,0,0,19,0,19
32428,1.0,10.0,2.0,7.0,3.0,2.0,0.30000000000000004,0.1,40.0,362,1081.2543812283802,0,0,18,0,18
32428,1.0,10.0,2.0,7.0,3.0,2.0,0.30000000000000004,0.1,40.0,363,1031.5679765354753,0,0,16,0,16
32428,1.0,10.0,2.0,7.0,3.0,2.0,0.30000000000000004,0.1,40.0,364,969.4599706693441,0,0,18,0,18
32428,1.0,10.0,2.0,7.0,3.0,2.0,0.30000000000000004,0.1,40.0,365,871.8249633366802,0,0,18,0,18
32428,1.0,10.0,2.0,7.0,3.0,2.0,0.30000000000000004,0.1,40.0,366,729.7812041708503,0,0,19,0,19
32428,1.0,10.0,2.0,7.0,3.0,2.0,0.30000000000000004,0.1,40.0,367,592.2265052135629,0,0,19,0,19
32428,1.0,10.0,2.0,7.0,3.0,2.0,0.30000000000000004,0.1,40.0,368,620.2831315169535,0,0,18,0,18
32428,1.0,10.0,2.0,7.0,3.0,2.0,0.30000000000000004,0.1,40.0,369,675.3539143961918,0,0,18,0,18
32428,1.0,10.0,2.0,7.0,3.0,2.0,0.30000000000000004,0.1,40.0,370,784.1923929952397,0,0,18,0,18
32428,1.0,10.0,2.0,7.0,3.0,2.0,0.30000000000000004,0.1,40.0,371,960.2404912440497,0,0,16,0,16
32428,1.0,10.0,2.0,7.0,3.0,2.0,0.30000000000000004,0.1,40.0,372,1060.3006140550622,0,0,15,0,15
32428,1.0,10.0,2.0,7.0,3.0,2.0,0.30000000000000004,0.1,40.0,373,1165.3757675688278,0,0,15,0,15
32428,1.0,10.0,2.0,7.0,3.0,2.0,0.30000000000000004,0.1,40.0,374,1216.7197094610347,0,0,16,0,16
32428,1.0,10.0,2.0,7.0,3.0,2.0,0.30000000000000004,0.1,40.0,375,1240.8996368262933,0,0,14,0,14
32428,1.0,10.0,2.0,7.0,3.0,2.0,0.30000000000000004,0.1,40.0,376,1271.1245460328666,0,0,14,0,14
32428,1.0,10.0,2.0,7.0,3.0,2.0,0.30000000000000004,0.1,40.0,377,1308.9056825410833,0,0,15,0,15
32428,1.0,10.0,2.0,7.0,3.0,2.0,0.30000000000000004,0.1,40.0,378,1376.1321031763541,0,0,13,0,13
32428,1.0,10.0,2.0,7.0,3.0,2.0,0.30000000000000004,0.1,40.0,379,1460.1651289704428,0,0,13,0,13
32428,1.0,10.0,2.0,7.0,3.0,2.0,0.30000000000000004,0.1,40.0,380,1565.2064112130533,0,0,14,0,14
32428,1.0,10.0,2.0,7.0,3.0,2.0,0.30000000000000004,0.1,40.0,381,1676.5080140163168,0,0,14,0,14
32428,1.0,10.0,2.0,7.0,3.0,2.0,0.30000000000000004,0.1,40.0,382,1835.635017520396,0,0,13,0,13
32428,1.0,10.0,2.0,7.0,3.0,2.0,0.30000000000000004,0.1,40.0,383,2034.543771900495,0,0,14,0,14
32428,1.0,10.0,2.0,7.0,3.0,2.0,0.30000000000000004,0.1,40.0,384,2263.1797148756186,0,0,15,0,15
32428,1.0,10.0,2.0,7.0,3.0,2.0,0.30000000000000004,0.1,40.0,385,2528.9746435945235,0,0,16,0,16
32428,1.0,10.0,2.0,7.0,3.0,2.0,0.30000000000000004,0.1,40.0,386,2841.2183044931544,0,0,16,0,16
32428,1.0,10.0,2.0,7.0,3.0,2.0,0.30000000000000004,0.1,40.0,387,3231.522880616443,0,0,17,0,17
32428,1.0,10.0,2.0,7.0,3.0,2.0,0.30000000000000004,0.1,40.0,388,3699.403600770554,0,0,19,0,19
32428,1.0,10.0,2.0,7.0,3.0,2.0,0.30000000000000004,0.1,40.0,389,4244.254500963192,0,0,20,0,20
32428,1.0,10.0,2.0,7.0,3.0,2.0,0.30000000000000004,0.1,40.0,390,4905.318126203991,0,0,21,0,21
32428,1.0,10.0,2.0,7.0,3.0,2.0,0.30000000000000004,0.1,40.0,391,5731.647657754988,0,0,21,0,21
32428,1.0,10.0,2.0,7.0,3.0,2.0,0.30000000000000004,0.1,40.0,392,6764.559572193735,0,0,22,0,22
32428,1.0,10.0,2.0,7.0,3.0,2.0,0.30000000000000004,0.1,40.0,393,8015.699465242169,0,0,22,0,22
32428,1.0,10.0,2.0,7.0,3.0,2.0,0.30000000000000004,0.1,40.0,394,9580.0,0,0,22,0,22
32428,1.0,10.0,2.0,7.0,3.0,2.0,0.30000000000000004,0.1,40.0,395,9560.0,0,0,25,0,25
32428,1.0,10.0,2.0,7.0,3.0,2.0,0.30000000000000004,0.1,40.0,396,9520.0,0,0,24,0,24
32428,1.0,10.0,2.0,7.0,3.0,2.0,0.30000000000000004,0.1,40.0,397,9520.0,0,0,26,0,26
32428,1.0,10.0,2.0,7.0,3.0,2.0,0.30000000000000004,0.1,40.0,398,9480.0,0,0,27,0,27
32428,1.0,10.0,2.0,7.0,3.0,2.0,0.30000000000000004,0.1,40.0,399,9460.0,0,0,29,0,29
32428,1.0,10.0,2.0,7.0,3.0,2.0,0.30000000000000004,0.1,40.0,400,9440.0,0,0,29,0,29
32428,1.0,10.0,2.0,7.0,3.0,2.0,0.30000000000000004,0.1,40.0,401,9420.0,0,0,30,0,30
32428,1.0,10.0,2.0,7.0,3.0,2.0,0.30000000000000004,0.1,40.0,402,9400.0,0,0,34,0,34
32428,1.0,10.0,2.0,7.0,3.0,2.0,0.30000000000000004,0.1,40.0,403,9320.0,0,0,35,0,35
32428,1.0,10.0,2.0,7.0,3.0,2.0,0.30000000000000004,0.1,40.0,404,9300.0,0,0,38,0,38
32428,1.0,10.0,2.0,7.0,3.0,2.0,0.30000000000000004,0.1,40.0,405,9260.0,0,0,39,0,39
32428,1.0,10.0,2.0,7.0,3.0,2.0,0.30000000000000004,0.1,40.0,406,9260.0,0,0,39,0,39
32428,1.0,10.0,2.0,7.0,3.0,2.0,0.30000000000000004,0.1,40.0,407,9240.0,0,0,39,0,39
32428,1.0,10.0,2.0,7.0,3.0,2.0,0.30000000000000004,0.1,40.0,408,9220.0,0,0,41,0,41
32428,1.0,10.0,2.0,7.0,3.0,2.0,0.30000000000000004,0.1,40.0,409,9180.0,0,0,46,0,46
32428,1.0,10.0,2.0,7.0,3.0,2.0,0.30000000000000004,0.1,40.0,410,9080.0,0,0,47,0,47
32428,1.0,10.0,2.0,7.0,3.0,2.0,0.30000000000000004,0.1,40.0,411,9060.0,0,0,50,0,50
32428,1.0,10.0,2.0,7.0,3.0,2.0,0.30000000000000004,0.1,40.0,412,9000.0,0,0,54,0,54
32428,1.0,10.0,2.0,7.0,3.0,2.0,0.30000000000000004,0.1,40.0,413,8920.0,0,0,57,0,57
32428,1.0,10.0,2.0,7.0,3.0,2.0,0.30000000000000004,0.1,40.0,414,8860.0,0,0,59,0,59
32428,1.0,10.0,2.0,7.0,3.0,2.0,0.30000000000000004,0.1,40.0,415,8840.0,0,0,61,0,61
32428,1.0,10.0,2.0,7.0,3.0,2.0,0.30000000000000004,0.1,40.0,416,8780.0,0,0,67,0,67
32428,1.0,10.0,2.0,7.0,3.0,2.0,0.30000000000000004,0.1,40.0,417,8660.0,0,0,69,0,69
32428,1.0,10.0,2.0,7.0,3.0,2.0,0.30000000000000004,0.1,40.0,418,8640.0,0,0,73,0,73
32428,1.0,10.0,2.0,7.0,3.0,2.0,0.30000000000000004,0.1,40.0,419,8540.0,0,0,77,0,77
32428,1.0,10.0,2.0,7.0,3.0,2.0,0.30000000000000004,0.1,40.0,420,8460.0,0,0,82,0,82
32428,1.0,10.0,2.0,7.0,3.0,2.0,0.30000000000000004,0.1,40.0,421,8380.0,0,0,84,0,84
32428,1.0,10.0,2.0,7.0,3.0,2.0,0.30000000000000004,0.1,40.0,422,8340.0,0,0,87,0,87
32428,1.0,10.0,2.0,7.0,3.0,2.0,0.30000000000000004,0.1,40.0,423,8260.0,0,0,96,0,96
32428,1.0,10.0,2.0,7.0,3.0,2.0,0.30000000000000004,0.1,40.0,424,8100.0,0,0,98,0,98
32428,1.0,10.0,2.0,7.0,3.0,2.0,0.30000000000000004,0.1,40.0,425,8040.0,0,0,105,0,105
32428,1.0,10.0,2.0,7.0,3.0,2.0,0.30000000000000004,0.1,40.0,426,7900.0,0,0,110,0,110
32428,1.0,10.0,2.0,7.0,3.0,2.0,0.30000000000000004,0.1,40.0,427,7695.0,0,0,116,0,116
32428,1.0,10.0,2.0,7.0,3.0,2.0,0.30000000000000004,0.1,40.0,428,7318.75,0,0,118,0,118
32428,1.0,10.0,2.0,7.0,3.0,2.0,0.30000000000000004,0.1,40.0,429,6828.4375,0,0,122,0,122
32428,1.0,10.0,2.0,7.0,3.0,2.0,0.30000000000000004,0.1,40.0,430,6095.546875,0,0,135,0,135
32428,1.0,10.0,2.0,7.0,3.0,2.0,0.30000000000000004,0.1,40.0,431,5219.43359375,0,0,138,0,138
32428,1.0,10.0,2.0,7.0,3.0,2.0,0.30000000000000004,0.1,40.0,432,4944.2919921875,0,0,141,0,141
32428,1.0,10.0,2.0,7.0,3.0,2.0,0.30000000000000004,0.1,40.0,433,5180.364990234375,0,0,143,0,143
32428,1.0,10.0,2.0,7.0,3.0,2.0,0.30000000000000004,0.1,40.0,434,5515.456237792969,0,0,144,0,144
32428,1.0,10.0,2.0,7.0,3.0,2.0,0.30000000000000004,0.1,40.0,435,6034.320297241211,0,0,142,0,142
32428,1.0,10.0,2.0,7.0,3.0,2.0,0.30000000000000004,0.1,40.0,436,6702.900371551514,0,0,141,0,141
32428,1.0,10.0,2.0,7.0,3.0,2.0,0.30000000000000004,0.1,40.0,437,7678.625464439392,0,0,142,0,142
32428,1.0,10.0,2.0,7.0,3.0,2.0,0.30000000000000004,0.1,40.0,438,8098.28183054924,0,0,141,0,141
32428,1.0,10.0,2.0,7.0,3.0,2.0,0.30000000000000004,0.1,40.0,439,7920.0,0,0,143,0,143
32428,1.0,10.0,2.0,7.0,3.0,2.0,0.30000000000000004,0.1,40.0,440,7780.0,0,0,142,0,142
32428,1.0,10.0,2.0,7.0,3.0,2.0,0.30000000000000004,0.1,40.0,441,7385.0,0,0,145,0,145
32428,1.0,10.0,2.0,7.0,3.0,2.0,0.30000000000000004,0.1,40.0,442,6711.25,0,0,150,0,150
32428,1.0,10.0,2.0,7.0,3.0,2.0,0.30000000000000004,0.1,40.0,443,5829.0625,0,0,150,0,150
32428,1.0,10.0,2.0,7.0,3.0,2.0,0.30000000000000004,0.1,40.0,444,5406.328125,0,0,154,0,154
32428,1.0,10.0,2.0,7.0,3.0,2.0,0.30000000000000004,0.1,40.0,445,5557.91015625,0,0,153,0,153
32428,1.0,10.0,2.0,7.0,3.0,2.0,0.30000000000000004,0.1,40.0,446,5867.3876953125,0,0,150,0,150
32428,1.0,10.0,2.0,7.0,3.0,2.0,0.30000000000000004,0.1,40.0,447,6414.234619140625,0,0,150,0,150
32428,1.0,10.0,2.0,7.0,3.0,2.0,0.30000000000000004,0.1,40.0,448,7097.793273925781,0,0,150,0,150
32428,1.0,10.0,2.0,7.0,3.0,2.0,0.30000000000000004,0.1,40.0,449,7912.241592407227,0,0,148,0,148
32428,1.0,10.0,2.0,7.0,3.0,2.0,0.30000000000000004,0.1,40.0,450,8370.301990509033,0,0,145,0,145
32428,1.0,10.0,2.0,7.0,3.0,2.0,0.30000000000000004,0.1,40.0,451,8020.0,0,0,147,0,147
32428,1.0,10.0,2.0,7.0,3.0,2.0,0.30000000000000004,0.1,40.0,452,7840.0,0,0,144,0,144
32428,1.0,10.0,2.0,7.0,3.0,2.0,0.30000000000000004,0.1,40.0,453,7480.0,0,0,141,0,141
32428,1.0,10.0,2.0,7.0,3.0,2.0,0.30000000000000004,0.1,40.0,454,6950.0,0,0,142,0,142
32428,1.0,10.0,2.0,7.0,3.0,2.0,0.30000000000000004,0.1,40.0,455,6127.5,0,0,144,0,144
32428,1.0,10.0,2.0,7.0,3.0,2.0,0.30000000000000004,0.1,40.0,456,5499.375,0,0,144,0,144
32428,1.0,10.0,2.0,7.0,3.0,2.0,0.30000000000000004,0.1,40.0,457,5314.21875,0,0,144,0,144
32428,1.0,10.0,2.0,7.0,3.0,2.0,0.30000000000000004,0.1,40.0,458,5462.7734375,0,0,144,0,144
32428,1.0,10.0,2.0,7.0,3.0,2.0,0.30000000000000004,0.1,40.0,459,5588.466796875,0,0,143,0,143
32428,1.0,10.0,2.0,7.0,3.0,2.0,0.30000000000000004,0.1,40.0,460,5845.58349609375,0,0,138,0,138
32428,1.0,10.0,2.0,7.0,3.0,2.0,0.30000000000000004,0.1,40.0,461,6026.9793701171875,0,0,137,0,137
32428,1.0,10.0,2.0,7.0,3.0,2.0,0.30000000000000004,0.1,40.0,462,6173.724212646484,0,0,138,0,138
32428,1.0,10.0,2.0,7.0,3.0,2.0,0.30000000000000004,0.1,40.0,463,6477.1552658081055,0,0,136,0,136
32428,1.0,10.0,2.0,7.0,3.0,2.0,0.30000000000000004,0.1,40.0,464,6716.444082260132,0,0,134,0,134
32428,1.0,10.0,2.0,7.0,3.0,2.0,0.30000000000000004,0.1,40.0,465,6875.555102825165,0,0,134,0,134
32428,1.0,10.0,2.0,7.0,3.0,2.0,0.30000000000000004,0.1,40.0,466,6874.443878531456,0,0,130,0,130
32428,1.0,10.0,2.0,7.0,3.0,2.0,0.30000000000000004,0.1,40.0,467,6753.05484816432,0,0,129,0,129
32428,1.0,10.0,2.0,7.0,3.0,2.0,0.30000000000000004,0.1,40.0,468,6481.3185602054,0,0,125,0,125
32428,1.0,10.0,2.0,7.0,3.0,2.0,0.30000000000000004,0.1,40.0,469,6121.64820025675,0,0,124,0,124
32428,1.0,10.0,2.0,7.0,3.0,2.0,0.30000000000000004,0.1,40.0,470,5652.0602503209375,0,0,122,0,122
32428,1.0,10.0,2.0,7.0,3.0,2.0,0.30000000000000004,0.1,40.0,471,5065.075312901172,0,0,117,0,117
32428,1.0,10.0,2.0,7.0,3.0,2.0,0.30000000000000004,0.1,40.0,472,4511.344141126465,0,0,117,0,117
32428,1.0,10.0,2.0,7.0,3.0,2.0,0.30000000000000004,0.1,40.0,473,4319.180176408081,0,0,116,0,116
32428,1.0,10.0,2.0,7.0,3.0,2.0,0.30000000000000004,0.1,40.0,474,4258.975220510101,0,0,117,0,117
32428,1.0,10.0,2.0,7.0,3.0,2.0,0.30000000000000004,0.1,40.0,475,4383.719025637627,0,0,114,0,114
32428,1.0,10.0,2.0,7.0,3.0,2.0,0.30000000000000004,0.1,40.0,476,4639.648782047034,0,0,113,0,113
32428,1.0,10.0,2.0,7.0,3.0,2.0,0.30000000000000004,0.1,40.0,477,4899.560977558793,0,0,114,0,114
32428,1.0,10.0,2.0,7.0,3.0,2.0,0.30000000000000004,0.1,40.0,478,5264.451221948491,0,0,113,0,113
32428,1.0,10.0,2.0,7.0,3.0,2.0,0.30000000000000004,0.1,40.0,479,5580.564027435614,0,0,113,0,113
32428,1.0,10.0,2.0,7.0,3.0,2.0,0.30000000000000004,0.1,40.0,480,5915.705034294517,0,0,114,0,114
32428,1.0,10.0,2.0,7.0,3.0,2.0,0.30000000000000004,0.1,40.0,481,6114.6312928681455,0,0,114,0,114
32428,1.0,10.0,2.0,7.0,3.0,2.0,0.30000000000000004,0.1,40.0,482,6103.289116085181,0,0,114,0,114
32428,1.0,10.0,2.0,7.0,3.0,2.0,0.30000000000000004,0.1,40.0,483,5929.111395106476,0,0,115,0,115
32428,1.0,10.0,2.0,7.0,3.0,2.0,0.30000000000000004,0.1,40.0,484,5611.389243883095,0,0,114,0,114
32428,1.0,10.0,2.0,7.0,3.0,2.0,0.30000000000000004,0.1,40.0,485,5134.236554853869,0,0,111,0,111
32428,1.0,10.0,2.0,7.0,3.0,2.0,0.30000000000000004,0.1,40.0,486,4577.7956935673365,0,0,109,0,109
32428,1.0,10.0,2.0,7.0,3.0,2.0,0.30000000000000004,0.1,40.0,487,4202.24461695917,0,0,113,0,113
32428,1.0,10.0,2.0,7.0,3.0,2.0,0.30000000000000004,0.1,40.0,488,4132.805771198963,0,0,113,0,113
32428,1.0,10.0,2.0,7.0,3.0,2.0,0.30000000000000004,0.1,40.0,489,4306.007213998704,0,0,113,0,113
32428,1.0,10.0,2.0,7.0,3.0,2.0,0.30000000000000004,0.1,40.0,490,4602.50901749838,0,0,112,0,112
32428,1.0,10.0,2.0,7.0,3.0,2.0,0.30000000000000004,0.1,40.0,491,4853.136271872974,0,0,112,0,112
32428,1.0,10.0,2.0,7.0,3.0,2.0,0.30000000000000004,0.1,40.0,492,5246.420339841217,0,0,113,0,113
32428,1.0,10.0,2.0,7.0,3.0,2.0,0.30000000000000004,0.1,40.0,493,5518.025424801522,0,0,110,0,110
32428,1.0,10.0,2.0,7.0,3.0,2.0,0.30000000000000004,0.1,40.0,494,5777.531781001902,0,0,109,0,109
32428,1.0,10.0,2.0,7.0,3.0,2.0,0.30000000000000004,0.1,40.0,495,5721.914726252378,0,0,109,0,109
32428,1.0,10.0,2.0,7.0,3.0,2.0,0.30000000000000004,0.1,40.0,496,5572.3934078154725,0,0,105,0,105
32428,1.0,10.0,2.0,7.0,3.0,2.0,0.30000000000000004,0.1,40.0,497,5225.49175976934,0,0,106,0,106
32428,1.0,10.0,2.0,7.0,3.0,2.0,0.30000000000000004,0.1,40.0,498,4771.864699711676,0,0,106,0,106
32428,1.0,10.0,2.0,7.0,3.0,2.0,0.30000000000000004,0.1,40.0,499,4144.830874639594,0,0,104,0,104