Exp Num,agent:svo_convergence_factor,agent:params:metabolism,agent:params:consumption_factor,agent:params:procreate_cost_factor,agent:params:procreate_req_factor,agent:params:start_energy_factor,agent:params:caught_chance,agent:params:caught_cooldown_factor,agent:params:maximum_age,Epoch,Resource,A,B,C,D,E
55871,1.0,15.0,2.0,9.0,2.0,3.0,0.5,0.5,20.0,0,4250.0,15,27,12,28,72
55871,1.0,15.0,2.0,9.0,2.0,3.0,0.5,0.5,20.0,1,4562.5,15,27,12,28,72
55871,1.0,15.0,2.0,9.0,2.0,3.0,0.5,0.5,20.0,2,4803.125,10,17,9,23,54
55871,1.0,15.0,2.0,9.0,2.0,3.0,0.5,0.5,20.0,3,5673.90625,8,16,6,23,48
55871,1.0,15.0,2.0,9.0,2.0,3.0,0.5,0.5,20.0,4,5952.3828125,4,12,3,22,37
55871,1.0,15.0,2.0,9.0,2.0,3.0,0.5,0.5,20.0,5,6180.478515625,3,10,3,20,34
55871,1.0,15.0,2.0,9.0,2.0,3.0,0.5,0.5,20.0,6,6495.59814453125,1,8,3,19,29
55871,1.0,15.0,2.0,9.0,2.0,3.0,0.5,0.5,20.0,7,6739.4976806640625,1,7,3,19,28
55871,1.0,15.0,2.0,9.0,2.0,3.0,0.5,0.5,20.0,8,7014.372100830078,1,7,3,19,28
55871,1.0,15.0,2.0,9.0,2.0,3.0,0.5,0.5,20.0,9,7357.965126037598,1,7,3,19,28
55871,1.0,15.0,2.0,9.0,2.0,3.0,0.5,0.5,20.0,10,7787.456407546997,1,7,3,19,28
55871,1.0,15.0,2.0,9.0,2.0,3.0,0.5,0.5,20.0,11,8324.320509433746,1,7,3,19,28
55871,1.0,15.0,2.0,9.0,2.0,3.0,0.5,0.5,20.0,12,8590.0,1,7,3,19,28
55871,1.0,15.0,2.0,9.0,2.0,3.0,0.5,0.5,20.0,13,8590.0,1,7,3,19,28
55871,1.0,15.0,2.0,9.0,2.0,3.0,0.5,0.5,20.0,14,8590.0,1,7,3,19,28
55871,1.0,15.0,2.0,9.0,2.0,3.0,0.5,0.5,20.0,15,8590.0,1,8,3,19,29
55871,1.0,15.0,2.0,9.0,2.0,3.0,0.5,0.5,20.0,16,8560.0,1,8,3,19,29
55871,1.0,15.0,2.0,9.0,2.0,3.0,0.5,0.5,20.0,17,8560.0,2,8,4,19,31
55871,1.0,15.0,2.0,9.0,2.0,3.0,0.5,0.5,20.0,18,8500.0,2,9,5,19,33
55871,1.0,15.0,2.0,9.0,2.0,3.0,0.5,0.5,20.0,19,8440.0,2,10,6,21,37
55871,1.0,15.0,2.0,9.0,2.0,3.0,0.5,0.5,20.0,20,8710.0,2,11,5,16,30
55871,1.0,15.0,2.0,9.0,2.0,3.0,0.5,0.5,20.0,21,9040.0,2,9,5,12,22
55871,1.0,15.0,2.0,9.0,2.0,3.0,0.5,0.5,20.0,22,9250.0,2,5,5,9,17
55871,1.0,15.0,2.0,9.0,2.0,3.0,0.5,0.5,20.0,23,9340.0,2,5,5,7,15
55871,1.0,15.0,2.0,9.0,2.0,3.0,0.5,0.5,20.0,24,9400.0,2,4,5,7,13
55871,1.0,15.0,2.0,9.0,2.0,3.0,0.5,0.5,20.0,25,9400.0,2,4,5,7,13
55871,1.0,15.0,2.0,9.0,2.0,3.0,0.5,0.5,20.0,26,9430.0,1,4,6,7,13
55871,1.0,15.0,2.0,9.0,2.0,3.0,0.5,0.5,20.0,27,9400.0,1,4,7,7,14
55871,1.0,15.0,2.0,9.0,2.0,3.0,0.5,0.5,20.0,28,9370.0,1,4,10,7,17
55871,1.0,15.0,2.0,9.0,2.0,3.0,0.5,0.5,20.0,29,9280.0,1,4,13,7,20
55871,1.0,15.0,2.0,9.0,2.0,3.0,0.5,0.5,20.0,30,9190.0,1,4,16,8,23
55871,1.0,15.0,2.0,9.0,2.0,3.0,0.5,0.5,20.0,31,9070.0,1,4,18,8,25
55871,1.0,15.0,2.0,9.0,2.0,3.0,0.5,0.5,20.0,32,9010.0,1,4,19,9,26
55871,1.0,15.0,2.0,9.0,2.0,3.0,0.5,0.5,20.0,33,8950.0,1,4,19,11,26
55871,1.0,15.0,2.0,9.0,2.0,3.0,0.5,0.5,20.0,34,8890.0,1,4,19,12,26
55871,1.0,15.0,2.0,9.0,2.0,3.0,0.5,0.5,20.0,35,8860.0,1,4,20,12,27
55871,1.0,15.0,2.0,9.0,2.0,3.0,0.5,0.5,20.0,36,8830.0,1,4,22,12,29
55871,1.0,15.0,2.0,9.0,2.0,3.0,0.5,0.5,20.0,37,8770.0,1,6,24,13,33
55871,1.0,15.0,2.0,9.0,2.0,3.0,0.5,0.5,20.0,38,8650.0,1,6,27,14,36
55871,1.0,15.0,2.0,9.0,2.0,3.0,0.5,0.5,20.0,39,8530.0,1,7,31,15,41
55871,1.0,15.0,2.0,9.0,2.0,3.0,0.5,0.5,20.0,40,8500.0,0,5,34,15,39
55871,1.0,15.0,2.0,9.0,2.0,3.0,0.5,0.5,20.0,41,8410.0,0,5,38,15,43
55871,1.0,15.0,2.0,9.0,2.0,3.0,0.5,0.5,20.0,42,8440.0,0,4,36,16,40
55871,1.0,15.0,2.0,9.0,2.0,3.0,0.5,0.5,20.0,43,8350.0,0,4,37,17,41
55871,1.0,15.0,2.0,9.0,2.0,3.0,0.5,0.5,20.0,44,8320.0,0,4,38,15,42
55871,1.0,15.0,2.0,9.0,2.0,3.0,0.5,0.5,20.0,45,8320.0,0,4,41,14,45
55871,1.0,15.0,2.0,9.0,2.0,3.0,0.5,0.5,20.0,46,8230.0,0,4,44,15,48
55871,1.0,15.0,2.0,9.0,2.0,3.0,0.5,0.5,20.0,47,8110.0,0,6,48,16,54
55871,1.0,15.0,2.0,9.0,2.0,3.0,0.5,0.5,20.0,48,7960.0,0,6,53,16,59
55871,1.0,15.0,2.0,9.0,2.0,3.0,0.5,0.5,20.0,49,7760.0,0,6,58,16,64
55871,1.0,15.0,2.0,9.0,2.0,3.0,0.5,0.5,20.0,50,7390.0,0,6,64,16,70
55871,1.0,15.0,2.0,9.0,2.0,3.0,0.5,0.5,20.0,51,6747.5,0,6,68,16,74
55871,1.0,15.0,2.0,9.0,2.0,3.0,0.5,0.5,20.0,52,5764.375,0,6,72,16,78
55871,1.0,15.0,2.0,9.0,2.0,3.0,0.5,0.5,20.0,53,5315.46875,0,6,71,16,77
55871,1.0,15.0,2.0,9.0,2.0,3.0,0.5,0.5,20.0,54,5234.3359375,0,6,72,13,78
55871,1.0,15.0,2.0,9.0,2.0,3.0,0.5,0.5,20.0,55,5312.919921875,0,6,75,12,81
55871,1.0,15.0,2.0,9.0,2.0,3.0,0.5,0.5,20.0,56,5441.14990234375,0,6,78,12,84
55871,1.0,15.0,2.0,9.0,2.0,3.0,0.5,0.5,20.0,57,5661.4373779296875,0,6,80,12,86
55871,1.0,15.0,2.0,9.0,2.0,3.0,0.5,0.5,20.0,58,5936.796722412109,0,5,82,11,87
55871,1.0,15.0,2.0,9.0,2.0,3.0,0.5,0.5,20.0,59,6190.995903015137,0,5,81,12,86
55871,1.0,15.0,2.0,9.0,2.0,3.0,0.5,0.5,20.0,60,6508.744878768921,0,3,84,12,87
55871,1.0,15.0,2.0,9.0,2.0,3.0,0.5,0.5,20.0,61,6875.931098461151,0,2,81,13,83
55871,1.0,15.0,2.0,9.0,2.0,3.0,0.5,0.5,20.0,62,7304.913873076439,0,2,75,11,77
55871,1.0,15.0,2.0,9.0,2.0,3.0,0.5,0.5,20.0,63,7811.142341345549,0,2,74,8,76
55871,1.0,15.0,2.0,9.0,2.0,3.0,0.5,0.5,20.0,64,8383.927926681936,0,2,69,7,71
55871,1.0,15.0,2.0,9.0,2.0,3.0,0.5,0.5,20.0,65,8470.0,0,2,71,7,73
55871,1.0,15.0,2.0,9.0,2.0,3.0,0.5,0.5,20.0,66,8170.0,0,2,73,7,75
55871,1.0,15.0,2.0,9.0,2.0,3.0,0.5,0.5,20.0,67,8050.0,0,2,75,4,77
55871,1.0,15.0,2.0,9.0,2.0,3.0,0.5,0.5,20.0,68,8050.0,0,1,75,4,76
55871,1.0,15.0,2.0,9.0,2.0,3.0,0.5,0.5,20.0,69,7900.0,0,0,80,4,80
55871,1.0,15.0,2.0,9.0,2.0,3.0,0.5,0.5,20.0,70,7655.0,0,0,79,4,79
55871,1.0,15.0,2.0,9.0,2.0,3.0,0.5,0.5,20.0,71,7318.75,0,0,77,4,77
55871,1.0,15.0,2.0,9.0,2.0,3.0,0.5,0.5,20.0,72,6898.4375,0,0,76,4,76
55871,1.0,15.0,2.0,9.0,2.0,3.0,0.5,0.5,20.0,73,6403.046875,0,0,76,3,76
55871,1.0,15.0,2.0,9.0,2.0,3.0,0.5,0.5,20.0,74,5783.80859375,0,0,76,3,76
55871,1.0,15.0,2.0,9.0,2.0,3.0,0.5,0.5,20.0,75,4949.7607421875,0,0,80,3,80
55871,1.0,15.0,2.0,9.0,2.0,3.0,0.5,0.5,20.0,76,4657.200927734375,0,0,84,3,84
55871,1.0,15.0,2.0,9.0,2.0,3.0,0.5,0.5,20.0,77,4861.501159667969,0,0,84,3,84
55871,1.0,15.0,2.0,9.0,2.0,3.0,0.5,0.5,20.0,78,5176.876449584961,0,0,83,3,83
55871,1.0,15.0,2.0,9.0,2.0,3.0,0.5,0.5,20.0,79,5781.095561981201,0,0,79,3,79
55871,1.0,15.0,2.0,9.0,2.0,3.0,0.5,0.5,20.0,80,6476.3694524765015,0,0,80,3,80
55871,1.0,15.0,2.0,9.0,2.0,3.0,0.5,0.5,20.0,81,6925.461815595627,0,0,76,1,76
55871,1.0,15.0,2.0,9.0,2.0,3.0,0.5,0.5,20.0,82,7516.8272694945335,0,0,77,1,77
55871,1.0,15.0,2.0,9.0,2.0,3.0,0.5,0.5,20.0,83,8256.034086868167,0,0,75,1,75
55871,1.0,15.0,2.0,9.0,2.0,3.0,0.5,0.5,20.0,84,8860.0,0,0,76,1,76
55871,1.0,15.0,2.0,9.0,2.0,3.0,0.5,0.5,20.0,85,8890.0,0,0,76,0,76
55871,1.0,15.0,2.0,9.0,2.0,3.0,0.5,0.5,20.0,86,8800.0,0,0,77,0,77
55871,1.0,15.0,2.0,9.0,2.0,3.0,0.5,0.5,20.0,87,8680.0,0,0,73,0,73
55871,1.0,15.0,2.0,9.0,2.0,3.0,0.5,0.5,20.0,88,8470.0,0,0,71,0,71
55871,1.0,15.0,2.0,9.0,2.0,3.0,0.5,0.5,20.0,89,8440.0,0,0,66,0,66
55871,1.0,15.0,2.0,9.0,2.0,3.0,0.5,0.5,20.0,90,8290.0,0,0,65,0,65
55871,1.0,15.0,2.0,9.0,2.0,3.0,0.5,0.5,20.0,91,8140.0,0,0,65,0,65
55871,1.0,15.0,2.0,9.0,2.0,3.0,0.5,0.5,20.0,92,8200.0,0,0,62,0,62
55871,1.0,15.0,2.0,9.0,2.0,3.0,0.5,0.5,20.0,93,8290.0,0,0,59,0,59
55871,1.0,15.0,2.0,9.0,2.0,3.0,0.5,0.5,20.0,94,8260.0,0,0,61,0,61
55871,1.0,15.0,2.0,9.0,2.0,3.0,0.5,0.5,20.0,95,8200.0,0,0,64,0,64
55871,1.0,15.0,2.0,9.0,2.0,3.0,0.5,0.5,20.0,96,8140.0,0,0,68,0,68
55871,1.0,15.0,2.0,9.0,2.0,3.0,0.5,0.5,20.0,97,8080.0,0,0,69,0,69
55871,1.0,15.0,2.0,9.0,2.0,3.0,0.5,0.5,20.0,98,8020.0,0,0,74,0,74
55871,1.0,15.0,2.0,9.0,2.0,3.0,0.5,0.5,20.0,99,7870.0,0,0,77,0,77
55871,1.0,15.0,2.0,9.0,2.0,3.0,0.5,0.5,20.0,100,7617.5,0,0,80,0,80
55871,1.0,15.0,2.0,9.0,2.0,3.0,0.5,0.5,20.0,101,7211.875,0,0,82,0,82
55871,1.0,15.0,2.0,9.0,2.0,3.0,0.5,0.5,20.0,102,6614.84375,0,0,85,0,85
55871,1.0,15.0,2.0,9.0,2.0,3.0,0.5,0.5,20.0,103,5748.5546875,0,0,88,0,88
55871,1.0,15.0,2.0,9.0,2.0,3.0,0.5,0.5,20.0,104,4935.693359375,0,0,92,0,92
55871,1.0,15.0,2.0,9.0,2.0,3.0,0.5,0.5,20.0,105,5179.61669921875,0,0,93,0,93
55871,1.0,15.0,2.0,9.0,2.0,3.0,0.5,0.5,20.0,106,5454.5208740234375,0,0,92,0,92
55871,1.0,15.0,2.0,9.0,2.0,3.0,0.5,0.5,20.0,107,5738.151092529297,0,0,92,0,92
55871,1.0,15.0,2.0,9.0,2.0,3.0,0.5,0.5,20.0,108,6062.688865661621,0,0,93,0,93
55871,1.0,15.0,2.0,9.0,2.0,3.0,0.5,0.5,20.0,109,6738.361082077026,0,0,91,0,91
55871,1.0,15.0,2.0,9.0,2.0,3.0,0.5,0.5,20.0,110,7282.951352596283,0,0,85,0,85
55871,1.0,15.0,2.0,9.0,2.0,3.0,0.5,0.5,20.0,111,7963.689190745354,0,0,83,0,83
55871,1.0,15.0,2.0,9.0,2.0,3.0,0.5,0.5,20.0,112,8784.611488431692,0,0,81,0,81
55871,1.0,15.0,2.0,9.0,2.0,3.0,0.5,0.5,20.0,113,8890.0,0,0,77,0,77
55871,1.0,15.0,2.0,9.0,2.0,3.0,0.5,0.5,20.0,114,8860.0,0,0,74,0,74
55871,1.0,15.0,2.0,9.0,2.0,3.0,0.5,0.5,20.0,115,8680.0,0,0,76,0,76
55871,1.0,15.0,2.0,9.0,2.0,3.0,0.5,0.5,20.0,116,8500.0,0,0,78,0,78
55871,1.0,15.0,2.0,9.0,2.0,3.0,0.5,0.5,20.0,117,8260.0,0,0,79,0,79
55871,1.0,15.0,2.0,9.0,2.0,3.0,0.5,0.5,20.0,118,8230.0,0,0,75,0,75
55871,1.0,15.0,2.0,9.0,2.0,3.0,0.5,0.5,20.0,119,8140.0,0,0,71,0,71
55871,1.0,15.0,2.0,9.0,2.0,3.0,0.5,0.5,20.0,120,8020.0,0,0,71,0,71
55871,1.0,15.0,2.0,9.0,2.0,3.0,0.5,0.5,20.0,121,8020.0,0,0,71,0,71
55871,1.0,15.0,2.0,9.0,2.0,3.0,0.5,0.5,20.0,122,7990.0,0,0,71,0,71
55871,1.0,15.0,2.0,9.0,2.0,3.0,0.5,0.5,20.0,123,7947.5,0,0,71,0,71
55871,1.0,15.0,2.0,9.0,2.0,3.0,0.5,0.5,20.0,124,7894.375,0,0,71,0,71
55871,1.0,15.0,2.0,9.0,2.0,3.0,0.5,0.5,20.0,125,7827.96875,0,0,73,0,73
55871,1.0,15.0,2.0,9.0,2.0,3.0,0.5,0.5,20.0,126,7684.9609375,0,0,76,0,76
55871,1.0,15.0,2.0,9.0,2.0,3.0,0.5,0.5,20.0,127,7416.201171875,0,0,78,0,78
55871,1.0,15.0,2.0,9.0,2.0,3.0,0.5,0.5,20.0,128,7050.25146484375,0,0,80,0,80
55871,1.0,15.0,2.0,9.0,2.0,3.0,0.5,0.5,20.0,129,6472.8143310546875,0,0,86,0,86
55871,1.0,15.0,2.0,9.0,2.0,3.0,0.5,0.5,20.0,130,5571.017913818359,0,0,92,0,92
55871,1.0,15.0,2.0,9.0,2.0,3.0,0.5,0.5,20.0,131,5073.772392272949,0,0,98,0,98
55871,1.0,15.0,2.0,9.0,2.0,3.0,0.5,0.5,20.0,132,5382.2154903411865,0,0,94,0,94
55871,1.0,15.0,2.0,9.0,2.0,3.0,0.5,0.5,20.0,133,5737.769362926483,0,0,93,0,93
55871,1.0,15.0,2.0,9.0,2.0,3.0,0.5,0.5,20.0,134,6392.211703658104,0,0,91,0,91
55871,1.0,15.0,2.0,9.0,2.0,3.0,0.5,0.5,20.0,135,7150.26462957263,0,0,91,0,91
55871,1.0,15.0,2.0,9.0,2.0,3.0,0.5,0.5,20.0,136,7737.830786965787,0,0,91,0,91
55871,1.0,15.0,2.0,9.0,2.0,3.0,0.5,0.5,20.0,137,8352.288483707234,0,0,92,0,92
55871,1.0,15.0,2.0,9.0,2.0,3.0,0.5,0.5,20.0,138,8590.0,0,0,92,0,92
55871,1.0,15.0,2.0,9.0,2.0,3.0,0.5,0.5,20.0,139,8590.0,0,0,90,0,90
55871,1.0,15.0,2.0,9.0,2.0,3.0,0.5,0.5,20.0,140,8590.0,0,0,84,0,84
55871,1.0,15.0,2.0,9.0,2.0,3.0,0.5,0.5,20.0,141,8650.0,0,0,76,0,76
55871,1.0,15.0,2.0,9.0,2.0,3.0,0.5,0.5,20.0,142,8320.0,0,0,77,0,77
55871,1.0,15.0,2.0,9.0,2.0,3.0,0.5,0.5,20.0,143,8410.0,0,0,71,0,71
55871,1.0,15.0,2.0,9.0,2.0,3.0,0.5,0.5,20.0,144,8110.0,0,0,70,0,70
55871,1.0,15.0,2.0,9.0,2.0,3.0,0.5,0.5,20.0,145,8080.0,0,0,71,0,71
55871,1.0,15.0,2.0,9.0,2.0,3.0,0.5,0.5,20.0,146,8080.0,0,0,70,0,70
55871,1.0,15.0,2.0,9.0,2.0,3.0,0.5,0.5,20.0,147,7990.0,0,0,73,0,73
55871,1.0,15.0,2.0,9.0,2.0,3.0,0.5,0.5,20.0,148,7947.5,0,0,74,0,74
55871,1.0,15.0,2.0,9.0,2.0,3.0,0.5,0.5,20.0,149,7834.375,0,0,76,0,76
55871,1.0,15.0,2.0,9.0,2.0,3.0,0.5,0.5,20.0,150,7602.96875,0,0,81,0,81
55871,1.0,15.0,2.0,9.0,2.0,3.0,0.5,0.5,20.0,151,7133.7109375,0,0,86,0,86
55871,1.0,15.0,2.0,9.0,2.0,3.0,0.5,0.5,20.0,152,6397.138671875,0,0,89,0,89
55871,1.0,15.0,2.0,9.0,2.0,3.0,0.5,0.5,20.0,153,5476.42333984375,0,0,89,0,89
55871,1.0,15.0,2.0,9.0,2.0,3.0,0.5,0.5,20.0,154,5075.5291748046875,0,0,91,0,91
55871,1.0,15.0,2.0,9.0,2.0,3.0,0.5,0.5,20.0,155,4904.411468505859,0,0,89,0,89
55871,1.0,15.0,2.0,9.0,2.0,3.0,0.5,0.5,20.0,156,5020.514335632324,0,0,90,0,90
55871,1.0,15.0,2.0,9.0,2.0,3.0,0.5,0.5,20.0,157,5315.642919540405,0,0,90,0,90
55871,1.0,15.0,2.0,9.0,2.0,3.0,0.5,0.5,20.0,158,5654.553649425507,0,0,93,0,93
55871,1.0,15.0,2.0,9.0,2.0,3.0,0.5,0.5,20.0,159,6078.192061781883,0,0,95,0,95
55871,1.0,15.0,2.0,9.0,2.0,3.0,0.5,0.5,20.0,160,6337.740077227354,0,0,94,0,94
55871,1.0,15.0,2.0,9.0,2.0,3.0,0.5,0.5,20.0,161,6842.175096534193,0,0,91,0,91
55871,1.0,15.0,2.0,9.0,2.0,3.0,0.5,0.5,20.0,162,7352.718870667741,0,0,88,0,88
55871,1.0,15.0,2.0,9.0,2.0,3.0,0.5,0.5,20.0,163,7960.898588334676,0,0,86,0,86
55871,1.0,15.0,2.0,9.0,2.0,3.0,0.5,0.5,20.0,164,8721.123235418345,0,0,83,0,83
55871,1.0,15.0,2.0,9.0,2.0,3.0,0.5,0.5,20.0,165,8530.0,0,0,81,0,81
55871,1.0,15.0,2.0,9.0,2.0,3.0,0.5,0.5,20.0,166,8410.0,0,0,78,0,78
55871,1.0,15.0,2.0,9.0,2.0,3.0,0.5,0.5,20.0,167,8140.0,0,0,77,0,77
55871,1.0,15.0,2.0,9.0,2.0,3.0,0.5,0.5,20.0,168,8140.0,0,0,77,0,77
55871,1.0,15.0,2.0,9.0,2.0,3.0,0.5,0.5,20.0,169,7990.0,0,0,74,0,74
55871,1.0,15.0,2.0,9.0,2.0,3.0,0.5,0.5,20.0,170,7947.5,0,0,72,0,72
55871,1.0,15.0,2.0,9.0,2.0,3.0,0.5,0.5,20.0,171,8044.375,0,0,69,0,69
55871,1.0,15.0,2.0,9.0,2.0,3.0,0.5,0.5,20.0,172,8110.0,0,0,68,0,68
55871,1.0,15.0,2.0,9.0,2.0,3.0,0.5,0.5,20.0,173,8020.0,0,0,70,0,70
55871,1.0,15.0,2.0,9.0,2.0,3.0,0.5,0.5,20.0,174,8020.0,0,0,70,0,70
55871,1.0,15.0,2.0,9.0,2.0,3.0,0.5,0.5,20.0,175,8020.0,0,0,70,0,70
55871,1.0,15.0,2.0,9.0,2.0,3.0,0.5,0.5,20.0,176,7930.0,0,0,76,0,76
55871,1.0,15.0,2.0,9.0,2.0,3.0,0.5,0.5,20.0,177,7722.5,0,0,81,0,81
55871,1.0,15.0,2.0,9.0,2.0,3.0,0.5,0.5,20.0,178,7253.125,0,0,87,0,87
55871,1.0,15.0,2.0,9.0,2.0,3.0,0.5,0.5,20.0,179,6546.40625,0,0,92,0,92
55871,1.0,15.0,2.0,9.0,2.0,3.0,0.5,0.5,20.0,180,5573.0078125,0,0,93,0,93
55871,1.0,15.0,2.0,9.0,2.0,3.0,0.5,0.5,20.0,181,5166.259765625,0,0,93,0,93
55871,1.0,15.0,2.0,9.0,2.0,3.0,0.5,0.5,20.0,182,5167.82470703125,0,0,94,0,94
55871,1.0,15.0,2.0,9.0,2.0,3.0,0.5,0.5,20.0,183,5409.7808837890625,0,0,95,0,95
55871,1.0,15.0,2.0,9.0,2.0,3.0,0.5,0.5,20.0,184,5712.226104736328,0,0,94,0,94
55871,1.0,15.0,2.0,9.0,2.0,3.0,0.5,0.5,20.0,185,6090.28263092041,0,0,94,0,94
55871,1.0,15.0,2.0,9.0,2.0,3.0,0.5,0.5,20.0,186,6622.853288650513,0,0,97,0,97
55871,1.0,15.0,2.0,9.0,2.0,3.0,0.5,0.5,20.0,187,7288.566610813141,0,0,95,0,95
55871,1.0,15.0,2.0,9.0,2.0,3.0,0.5,0.5,20.0,188,7880.708263516426,0,0,96,0,96
55871,1.0,15.0,2.0,9.0,2.0,3.0,0.5,0.5,20.0,189,8560.885329395533,0,0,91,0,91
55871,1.0,15.0,2.0,9.0,2.0,3.0,0.5,0.5,20.0,190,8710.0,0,0,87,0,87
55871,1.0,15.0,2.0,9.0,2.0,3.0,0.5,0.5,20.0,191,8710.0,0,0,85,0,85
55871,1.0,15.0,2.0,9.0,2.0,3.0,0.5,0.5,20.0,192,8650.0,0,0,82,0,82
55871,1.0,15.0,2.0,9.0,2.0,3.0,0.5,0.5,20.0,193,8530.0,0,0,80,0,80
55871,1.0,15.0,2.0,9.0,2.0,3.0,0.5,0.5,20.0,194,8440.0,0,0,76,0,76
55871,1.0,15.0,2.0,9.0,2.0,3.0,0.5,0.5,20.0,195,8380.0,0,0,76,0,76
55871,1.0,15.0,2.0,9.0,2.0,3.0,0.5,0.5,20.0,196,8110.0,0,0,77,0,77
55871,1.0,15.0,2.0,9.0,2.0,3.0,0.5,0.5,20.0,197,8050.0,0,0,74,0,74
55871,1.0,15.0,2.0,9.0,2.0,3.0,0.5,0.5,20.0,198,7960.0,0,0,73,0,73
55871,1.0,15.0,2.0,9.0,2.0,3.0,0.5,0.5,20.0,199,7880.0,0,0,75,0,75
55871,1.0,15.0,2.0,9.0,2.0,3.0,0.5,0.5,20.0,200,7840.0,0,0,70,0,70
55871,1.0,15.0,2.0,9.0,2.0,3.0,0.5,0.5,20.0,201,7730.0,0,0,74,0,74
55871,1.0,15.0,2.0,9.0,2.0,3.0,0.5,0.5,20.0,202,7532.5,0,0,76,0,76
55871,1.0,15.0,2.0,9.0,2.0,3.0,0.5,0.5,20.0,203,7255.625,0,0,77,0,77
55871,1.0,15.0,2.0,9.0,2.0,3.0,0.5,0.5,20.0,204,6879.53125,0,0,80,0,80
55871,1.0,15.0,2.0,9.0,2.0,3.0,0.5,0.5,20.0,205,6259.4140625,0,0,85,0,85
55871,1.0,15.0,2.0,9.0,2.0,3.0,0.5,0.5,20.0,206,5334.267578125,0,0,89,0,89
55871,1.0,15.0,2.0,9.0,2.0,3.0,0.5,0.5,20.0,207,4957.83447265625,0,0,90,0,90
55871,1.0,15.0,2.0,9.0,2.0,3.0,0.5,0.5,20.0,208,5147.2930908203125,0,0,94,0,94
55871,1.0,15.0,2.0,9.0,2.0,3.0,0.5,0.5,20.0,209,5384.116363525391,0,0,94,0,94
55871,1.0,15.0,2.0,9.0,2.0,3.0,0.5,0.5,20.0,210,5770.145454406738,0,0,94,0,94
55871,1.0,15.0,2.0,9.0,2.0,3.0,0.5,0.5,20.0,211,6192.681818008423,0,0,95,0,95
55871,1.0,15.0,2.0,9.0,2.0,3.0,0.5,0.5,20.0,212,6780.852272510529,0,0,91,0,91
55871,1.0,15.0,2.0,9.0,2.0,3.0,0.5,0.5,20.0,213,7426.065340638161,0,0,93,0,93
55871,1.0,15.0,2.0,9.0,2.0,3.0,0.5,0.5,20.0,214,8082.581675797701,0,0,91,0,91
55871,1.0,15.0,2.0,9.0,2.0,3.0,0.5,0.5,20.0,215,8740.0,0,0,90,0,90
55871,1.0,15.0,2.0,9.0,2.0,3.0,0.5,0.5,20.0,216,8860.0,0,0,83,0,83
55871,1.0,15.0,2.0,9.0,2.0,3.0,0.5,0.5,20.0,217,8680.0,0,0,81,0,81
55871,1.0,15.0,2.0,9.0,2.0,3.0,0.5,0.5,20.0,218,8620.0,0,0,77,0,77
55871,1.0,15.0,2.0,9.0,2.0,3.0,0.5,0.5,20.0,219,8350.0,0,0,76,0,76
55871,1.0,15.0,2.0,9.0,2.0,3.0,0.5,0.5,20.0,220,8290.0,0,0,76,0,76
55871,1.0,15.0,2.0,9.0,2.0,3.0,0.5,0.5,20.0,221,8110.0,0,0,74,0,74
55871,1.0,15.0,2.0,9.0,2.0,3.0,0.5,0.5,20.0,222,8080.0,0,0,75,0,75
55871,1.0,15.0,2.0,9.0,2.0,3.0,0.5,0.5,20.0,223,7960.0,0,0,72,0,72
55871,1.0,15.0,2.0,9.0,2.0,3.0,0.5,0.5,20.0,224,7880.0,0,0,72,0,72
55871,1.0,15.0,2.0,9.0,2.0,3.0,0.5,0.5,20.0,225,7780.0,0,0,74,0,74
55871,1.0,15.0,2.0,9.0,2.0,3.0,0.5,0.5,20.0,226,7595.0,0,0,76,0,76
55871,1.0,15.0,2.0,9.0,2.0,3.0,0.5,0.5,20.0,227,7393.75,0,0,76,0,76
55871,1.0,15.0,2.0,9.0,2.0,3.0,0.5,0.5,20.0,228,7082.1875,0,0,79,0,79
55871,1.0,15.0,2.0,9.0,2.0,3.0,0.5,0.5,20.0,229,6512.734375,0,0,86,0,86
55871,1.0,15.0,2.0,9.0,2.0,3.0,0.5,0.5,20.0,230,5710.91796875,0,0,87,0,87
55871,1.0,15.0,2.0,9.0,2.0,3.0,0.5,0.5,20.0,231,5038.6474609375,0,0,90,0,90
55871,1.0,15.0,2.0,9.0,2.0,3.0,0.5,0.5,20.0,232,4918.309326171875,0,0,92,0,92
55871,1.0,15.0,2.0,9.0,2.0,3.0,0.5,0.5,20.0,233,5277.886657714844,0,0,90,0,90
55871,1.0,15.0,2.0,9.0,2.0,3.0,0.5,0.5,20.0,234,5817.358322143555,0,0,90,0,90
55871,1.0,15.0,2.0,9.0,2.0,3.0,0.5,0.5,20.0,235,6461.697902679443,0,0,89,0,89
55871,1.0,15.0,2.0,9.0,2.0,3.0,0.5,0.5,20.0,236,7327.122378349304,0,0,88,0,88
55871,1.0,15.0,2.0,9.0,2.0,3.0,0.5,0.5,20.0,237,8018.90297293663,0,0,89,0,89
55871,1.0,15.0,2.0,9.0,2.0,3.0,0.5,0.5,20.0,238,8920.0,0,0,90,0,90
55871,1.0,15.0,2.0,9.0,2.0,3.0,0.5,0.5,20.0,239,8770.0,0,0,89,0,89
55871,1.0,15.0,2.0,9.0,2.0,3.0,0.5,0.5,20.0,240,8860.0,0,0,84,0,84
55871,1.0,15.0,2.0,9.0,2.0,3.0,0.5,0.5,20.0,241,8800.0,0,0,80,0,80
55871,1.0,15.0,2.0,9.0,2.0,3.0,0.5,0.5,20.0,242,8830.0,0,0,73,0,73
55871,1.0,15.0,2.0,9.0,2.0,3.0,0.5,0.5,20.0,243,8650.0,0,0,68,0,68
55871,1.0,15.0,2.0,9.0,2.0,3.0,0.5,0.5,20.0,244,8440.0,0,0,68,0,68
55871,1.0,15.0,2.0,9.0,2.0,3.0,0.5,0.5,20.0,245,8440.0,0,0,68,0,68
55871,1.0,15.0,2.0,9.0,2.0,3.0,0.5,0.5,20.0,246,8230.0,0,0,65,0,65
55871,1.0,15.0,2.0,9.0,2.0,3.0,0.5,0.5,20.0,247,8290.0,0,0,66,0,66
55871,1.0,15.0,2.0,9.0,2.0,3.0,0.5,0.5,20.0,248,8230.0,0,0,64,0,64
55871,1.0,15.0,2.0,9.0,2.0,3.0,0.5,0.5,20.0,249,8230.0,0,0,64,0,64
55871,1.0,15.0,2.0,9.0,2.0,3.0,0.5,0.5,20.0,250,8140.0,0,0,68,0,68
55871,1.0,15.0,2.0,9.0,2.0,3.0,0.5,0.5,20.0,251,8020.0,0,0,71,0,71
55871,1.0,15.0,2.0,9.0,2.0,3.0,0.5,0.5,20.0,252,8020.0,0,0,70,0,70
55871,1.0,15.0,2.0,9.0,2.0,3.0,0.5,0.5,20.0,253,8080.0,0,0,67,0,67
55871,1.0,15.0,2.0,9.0,2.0,3.0,0.5,0.5,20.0,254,8020.0,0,0,69,0,69
55871,1.0,15.0,2.0,9.0,2.0,3.0,0.5,0.5,20.0,255,7960.0,0,0,72,0,72
55871,1.0,15.0,2.0,9.0,2.0,3.0,0.5,0.5,20.0,256,7850.0,0,0,75,0,75
55871,1.0,15.0,2.0,9.0,2.0,3.0,0.5,0.5,20.0,257,7592.5,0,0,81,0,81
55871,1.0,15.0,2.0,9.0,2.0,3.0,0.5,0.5,20.0,258,7150.625,0,0,86,0,86
55871,1.0,15.0,2.0,9.0,2.0,3.0,0.5,0.5,20.0,259,6388.28125,0,0,93,0,93
55871,1.0,15.0,2.0,9.0,2.0,3.0,0.5,0.5,20.0,260,5345.3515625,0,0,99,0,99
55871,1.0,15.0,2.0,9.0,2.0,3.0,0.5,0.5,20.0,261,5361.689453125,0,0,99,0,99
55871,1.0,15.0,2.0,9.0,2.0,3.0,0.5,0.5,20.0,262,5622.11181640625,0,0,97,0,97
55871,1.0,15.0,2.0,9.0,2.0,3.0,0.5,0.5,20.0,263,6067.6397705078125,0,0,96,0,96
55871,1.0,15.0,2.0,9.0,2.0,3.0,0.5,0.5,20.0,264,6654.549713134766,0,0,95,0,95
55871,1.0,15.0,2.0,9.0,2.0,3.0,0.5,0.5,20.0,265,7388.187141418457,0,0,96,0,96
55871,1.0,15.0,2.0,9.0,2.0,3.0,0.5,0.5,20.0,266,8155.233926773071,0,0,97,0,97
55871,1.0,15.0,2.0,9.0,2.0,3.0,0.5,0.5,20.0,267,8590.0,0,0,98,0,98
55871,1.0,15.0,2.0,9.0,2.0,3.0,0.5,0.5,20.0,268,8620.0,0,0,94,0,94
55871,1.0,15.0,2.0,9.0,2.0,3.0,0.5,0.5,20.0,269,8620.0,0,0,91,0,91
55871,1.0,15.0,2.0,9.0,2.0,3.0,0.5,0.5,20.0,270,8740.0,0,0,85,0,85
55871,1.0,15.0,2.0,9.0,2.0,3.0,0.5,0.5,20.0,271,8680.0,0,0,78,0,78
55871,1.0,15.0,2.0,9.0,2.0,3.0,0.5,0.5,20.0,272,8440.0,0,0,76,0,76
55871,1.0,15.0,2.0,9.0,2.0,3.0,0.5,0.5,20.0,273,8230.0,0,0,76,0,76
55871,1.0,15.0,2.0,9.0,2.0,3.0,0.5,0.5,20.0,274,8170.0,0,0,71,0,71
55871,1.0,15.0,2.0,9.0,2.0,3.0,0.5,0.5,20.0,275,8110.0,0,0,73,0,73
55871,1.0,15.0,2.0,9.0,2.0,3.0,0.5,0.5,20.0,276,8080.0,0,0,70,0,70
55871,1.0,15.0,2.0,9.0,2.0,3.0,0.5,0.5,20.0,277,7930.0,0,0,74,0,74
55871,1.0,15.0,2.0,9.0,2.0,3.0,0.5,0.5,20.0,278,7842.5,0,0,74,0,74
55871,1.0,15.0,2.0,9.0,2.0,3.0,0.5,0.5,20.0,279,7703.125,0,0,75,0,75
55871,1.0,15.0,2.0,9.0,2.0,3.0,0.5,0.5,20.0,280,7438.90625,0,0,77,0,77
55871,1.0,15.0,2.0,9.0,2.0,3.0,0.5,0.5,20.0,281,7288.6328125,0,0,70,0,70
55871,1.0,15.0,2.0,9.0,2.0,3.0,0.5,0.5,20.0,282,7040.791015625,0,0,72,0,72
55871,1.0,15.0,2.0,9.0,2.0,3.0,0.5,0.5,20.0,283,6700.98876953125,0,0,76,0,76
55871,1.0,15.0,2.0,9.0,2.0,3.0,0.5,0.5,20.0,284,6126.2359619140625,0,0,81,0,81
55871,1.0,15.0,2.0,9.0,2.0,3.0,0.5,0.5,20.0,285,5347.794952392578,0,0,84,0,84
55871,1.0,15.0,2.0,9.0,2.0,3.0,0.5,0.5,20.0,286,4794.743690490723,0,0,86,0,86
55871,1.0,15.0,2.0,9.0,2.0,3.0,0.5,0.5,20.0,287,4853.429613113403,0,0,88,0,88
55871,1.0,15.0,2.0,9.0,2.0,3.0,0.5,0.5,20.0,288,4926.787016391754,0,0,88,0,88
55871,1.0,15.0,2.0,9.0,2.0,3.0,0.5,0.5,20.0,289,5198.483770489693,0,0,90,0,90
55871,1.0,15.0,2.0,9.0,2.0,3.0,0.5,0.5,20.0,290,5478.104713112116,0,0,89,0,89
55871,1.0,15.0,2.0,9.0,2.0,3.0,0.5,0.5,20.0,291,5887.630891390145,0,0,87,0,87
55871,1.0,15.0,2.0,9.0,2.0,3.0,0.5,0.5,20.0,292,6339.538614237681,0,0,85,0,85
55871,1.0,15.0,2.0,9.0,2.0,3.0,0.5,0.5,20.0,293,6844.423267797101,0,0,85,0,85
55871,1.0,15.0,2.0,9.0,2.0,3.0,0.5,0.5,20.0,294,7325.529084746377,0,0,86,0,86
55871,1.0,15.0,2.0,9.0,2.0,3.0,0.5,0.5,20.0,295,7956.911355932971,0,0,80,0,80
55871,1.0,15.0,2.0,9.0,2.0,3.0,0.5,0.5,20.0,296,8806.139194916213,0,0,77,0,77
55871,1.0,15.0,2.0,9.0,2.0,3.0,0.5,0.5,20.0,297,8590.0,0,0,73,0,73
55871,1.0,15.0,2.0,9.0,2.0,3.0,0.5,0.5,20.0,298,8620.0,0,0,69,0,69
55871,1.0,15.0,2.0,9.0,2.0,3.0,0.5,0.5,20.0,299,8410.0,0,0,67,0,67
55871,1.0,15.0,2.0,9.0,2.0,3.0,0.5,0.5,20.0,300,8410.0,0,0,64,0,64
55871,1.0,15.0,2.0,9.0,2.0,3.0,0.5,0.5,20.0,301,8350.0,0,0,64,0,64
55871,1.0,15.0,2.0,9.0,2.0,3.0,0.5,0.5,20.0,302,8410.0,0,0,59,0,59
55871,1.0,15.0,2.0,9.0,2.0,3.0,0.5,0.5,20.0,303,8380.0,0,0,59,0,59
55871,1.0,15.0,2.0,9.0,2.0,3.0,0.5,0.5,20.0,304,8380.0,0,0,60,0,60
55871,1.0,15.0,2.0,9.0,2.0,3.0,0.5,0.5,20.0,305,8260.0,0,0,63,0,63
55871,1.0,15.0,2.0,9.0,2.0,3.0,0.5,0.5,20.0,306,8140.0,0,0,68,0,68
55871,1.0,15.0,2.0,9.0,2.0,3.0,0.5,0.5,20.0,307,8050.0,0,0,71,0,71
55871,1.0,15.0,2.0,9.0,2.0,3.0,0.5,0.5,20.0,308,7960.0,0,0,73,0,73
55871,1.0,15.0,2.0,9.0,2.0,3.0,0.5,0.5,20.0,309,7880.0,0,0,74,0,74
55871,1.0,15.0,2.0,9.0,2.0,3.0,0.5,0.5,20.0,310,7660.0,0,0,80,0,80
55871,1.0,15.0,2.0,9.0,2.0,3.0,0.5,0.5,20.0,311,7265.0,0,0,82,0,82
55871,1.0,15.0,2.0,9.0,2.0,3.0,0.5,0.5,20.0,312,6711.25,0,0,85,0,85
55871,1.0,15.0,2.0,9.0,2.0,3.0,0.5,0.5,20.0,313,5869.0625,0,0,90,0,90
55871,1.0,15.0,2.0,9.0,2.0,3.0,0.5,0.5,20.0,314,5176.328125,0,0,92,0,92
55871,1.0,15.0,2.0,9.0,2.0,3.0,0.5,0.5,20.0,315,5300.41015625,0,0,94,0,94
55871,1.0,15.0,2.0,9.0,2.0,3.0,0.5,0.5,20.0,316,5455.5126953125,0,0,93,0,93
55871,1.0,15.0,2.0,9.0,2.0,3.0,0.5,0.5,20.0,317,5559.390869140625,0,0,97,0,97
55871,1.0,15.0,2.0,9.0,2.0,3.0,0.5,0.5,20.0,318,5659.238586425781,0,0,97,0,97
55871,1.0,15.0,2.0,9.0,2.0,3.0,0.5,0.5,20.0,319,5724.048233032227,0,0,96,0,96
55871,1.0,15.0,2.0,9.0,2.0,3.0,0.5,0.5,20.0,320,5745.060291290283,0,0,98,0,98
55871,1.0,15.0,2.0,9.0,2.0,3.0,0.5,0.5,20.0,321,5741.325364112854,0,0,97,0,97
55871,1.0,15.0,2.0,9.0,2.0,3.0,0.5,0.5,20.0,322,5766.6567051410675,0,0,94,0,94
55871,1.0,15.0,2.0,9.0,2.0,3.0,0.5,0.5,20.0,323,5738.320881426334,0,0,92,0,92
55871,1.0,15.0,2.0,9.0,2.0,3.0,0.5,0.5,20.0,324,5732.901101782918,0,0,90,0,90
55871,1.0,15.0,2.0,9.0,2.0,3.0,0.5,0.5,20.0,325,5666.1263772286475,0,0,88,0,88
55871,1.0,15.0,2.0,9.0,2.0,3.0,0.5,0.5,20.0,326,5402.657971535809,0,0,91,0,91
55871,1.0,15.0,2.0,9.0,2.0,3.0,0.5,0.5,20.0,327,5013.322464419762,0,0,87,0,87
55871,1.0,15.0,2.0,9.0,2.0,3.0,0.5,0.5,20.0,328,4916.653080524702,0,0,86,0,86
55871,1.0,15.0,2.0,9.0,2.0,3.0,0.5,0.5,20.0,329,4795.816350655878,0,0,81,0,81
55871,1.0,15.0,2.0,9.0,2.0,3.0,0.5,0.5,20.0,330,4614.770438319847,0,0,77,0,77
55871,1.0,15.0,2.0,9.0,2.0,3.0,0.5,0.5,20.0,331,4388.463047899809,0,0,76,0,76
55871,1.0,15.0,2.0,9.0,2.0,3.0,0.5,0.5,20.0,332,4165.578809874761,0,0,75,0,75
55871,1.0,15.0,2.0,9.0,2.0,3.0,0.5,0.5,20.0,333,4306.973512343451,0,0,74,0,74
55871,1.0,15.0,2.0,9.0,2.0,3.0,0.5,0.5,20.0,334,4333.716890429314,0,0,73,0,73
55871,1.0,15.0,2.0,9.0,2.0,3.0,0.5,0.5,20.0,335,4457.146113036642,0,0,72,0,72
55871,1.0,15.0,2.0,9.0,2.0,3.0,0.5,0.5,20.0,336,4581.4326412958035,0,0,71,0,71
55871,1.0,15.0,2.0,9.0,2.0,3.0,0.5,0.5,20.0,337,4706.790801619754,0,0,69,0,69
55871,1.0,15.0,2.0,9.0,2.0,3.0,0.5,0.5,20.0,338,4953.488502024693,0,0,65,0,65
55871,1.0,15.0,2.0,9.0,2.0,3.0,0.5,0.5,20.0,339,5141.860627530867,0,0,65,0,65
55871,1.0,15.0,2.0,9.0,2.0,3.0,0.5,0.5,20.0,340,5347.325784413583,0,0,63,0,63
55871,1.0,15.0,2.0,9.0,2.0,3.0,0.5,0.5,20.0,341,5544.157230516979,0,0,62,0,62
55871,1.0,15.0,2.0,9.0,2.0,3.0,0.5,0.5,20.0,342,5700.196538146224,0,0,61,0,61
55871,1.0,15.0,2.0,9.0,2.0,3.0,0.5,0.5,20.0,343,6015.24567268278,0,0,56,0,56
55871,1.0,15.0,2.0,9.0,2.0,3.0,0.5,0.5,20.0,344,6199.0570908534755,0,0,57,0,57
55871,1.0,15.0,2.0,9.0,2.0,3.0,0.5,0.5,20.0,345,6278.821363566844,0,0,59,0,59
55871,1.0,15.0,2.0,9.0,2.0,3.0,0.5,0.5,20.0,346,6378.526704458555,0,0,60,0,60
55871,1.0,15.0,2.0,9.0,2.0,3.0,0.5,0.5,20.0,347,6293.158380573194,0,0,62,0,62
55871,1.0,15.0,2.0,9.0,2.0,3.0,0.5,0.5,20.0,348,6096.447975716493,0,0,63,0,63
55871,1.0,15.0,2.0,9.0,2.0,3.0,0.5,0.5,20.0,349,5880.559969645616,0,0,62,0,62
55871,1.0,15.0,2.0,9.0,2.0,3.0,0.5,0.5,20.0,350,5550.69996205702,0,0,65,0,65
55871,1.0,15.0,2.0,9.0,2.0,3.0,0.5,0.5,20.0,351,5078.374952571275,0,0,66,0,66
55871,1.0,15.0,2.0,9.0,2.0,3.0,0.5,0.5,20.0,352,4427.968690714093,0,0,69,0,69
55871,1.0,15.0,2.0,9.0,2.0,3.0,0.5,0.5,20.0,353,3794.9608633926164,0,0,68,0,68
55871,1.0,15.0,2.0,9.0,2.0,3.0,0.5,0.5,20.0,354,3663.701079240771,0,0,70,0,70
55871,1.0,15.0,2.0,9.0,2.0,3.0,0.5,0.5,20.0,355,3889.6263490509637,0,0,69,0,69
55871,1.0,15.0,2.0,9.0,2.0,3.0,0.5,0.5,20.0,356,4232.032936313704,0,0,67,0,67
55871,1.0,15.0,2.0,9.0,2.0,3.0,0.5,0.5,20.0,357,4810.041170392131,0,0,65,0,65
55871,1.0,15.0,2.0,9.0,2.0,3.0,0.5,0.5,20.0,358,5412.551462990164,0,0,63,0,63
55871,1.0,15.0,2.0,9.0,2.0,3.0,0.5,0.5,20.0,359,5985.689328737704,0,0,64,0,64
55871,1.0,15.0,2.0,9.0,2.0,3.0,0.5,0.5,20.0,360,6642.11166092213,0,0,63,0,63
55871,1.0,15.0,2.0,9.0,2.0,3.0,0.5,0.5,20.0,361,7462.639576152662,0,0,63,0,63
55871,1.0,15.0,2.0,9.0,2.0,3.0,0.5,0.5,20.0,362,8458.299470190828,0,0,62,0,62
55871,1.0,15.0,2.0,9.0,2.0,3.0,0.5,0.5,20.0,363,9040.0,0,0,59,0,59
55871,1.0,15.0,2.0,9.0,2.0,3.0,0.5,0.5,20.0,364,9130.0,0,0,55,0,55
55871,1.0,15.0,2.0,9.0,2.0,3.0,0.5,0.5,20.0,365,8950.0,0,0,53,0,53
55871,1.0,15.0,2.0,9.0,2.0,3.0,0.5,0.5,20.0,366,8920.0,0,0,49,0,49
55871,1.0,15.0,2.0,9.0,2.0,3.0,0.5,0.5,20.0,367,8980.0,0,0,46,0,46
55871,1.0,15.0,2.0,9.0,2.0,3.0,0.5,0.5,20.0,368,8800.0,0,0,51,0,51
55871,1.0,15.0,2.0,9.0,2.0,3.0,0.5,0.5,20.0,369,8650.0,0,0,49,0,49
55871,1.0,15.0,2.0,9.0,2.0,3.0,0.5,0.5,20.0,370,8710.0,0,0,46,0,46
55871,1.0,15.0,2.0,9.0,2.0,3.0,0.5,0.5,20.0,371,8710.0,0,0,46,0,46
55871,1.0,15.0,2.0,9.0,2.0,3.0,0.5,0.5,20.0,372,8740.0,0,0,46,0,46
55871,1.0,15.0,2.0,9.0,2.0,3.0,0.5,0.5,20.0,373,8620.0,0,0,49,0,49
55871,1.0,15.0,2.0,9.0,2.0,3.0,0.5,0.5,20.0,374,8650.0,0,0,48,0,48
55871,1.0,15.0,2.0,9.0,2.0,3.0,0.5,0.5,20.0,375,8650.0,0,0,47,0,47
55871,1.0,15.0,2.0,9.0,2.0,3.0,0.5,0.5,20.0,376,8680.0,0,0,46,0,46
55871,1.0,15.0,2.0,9.0,2.0,3.0,0.5,0.5,20.0,377,8650.0,0,0,48,0,48
55871,1.0,15.0,2.0,9.0,2.0,3.0,0.5,0.5,20.0,378,8590.0,0,0,51,0,51
55871,1.0,15.0,2.0,9.0,2.0,3.0,0.5,0.5,20.0,379,8500.0,0,0,53,0,53
55871,1.0,15.0,2.0,9.0,2.0,3.0,0.5,0.5,20.0,380,8500.0,0,0,56,0,56
55871,1.0,15.0,2.0,9.0,2.0,3.0,0.5,0.5,20.0,381,8350.0,0,0,61,0,61
55871,1.0,15.0,2.0,9.0,2.0,3.0,0.5,0.5,20.0,382,8170.0,0,0,67,0,67
55871,1.0,15.0,2.0,9.0,2.0,3.0,0.5,0.5,20.0,383,8080.0,0,0,68,0,68
55871,1.0,15.0,2.0,9.0,2.0,3.0,0.5,0.5,20.0,384,8050.0,0,0,69,0,69
55871,1.0,15.0,2.0,9.0,2.0,3.0,0.5,0.5,20.0,385,7960.0,0,0,72,0,72
55871,1.0,15.0,2.0,9.0,2.0,3.0,0.5,0.5,20.0,386,7820.0,0,0,75,0,75
55871,1.0,15.0,2.0,9.0,2.0,3.0,0.5,0.5,20.0,387,7585.0,0,0,78,0,78
55871,1.0,15.0,2.0,9.0,2.0,3.0,0.5,0.5,20.0,388,7171.25,0,0,82,0,82
55871,1.0,15.0,2.0,9.0,2.0,3.0,0.5,0.5,20.0,389,6564.0625,0,0,90,0,90
55871,1.0,15.0,2.0,9.0,2.0,3.0,0.5,0.5,20.0,390,5565.078125,0,0,97,0,97
55871,1.0,15.0,2.0,9.0,2.0,3.0,0.5,0.5,20.0,391,5456.34765625,0,0,99,0,99
55871,1.0,15.0,2.0,9.0,2.0,3.0,0.5,0.5,20.0,392,5470.4345703125,0,0,96,0,96
55871,1.0,15.0,2.0,9.0,2.0,3.0,0.5,0.5,20.0,393,5548.043212890625,0,0,97,0,97
55871,1.0,15.0,2.0,9.0,2.0,3.0,0.5,0.5,20.0,394,5585.054016113281,0,0,98,0,98
55871,1.0,15.0,2.0,9.0,2.0,3.0,0.5,0.5,20.0,395,5691.317520141602,0,0,98,0,98
55871,1.0,15.0,2.0,9.0,2.0,3.0,0.5,0.5,20.0,396,5854.146900177002,0,0,99,0,99
55871,1.0,15.0,2.0,9.0,2.0,3.0,0.5,0.5,20.0,397,5847.683625221252,0,0,100,0,100
55871,1.0,15.0,2.0,9.0,2.0,3.0,0.5,0.5,20.0,398,5779.604531526566,0,0,99,0,99
55871,1.0,15.0,2.0,9.0,2.0,3.0,0.5,0.5,20.0,399,5844.505664408207,0,0,97,0,97
55871,1.0,15.0,2.0,9.0,2.0,3.0,0.5,0.5,20.0,400,6015.632080510259,0,0,92,0,92
55871,1.0,15.0,2.0,9.0,2.0,3.0,0.5,0.5,20.0,401,6079.540100637823,0,0,85,0,85
55871,1.0,15.0,2.0,9.0,2.0,3.0,0.5,0.5,20.0,402,6039.425125797279,0,0,86,0,86
55871,1.0,15.0,2.0,9.0,2.0,3.0,0.5,0.5,20.0,403,5929.281407246599,0,0,87,0,87
55871,1.0,15.0,2.0,9.0,2.0,3.0,0.5,0.5,20.0,404,5641.601759058249,0,0,86,0,86
55871,1.0,15.0,2.0,9.0,2.0,3.0,0.5,0.5,20.0,405,5192.002198822811,0,0,85,0,85
55871,1.0,15.0,2.0,9.0,2.0,3.0,0.5,0.5,20.0,406,4840.002748528514,0,0,85,0,85
55871,1.0,15.0,2.0,9.0,2.0,3.0,0.5,0.5,20.0,407,4730.003435660642,0,0,83,0,83
55871,1.0,15.0,2.0,9.0,2.0,3.0,0.5,0.5,20.0,408,4712.504294575802,0,0,83,0,83
55871,1.0,15.0,2.0,9.0,2.0,3.0,0.5,0.5,20.0,409,4720.630368219753,0,0,82,0,82
55871,1.0,15.0,2.0,9.0,2.0,3.0,0.5,0.5,20.0,410,4700.787960274692,0,0,82,0,82
55871,1.0,15.0,2.0,9.0,2.0,3.0,0.5,0.5,20.0,411,4705.984950343364,0,0,81,0,81
55871,1.0,15.0,2.0,9.0,2.0,3.0,0.5,0.5,20.0,412,4652.481187929206,0,0,78,0,78
55871,1.0,15.0,2.0,9.0,2.0,3.0,0.5,0.5,20.0,413,4555.601484911507,0,0,79,0,79
55871,1.0,15.0,2.0,9.0,2.0,3.0,0.5,0.5,20.0,414,4434.5018561393845,0,0,76,0,76
55871,1.0,15.0,2.0,9.0,2.0,3.0,0.5,0.5,20.0,415,4313.127320174231,0,0,76,0,76
55871,1.0,15.0,2.0,9.0,2.0,3.0,0.5,0.5,20.0,416,4221.409150217788,0,0,73,0,73
55871,1.0,15.0,2.0,9.0,2.0,3.0,0.5,0.5,20.0,417,4196.761437772235,0,0,73,0,73
55871,1.0,15.0,2.0,9.0,2.0,3.0,0.5,0.5,20.0,418,4165.9517972152935,0,0,73,0,73
55871,1.0,15.0,2.0,9.0,2.0,3.0,0.5,0.5,20.0,419,4097.439746519117,0,0,69,0,69
55871,1.0,15.0,2.0,9.0,2.0,3.0,0.5,0.5,20.0,420,4191.799683148896,0,0,68,0,68
55871,1.0,15.0,2.0,9.0,2.0,3.0,0.5,0.5,20.0,421,4339.74960393612,0,0,63,0,63
55871,1.0,15.0,2.0,9.0,2.0,3.0,0.5,0.5,20.0,422,4404.687004920151,0,0,66,0,66
55871,1.0,15.0,2.0,9.0,2.0,3.0,0.5,0.5,20.0,423,4455.858756150188,0,0,64,0,64
55871,1.0,15.0,2.0,9.0,2.0,3.0,0.5,0.5,20.0,424,4519.823445187735,0,0,60,0,60
55871,1.0,15.0,2.0,9.0,2.0,3.0,0.5,0.5,20.0,425,4509.779306484669,0,0,58,0,58
55871,1.0,15.0,2.0,9.0,2.0,3.0,0.5,0.5,20.0,426,4377.224133105837,0,0,61,0,61
55871,1.0,15.0,2.0,9.0,2.0,3.0,0.5,0.5,20.0,427,4181.530166382296,0,0,61,0,61
55871,1.0,15.0,2.0,9.0,2.0,3.0,0.5,0.5,20.0,428,3846.91270797787,0,0,62,0,62
55871,1.0,15.0,2.0,9.0,2.0,3.0,0.5,0.5,20.0,429,3398.6408849723375,0,0,62,0,62
55871,1.0,15.0,2.0,9.0,2.0,3.0,0.5,0.5,20.0,430,3438.301106215422,0,0,62,0,62
55871,1.0,15.0,2.0,9.0,2.0,3.0,0.5,0.5,20.0,431,3517.8763827692774,0,0,60,0,60
55871,1.0,15.0,2.0,9.0,2.0,3.0,0.5,0.5,20.0,432,3797.345478461597,0,0,58,0,58
55871,1.0,15.0,2.0,9.0,2.0,3.0,0.5,0.5,20.0,433,4086.681848076996,0,0,54,0,54
55871,1.0,15.0,2.0,9.0,2.0,3.0,0.5,0.5,20.0,434,4328.352310096245,0,0,55,0,55
55871,1.0,15.0,2.0,9.0,2.0,3.0,0.5,0.5,20.0,435,4540.440387620306,0,0,54,0,54
55871,1.0,15.0,2.0,9.0,2.0,3.0,0.5,0.5,20.0,436,4775.550484525383,0,0,54,0,54
55871,1.0,15.0,2.0,9.0,2.0,3.0,0.5,0.5,20.0,437,5009.438105656728,0,0,55,0,55
55871,1.0,15.0,2.0,9.0,2.0,3.0,0.5,0.5,20.0,438,5361.79763207091,0,0,54,0,54
55871,1.0,15.0,2.0,9.0,2.0,3.0,0.5,0.5,20.0,439,5682.247040088638,0,0,54,0,54
55871,1.0,15.0,2.0,9.0,2.0,3.0,0.5,0.5,20.0,440,6112.808800110797,0,0,52,0,52
55871,1.0,15.0,2.0,9.0,2.0,3.0,0.5,0.5,20.0,441,6531.0110001384965,0,0,49,0,49
55871,1.0,15.0,2.0,9.0,2.0,3.0,0.5,0.5,20.0,442,6903.763750173121,0,0,49,0,49
55871,1.0,15.0,2.0,9.0,2.0,3.0,0.5,0.5,20.0,443,7339.704687716401,0,0,49,0,49
55871,1.0,15.0,2.0,9.0,2.0,3.0,0.5,0.5,20.0,444,7794.630859645502,0,0,51,0,51
55871,1.0,15.0,2.0,9.0,2.0,3.0,0.5,0.5,20.0,445,8303.288574556878,0,0,52,0,52
55871,1.0,15.0,2.0,9.0,2.0,3.0,0.5,0.5,20.0,446,8530.0,0,0,53,0,53
55871,1.0,15.0,2.0,9.0,2.0,3.0,0.5,0.5,20.0,447,8500.0,0,0,54,0,54
55871,1.0,15.0,2.0,9.0,2.0,3.0,0.5,0.5,20.0,448,8380.0,0,0,59,0,59
55871,1.0,15.0,2.0,9.0,2.0,3.0,0.5,0.5,20.0,449,8290.0,0,0,60,0,60
55871,1.0,15.0,2.0,9.0,2.0,3.0,0.5,0.5,20.0,450,8380.0,0,0,58,0,58
55871,1.0,15.0,2.0,9.0,2.0,3.0,0.5,0.5,20.0,451,8320.0,0,0,59,0,59
55871,1.0,15.0,2.0,9.0,2.0,3.0,0.5,0.5,20.0,452,8290.0,0,0,61,0,61
55871,1.0,15.0,2.0,9.0,2.0,3.0,0.5,0.5,20.0,453,8260.0,0,0,63,0,63
55871,1.0,15.0,2.0,9.0,2.0,3.0,0.5,0.5,20.0,454,8140.0,0,0,66,0,66
55871,1.0,15.0,2.0,9.0,2.0,3.0,0.5,0.5,20.0,455,8050.0,0,0,70,0,70
55871,1.0,15.0,2.0,9.0,2.0,3.0,0.5,0.5,20.0,456,8020.0,0,0,74,0,74
55871,1.0,15.0,2.0,9.0,2.0,3.0,0.5,0.5,20.0,457,7840.0,0,0,79,0,79
55871,1.0,15.0,2.0,9.0,2.0,3.0,0.5,0.5,20.0,458,7430.0,0,0,84,0,84
55871,1.0,15.0,2.0,9.0,2.0,3.0,0.5,0.5,20.0,459,6887.5,0,0,87,0,87
55871,1.0,15.0,2.0,9.0,2.0,3.0,0.5,0.5,20.0,460,6119.375,0,0,87,0,87
55871,1.0,15.0,2.0,9.0,2.0,3.0,0.5,0.5,20.0,461,5159.21875,0,0,90,0,90
55871,1.0,15.0,2.0,9.0,2.0,3.0,0.5,0.5,20.0,462,4829.0234375,0,0,94,0,94
55871,1.0,15.0,2.0,9.0,2.0,3.0,0.5,0.5,20.0,463,5166.279296875,0,0,95,0,95
55871,1.0,15.0,2.0,9.0,2.0,3.0,0.5,0.5,20.0,464,5647.84912109375,0,0,95,0,95
55871,1.0,15.0,2.0,9.0,2.0,3.0,0.5,0.5,20.0,465,6249.8114013671875,0,0,94,0,94
55871,1.0,15.0,2.0,9.0,2.0,3.0,0.5,0.5,20.0,466,7032.264251708984,0,0,92,0,92
55871,1.0,15.0,2.0,9.0,2.0,3.0,0.5,0.5,20.0,467,7650.3303146362305,0,0,91,0,91
55871,1.0,15.0,2.0,9.0,2.0,3.0,0.5,0.5,20.0,468,8212.912893295288,0,0,86,0,86
55871,1.0,15.0,2.0,9.0,2.0,3.0,0.5,0.5,20.0,469,8680.0,0,0,84,0,84
55871,1.0,15.0,2.0,9.0,2.0,3.0,0.5,0.5,20.0,470,8710.0,0,0,83,0,83
55871,1.0,15.0,2.0,9.0,2.0,3.0,0.5,0.5,20.0,471,8710.0,0,0,78,0,78
55871,1.0,15.0,2.0,9.0,2.0,3.0,0.5,0.5,20.0,472,8590.0,0,0,75,0,75
55871,1.0,15.0,2.0,9.0,2.0,3.0,0.5,0.5,20.0,473,8440.0,0,0,78,0,78
55871,1.0,15.0,2.0,9.0,2.0,3.0,0.5,0.5,20.0,474,8170.0,0,0,79,0,79
55871,1.0,15.0,2.0,9.0,2.0,3.0,0.5,0.5,20.0,475,8230.0,0,0,75,0,75
55871,1.0,15.0,2.0,9.0,2.0,3.0,0.5,0.5,20.0,476,8050.0,0,0,73,0,73
55871,1.0,15.0,2.0,9.0,2.0,3.0,0.5,0.5,20.0,477,8020.0,0,0,70,0,70
55871,1.0,15.0,2.0,9.0,2.0,3.0,0.5,0.5,20.0,478,8020.0,0,0,70,0,70
55871,1.0,15.0,2.0,9.0,2.0,3.0,0.5,0.5,20.0,479,8020.0,0,0,70,0,70
55871,1.0,15.0,2.0,9.0,2.0,3.0,0.5,0.5,20.0,480,8110.0,0,0,66,0,66
55871,1.0,15.0,2.0,9.0,2.0,3.0,0.5,0.5,20.0,481,8140.0,0,0,68,0,68
55871,1.0,15.0,2.0,9.0,2.0,3.0,0.5,0.5,20.0,482,8020.0,0,0,72,0,72
55871,1.0,15.0,2.0,9.0,2.0,3.0,0.5,0.5,20.0,483,7990.0,0,0,72,0,72
55871,1.0,15.0,2.0,9.0,2.0,3.0,0.5,0.5,20.0,484,7917.5,0,0,74,0,74
55871,1.0,15.0,2.0,9.0,2.0,3.0,0.5,0.5,20.0,485,7796.875,0,0,76,0,76
55871,1.0,15.0,2.0,9.0,2.0,3.0,0.5,0.5,20.0,486,7496.09375,0,0,83,0,83
55871,1.0,15.0,2.0,9.0,2.0,3.0,0.5,0.5,20.0,487,6910.1171875,0,0,89,0,89
55871,1.0,15.0,2.0,9.0,2.0,3.0,0.5,0.5,20.0,488,6027.646484375,0,0,92,0,92
55871,1.0,15.0,2.0,9.0,2.0,3.0,0.5,0.5,20.0,489,5164.55810546875,0,0,93,0,93
55871,1.0,15.0,2.0,9.0,2.0,3.0,0.5,0.5,20.0,490,5135.6976318359375,0,0,96,0,96
55871,1.0,15.0,2.0,9.0,2.0,3.0,0.5,0.5,20.0,491,5579.622039794922,0,0,96,0,96
55871,1.0,15.0,2.0,9.0,2.0,3.0,0.5,0.5,20.0,492,6104.527549743652,0,0,96,0,96
55871,1.0,15.0,2.0,9.0,2.0,3.0,0.5,0.5,20.0,493,6640.659437179565,0,0,96,0,96
55871,1.0,15.0,2.0,9.0,2.0,3.0,0.5,0.5,20.0,494,7370.824296474457,0,0,92,0,92
55871,1.0,15.0,2.0,9.0,2.0,3.0,0.5,0.5,20.0,495,8013.530370593071,0,0,93,0,93
55871,1.0,15.0,2.0,9.0,2.0,3.0,0.5,0.5,20.0,496,8620.0,0,0,94,0,94
55871,1.0,15.0,2.0,9.0,2.0,3.0,0.5,0.5,20.0,497,8650.0,0,0,90,0,90
55871,1.0,15.0,2.0,9.0,2.0,3.0,0.5,0.5,20.0,498,8620.0,0,0,85,0,85
55871,1.0,15.0,2.0,9.0,2.0,3.0,0.5,0.5,20.0,499,8620.0,0,0,87,0,87