Exp Num,agent:svo_convergence_factor,agent:params:metabolism,agent:params:consumption_factor,agent:params:procreate_cost_factor,agent:params:procreate_req_factor,agent:params:start_energy_factor,agent:params:caught_chance,agent:params:caught_cooldown_factor,agent:params:maximum_age,Epoch,Resource,A,B,C,D,E
54703,1.0,15.0,2.0,7.0,2.0,3.0,0.4,0.1,40.0,0,3770.0,18,28,10,30,70
54703,1.0,15.0,2.0,7.0,2.0,3.0,0.4,0.1,40.0,1,4052.5,18,28,10,30,70
54703,1.0,15.0,2.0,7.0,2.0,3.0,0.4,0.1,40.0,2,4045.625,15,21,10,22,60
54703,1.0,15.0,2.0,7.0,2.0,3.0,0.4,0.1,40.0,3,4667.03125,15,20,9,19,58
54703,1.0,15.0,2.0,7.0,2.0,3.0,0.4,0.1,40.0,4,4963.7890625,12,15,7,18,48
54703,1.0,15.0,2.0,7.0,2.0,3.0,0.4,0.1,40.0,5,5214.736328125,9,14,6,16,43
54703,1.0,15.0,2.0,7.0,2.0,3.0,0.4,0.1,40.0,6,5498.42041015625,5,10,5,15,34
54703,1.0,15.0,2.0,7.0,2.0,3.0,0.4,0.1,40.0,7,5733.0255126953125,4,7,5,15,30
54703,1.0,15.0,2.0,7.0,2.0,3.0,0.4,0.1,40.0,8,5906.281890869141,4,7,5,15,30
54703,1.0,15.0,2.0,7.0,2.0,3.0,0.4,0.1,40.0,9,6152.852363586426,3,7,4,15,28
54703,1.0,15.0,2.0,7.0,2.0,3.0,0.4,0.1,40.0,10,6401.065454483032,3,7,4,15,28
54703,1.0,15.0,2.0,7.0,2.0,3.0,0.4,0.1,40.0,11,6711.33181810379,3,7,4,15,28
54703,1.0,15.0,2.0,7.0,2.0,3.0,0.4,0.1,40.0,12,7099.164772629738,4,7,4,15,29
54703,1.0,15.0,2.0,7.0,2.0,3.0,0.4,0.1,40.0,13,7553.955965787172,4,8,4,15,30
54703,1.0,15.0,2.0,7.0,2.0,3.0,0.4,0.1,40.0,14,8092.444957233965,4,10,4,15,32
54703,1.0,15.0,2.0,7.0,2.0,3.0,0.4,0.1,40.0,15,8590.0,4,11,4,15,33
54703,1.0,15.0,2.0,7.0,2.0,3.0,0.4,0.1,40.0,16,8560.0,4,11,5,19,37
54703,1.0,15.0,2.0,7.0,2.0,3.0,0.4,0.1,40.0,17,8320.0,4,11,9,24,44
54703,1.0,15.0,2.0,7.0,2.0,3.0,0.4,0.1,40.0,18,7960.0,4,11,12,27,48
54703,1.0,15.0,2.0,7.0,2.0,3.0,0.4,0.1,40.0,19,7700.0,4,14,12,30,52
54703,1.0,15.0,2.0,7.0,2.0,3.0,0.4,0.1,40.0,20,7165.0,4,15,13,31,55
54703,1.0,15.0,2.0,7.0,2.0,3.0,0.4,0.1,40.0,21,6376.25,4,17,15,32,59
54703,1.0,15.0,2.0,7.0,2.0,3.0,0.4,0.1,40.0,22,5420.3125,4,18,17,32,62
54703,1.0,15.0,2.0,7.0,2.0,3.0,0.4,0.1,40.0,23,5215.390625,4,18,19,34,67
54703,1.0,15.0,2.0,7.0,2.0,3.0,0.4,0.1,40.0,24,5709.23828125,4,18,21,34,70
54703,1.0,15.0,2.0,7.0,2.0,3.0,0.4,0.1,40.0,25,6416.5478515625,4,18,22,35,71
54703,1.0,15.0,2.0,7.0,2.0,3.0,0.4,0.1,40.0,26,7150.684814453125,4,18,23,35,72
54703,1.0,15.0,2.0,7.0,2.0,3.0,0.4,0.1,40.0,27,8098.356018066406,4,18,24,36,73
54703,1.0,15.0,2.0,7.0,2.0,3.0,0.4,0.1,40.0,28,9100.0,4,19,24,37,74
54703,1.0,15.0,2.0,7.0,2.0,3.0,0.4,0.1,40.0,29,8620.0,4,19,26,37,76
54703,1.0,15.0,2.0,7.0,2.0,3.0,0.4,0.1,40.0,30,8560.0,4,19,26,37,77
54703,1.0,15.0,2.0,7.0,2.0,3.0,0.4,0.1,40.0,31,8710.0,4,19,26,38,78
54703,1.0,15.0,2.0,7.0,2.0,3.0,0.4,0.1,40.0,32,8530.0,4,18,25,39,77
54703,1.0,15.0,2.0,7.0,2.0,3.0,0.4,0.1,40.0,33,8350.0,4,17,25,39,76
54703,1.0,15.0,2.0,7.0,2.0,3.0,0.4,0.1,40.0,34,8170.0,4,16,25,40,74
54703,1.0,15.0,2.0,7.0,2.0,3.0,0.4,0.1,40.0,35,8050.0,4,16,28,40,77
54703,1.0,15.0,2.0,7.0,2.0,3.0,0.4,0.1,40.0,36,7900.0,4,15,30,40,77
54703,1.0,15.0,2.0,7.0,2.0,3.0,0.4,0.1,40.0,37,7805.0,4,15,33,38,79
54703,1.0,15.0,2.0,7.0,2.0,3.0,0.4,0.1,40.0,38,7536.25,2,14,34,42,77
54703,1.0,15.0,2.0,7.0,2.0,3.0,0.4,0.1,40.0,39,6930.3125,2,14,34,46,77
54703,1.0,15.0,2.0,7.0,2.0,3.0,0.4,0.1,40.0,40,6742.890625,2,15,34,47,74
54703,1.0,15.0,2.0,7.0,2.0,3.0,0.4,0.1,40.0,41,6718.61328125,1,13,35,42,68
54703,1.0,15.0,2.0,7.0,2.0,3.0,0.4,0.1,40.0,42,6598.2666015625,1,10,37,43,64
54703,1.0,15.0,2.0,7.0,2.0,3.0,0.4,0.1,40.0,43,6477.833251953125,0,10,40,41,65
54703,1.0,15.0,2.0,7.0,2.0,3.0,0.4,0.1,40.0,44,6177.291564941406,0,9,43,41,67
54703,1.0,15.0,2.0,7.0,2.0,3.0,0.4,0.1,40.0,45,6131.614456176758,0,9,46,43,69
54703,1.0,15.0,2.0,7.0,2.0,3.0,0.4,0.1,40.0,46,6254.518070220947,0,9,47,43,70
54703,1.0,15.0,2.0,7.0,2.0,3.0,0.4,0.1,40.0,47,6618.147587776184,0,9,47,43,70
54703,1.0,15.0,2.0,7.0,2.0,3.0,0.4,0.1,40.0,48,6682.68448472023,0,9,48,41,71
54703,1.0,15.0,2.0,7.0,2.0,3.0,0.4,0.1,40.0,49,7033.355605900288,0,8,49,42,71
54703,1.0,15.0,2.0,7.0,2.0,3.0,0.4,0.1,40.0,50,7411.6945073753595,0,7,49,42,70
54703,1.0,15.0,2.0,7.0,2.0,3.0,0.4,0.1,40.0,51,8004.618134219199,0,7,48,38,68
54703,1.0,15.0,2.0,7.0,2.0,3.0,0.4,0.1,40.0,52,8350.0,0,6,51,38,70
54703,1.0,15.0,2.0,7.0,2.0,3.0,0.4,0.1,40.0,53,7960.0,0,6,53,41,72
54703,1.0,15.0,2.0,7.0,2.0,3.0,0.4,0.1,40.0,54,7550.0,0,6,56,42,75
54703,1.0,15.0,2.0,7.0,2.0,3.0,0.4,0.1,40.0,55,7007.5,0,5,58,42,76
54703,1.0,15.0,2.0,7.0,2.0,3.0,0.4,0.1,40.0,56,6749.375,0,5,58,41,75
54703,1.0,15.0,2.0,7.0,2.0,3.0,0.4,0.1,40.0,57,6726.71875,0,5,61,41,77
54703,1.0,15.0,2.0,7.0,2.0,3.0,0.4,0.1,40.0,58,6638.3984375,0,5,63,40,77
54703,1.0,15.0,2.0,7.0,2.0,3.0,0.4,0.1,40.0,59,6797.998046875,0,5,63,38,77
54703,1.0,15.0,2.0,7.0,2.0,3.0,0.4,0.1,40.0,60,6817.49755859375,0,4,64,39,77
54703,1.0,15.0,2.0,7.0,2.0,3.0,0.4,0.1,40.0,61,6571.8719482421875,0,4,66,38,78
54703,1.0,15.0,2.0,7.0,2.0,3.0,0.4,0.1,40.0,62,6594.839935302734,0,2,65,41,74
54703,1.0,15.0,2.0,7.0,2.0,3.0,0.4,0.1,40.0,63,6593.549919128418,0,1,65,41,73
54703,1.0,15.0,2.0,7.0,2.0,3.0,0.4,0.1,40.0,64,6621.9373989105225,0,1,65,39,73
54703,1.0,15.0,2.0,7.0,2.0,3.0,0.4,0.1,40.0,65,6627.421748638153,0,1,64,38,72
54703,1.0,15.0,2.0,7.0,2.0,3.0,0.4,0.1,40.0,66,6454.277185797691,0,1,66,40,73
54703,1.0,15.0,2.0,7.0,2.0,3.0,0.4,0.1,40.0,67,6297.846482247114,0,1,68,42,75
54703,1.0,15.0,2.0,7.0,2.0,3.0,0.4,0.1,40.0,68,6432.308102808893,0,1,71,40,78
54703,1.0,15.0,2.0,7.0,2.0,3.0,0.4,0.1,40.0,69,6720.385128511116,0,1,71,40,78
54703,1.0,15.0,2.0,7.0,2.0,3.0,0.4,0.1,40.0,70,7170.481410638895,0,0,66,39,72
54703,1.0,15.0,2.0,7.0,2.0,3.0,0.4,0.1,40.0,71,7613.101763298619,0,0,65,39,71
54703,1.0,15.0,2.0,7.0,2.0,3.0,0.4,0.1,40.0,72,8046.377204123273,0,0,65,38,71
54703,1.0,15.0,2.0,7.0,2.0,3.0,0.4,0.1,40.0,73,8440.0,0,0,66,38,72
54703,1.0,15.0,2.0,7.0,2.0,3.0,0.4,0.1,40.0,74,8470.0,0,0,61,40,67
54703,1.0,15.0,2.0,7.0,2.0,3.0,0.4,0.1,40.0,75,8260.0,0,0,66,38,71
54703,1.0,15.0,2.0,7.0,2.0,3.0,0.4,0.1,40.0,76,7960.0,0,0,68,38,72
54703,1.0,15.0,2.0,7.0,2.0,3.0,0.4,0.1,40.0,77,7640.0,0,0,69,40,73
54703,1.0,15.0,2.0,7.0,2.0,3.0,0.4,0.1,40.0,78,7060.0,0,0,69,40,72
54703,1.0,15.0,2.0,7.0,2.0,3.0,0.4,0.1,40.0,79,6455.0,0,0,70,40,72
54703,1.0,15.0,2.0,7.0,2.0,3.0,0.4,0.1,40.0,80,6118.75,0,0,71,39,73
54703,1.0,15.0,2.0,7.0,2.0,3.0,0.4,0.1,40.0,81,6238.4375,0,0,70,39,72
54703,1.0,15.0,2.0,7.0,2.0,3.0,0.4,0.1,40.0,82,6508.046875,0,0,69,40,71
54703,1.0,15.0,2.0,7.0,2.0,3.0,0.4,0.1,40.0,83,6875.05859375,0,0,75,38,76
54703,1.0,15.0,2.0,7.0,2.0,3.0,0.4,0.1,40.0,84,6823.8232421875,0,0,78,39,79
54703,1.0,15.0,2.0,7.0,2.0,3.0,0.4,0.1,40.0,85,6909.779052734375,0,0,79,39,80
54703,1.0,15.0,2.0,7.0,2.0,3.0,0.4,0.1,40.0,86,6897.223815917969,0,0,79,39,80
54703,1.0,15.0,2.0,7.0,2.0,3.0,0.4,0.1,40.0,87,6881.529769897461,0,0,80,36,81
54703,1.0,15.0,2.0,7.0,2.0,3.0,0.4,0.1,40.0,88,6681.912212371826,0,0,83,33,84
54703,1.0,15.0,2.0,7.0,2.0,3.0,0.4,0.1,40.0,89,6642.390265464783,0,0,81,34,82
54703,1.0,15.0,2.0,7.0,2.0,3.0,0.4,0.1,40.0,90,6562.987831830978,0,0,81,34,82
54703,1.0,15.0,2.0,7.0,2.0,3.0,0.4,0.1,40.0,91,6613.734789788723,0,0,82,34,83
54703,1.0,15.0,2.0,7.0,2.0,3.0,0.4,0.1,40.0,92,6437.168487235904,0,0,81,32,82
54703,1.0,15.0,2.0,7.0,2.0,3.0,0.4,0.1,40.0,93,6666.46060904488,0,0,82,32,83
54703,1.0,15.0,2.0,7.0,2.0,3.0,0.4,0.1,40.0,94,6833.0757613061,0,0,82,30,83
54703,1.0,15.0,2.0,7.0,2.0,3.0,0.4,0.1,40.0,95,7131.3447016326245,0,0,81,27,82
54703,1.0,15.0,2.0,7.0,2.0,3.0,0.4,0.1,40.0,96,7294.180877040781,0,0,81,25,81
54703,1.0,15.0,2.0,7.0,2.0,3.0,0.4,0.1,40.0,97,7587.726096300976,0,0,85,25,85
54703,1.0,15.0,2.0,7.0,2.0,3.0,0.4,0.1,40.0,98,7804.65762037622,0,0,81,25,81
54703,1.0,15.0,2.0,7.0,2.0,3.0,0.4,0.1,40.0,99,7895.822025470276,0,0,81,23,81
54703,1.0,15.0,2.0,7.0,2.0,3.0,0.4,0.1,40.0,100,7619.777531837844,0,0,83,23,83
54703,1.0,15.0,2.0,7.0,2.0,3.0,0.4,0.1,40.0,101,7154.721914797305,0,0,85,24,85
54703,1.0,15.0,2.0,7.0,2.0,3.0,0.4,0.1,40.0,102,6483.402393496632,0,0,83,25,83
54703,1.0,15.0,2.0,7.0,2.0,3.0,0.4,0.1,40.0,103,6004.25299187079,0,0,85,26,85
54703,1.0,15.0,2.0,7.0,2.0,3.0,0.4,0.1,40.0,104,6215.316239838487,0,0,90,26,90
54703,1.0,15.0,2.0,7.0,2.0,3.0,0.4,0.1,40.0,105,6689.145299798109,0,0,92,27,92
54703,1.0,15.0,2.0,7.0,2.0,3.0,0.4,0.1,40.0,106,7251.431624747636,0,0,93,26,93
54703,1.0,15.0,2.0,7.0,2.0,3.0,0.4,0.1,40.0,107,7924.289530934546,0,0,89,25,89
54703,1.0,15.0,2.0,7.0,2.0,3.0,0.4,0.1,40.0,108,8765.361913668183,0,0,91,25,91
54703,1.0,15.0,2.0,7.0,2.0,3.0,0.4,0.1,40.0,109,8560.0,0,0,90,24,90
54703,1.0,15.0,2.0,7.0,2.0,3.0,0.4,0.1,40.0,110,8710.0,0,0,90,23,90
54703,1.0,15.0,2.0,7.0,2.0,3.0,0.4,0.1,40.0,111,8740.0,0,0,90,21,90
54703,1.0,15.0,2.0,7.0,2.0,3.0,0.4,0.1,40.0,112,8230.0,0,0,94,19,94
54703,1.0,15.0,2.0,7.0,2.0,3.0,0.4,0.1,40.0,113,8140.0,0,0,94,19,94
54703,1.0,15.0,2.0,7.0,2.0,3.0,0.4,0.1,40.0,114,8020.0,0,0,97,17,97
54703,1.0,15.0,2.0,7.0,2.0,3.0,0.4,0.1,40.0,115,8140.0,0,0,99,13,99
54703,1.0,15.0,2.0,7.0,2.0,3.0,0.4,0.1,40.0,116,8080.0,0,0,95,13,95
54703,1.0,15.0,2.0,7.0,2.0,3.0,0.4,0.1,40.0,117,7840.0,0,0,96,11,96
54703,1.0,15.0,2.0,7.0,2.0,3.0,0.4,0.1,40.0,118,7400.0,0,0,99,11,99
54703,1.0,15.0,2.0,7.0,2.0,3.0,0.4,0.1,40.0,119,6580.0,0,0,106,9,106
54703,1.0,15.0,2.0,7.0,2.0,3.0,0.4,0.1,40.0,120,6395.0,0,0,109,9,109
54703,1.0,15.0,2.0,7.0,2.0,3.0,0.4,0.1,40.0,121,6643.75,0,0,108,9,108
54703,1.0,15.0,2.0,7.0,2.0,3.0,0.4,0.1,40.0,122,6684.6875,0,0,108,7,108
54703,1.0,15.0,2.0,7.0,2.0,3.0,0.4,0.1,40.0,123,6855.859375,0,0,107,7,107
54703,1.0,15.0,2.0,7.0,2.0,3.0,0.4,0.1,40.0,124,7039.82421875,0,0,108,6,108
54703,1.0,15.0,2.0,7.0,2.0,3.0,0.4,0.1,40.0,125,6969.7802734375,0,0,113,6,113
54703,1.0,15.0,2.0,7.0,2.0,3.0,0.4,0.1,40.0,126,6882.225341796875,0,0,117,5,117
54703,1.0,15.0,2.0,7.0,2.0,3.0,0.4,0.1,40.0,127,6832.781677246094,0,0,118,3,118
54703,1.0,15.0,2.0,7.0,2.0,3.0,0.4,0.1,40.0,128,6830.977096557617,0,0,117,3,117
54703,1.0,15.0,2.0,7.0,2.0,3.0,0.4,0.1,40.0,129,6738.7213706970215,0,0,116,3,116
54703,1.0,15.0,2.0,7.0,2.0,3.0,0.4,0.1,40.0,130,6803.401713371277,0,0,115,2,115
54703,1.0,15.0,2.0,7.0,2.0,3.0,0.4,0.1,40.0,131,6734.252141714096,0,0,117,2,117
54703,1.0,15.0,2.0,7.0,2.0,3.0,0.4,0.1,40.0,132,6887.81517714262,0,0,114,2,114
54703,1.0,15.0,2.0,7.0,2.0,3.0,0.4,0.1,40.0,133,7079.768971428275,0,0,113,2,113
54703,1.0,15.0,2.0,7.0,2.0,3.0,0.4,0.1,40.0,134,7049.711214285344,0,0,114,2,114
54703,1.0,15.0,2.0,7.0,2.0,3.0,0.4,0.1,40.0,135,6982.13901785668,0,0,116,2,116
54703,1.0,15.0,2.0,7.0,2.0,3.0,0.4,0.1,40.0,136,6717.67377232085,0,0,118,2,118
54703,1.0,15.0,2.0,7.0,2.0,3.0,0.4,0.1,40.0,137,6507.092215401062,0,0,119,2,119
54703,1.0,15.0,2.0,7.0,2.0,3.0,0.4,0.1,40.0,138,6693.865269251328,0,0,119,2,119
54703,1.0,15.0,2.0,7.0,2.0,3.0,0.4,0.1,40.0,139,6987.33158656416,0,0,118,1,118
54703,1.0,15.0,2.0,7.0,2.0,3.0,0.4,0.1,40.0,140,7444.164483205201,0,0,118,1,118
54703,1.0,15.0,2.0,7.0,2.0,3.0,0.4,0.1,40.0,141,7865.2056040065,0,0,117,1,117
54703,1.0,15.0,2.0,7.0,2.0,3.0,0.4,0.1,40.0,142,8241.507005008125,0,0,117,1,117
54703,1.0,15.0,2.0,7.0,2.0,3.0,0.4,0.1,40.0,143,8620.0,0,0,111,1,111
54703,1.0,15.0,2.0,7.0,2.0,3.0,0.4,0.1,40.0,144,8320.0,0,0,114,1,114
54703,1.0,15.0,2.0,7.0,2.0,3.0,0.4,0.1,40.0,145,8170.0,0,0,115,1,115
54703,1.0,15.0,2.0,7.0,2.0,3.0,0.4,0.1,40.0,146,8410.0,0,0,110,0,110
54703,1.0,15.0,2.0,7.0,2.0,3.0,0.4,0.1,40.0,147,8140.0,0,0,112,0,112
54703,1.0,15.0,2.0,7.0,2.0,3.0,0.4,0.1,40.0,148,8020.0,0,0,111,0,111
54703,1.0,15.0,2.0,7.0,2.0,3.0,0.4,0.1,40.0,149,8110.0,0,0,109,0,109
54703,1.0,15.0,2.0,7.0,2.0,3.0,0.4,0.1,40.0,150,7720.0,0,0,112,0,112
54703,1.0,15.0,2.0,7.0,2.0,3.0,0.4,0.1,40.0,151,7190.0,0,0,115,0,115
54703,1.0,15.0,2.0,7.0,2.0,3.0,0.4,0.1,40.0,152,6617.5,0,0,119,0,119
54703,1.0,15.0,2.0,7.0,2.0,3.0,0.4,0.1,40.0,153,6411.875,0,0,118,0,118
54703,1.0,15.0,2.0,7.0,2.0,3.0,0.4,0.1,40.0,154,6454.84375,0,0,113,0,113
54703,1.0,15.0,2.0,7.0,2.0,3.0,0.4,0.1,40.0,155,6688.5546875,0,0,113,0,113
54703,1.0,15.0,2.0,7.0,2.0,3.0,0.4,0.1,40.0,156,6770.693359375,0,0,115,0,115
54703,1.0,15.0,2.0,7.0,2.0,3.0,0.4,0.1,40.0,157,6993.36669921875,0,0,115,0,115
54703,1.0,15.0,2.0,7.0,2.0,3.0,0.4,0.1,40.0,158,7181.7083740234375,0,0,116,0,116
54703,1.0,15.0,2.0,7.0,2.0,3.0,0.4,0.1,40.0,159,7117.135467529297,0,0,119,0,119
54703,1.0,15.0,2.0,7.0,2.0,3.0,0.4,0.1,40.0,160,7036.419334411621,0,0,118,0,118
54703,1.0,15.0,2.0,7.0,2.0,3.0,0.4,0.1,40.0,161,6845.524168014526,0,0,119,0,119
54703,1.0,15.0,2.0,7.0,2.0,3.0,0.4,0.1,40.0,162,6816.905210018158,0,0,119,0,119
54703,1.0,15.0,2.0,7.0,2.0,3.0,0.4,0.1,40.0,163,6901.131512522697,0,0,120,0,120
54703,1.0,15.0,2.0,7.0,2.0,3.0,0.4,0.1,40.0,164,6886.414390653372,0,0,123,0,123
54703,1.0,15.0,2.0,7.0,2.0,3.0,0.4,0.1,40.0,165,7018.017988316715,0,0,124,0,124
54703,1.0,15.0,2.0,7.0,2.0,3.0,0.4,0.1,40.0,166,6942.522485395893,0,0,124,0,124
54703,1.0,15.0,2.0,7.0,2.0,3.0,0.4,0.1,40.0,167,7148.153106744867,0,0,121,0,121
54703,1.0,15.0,2.0,7.0,2.0,3.0,0.4,0.1,40.0,168,7015.1913834310835,0,0,121,0,121
54703,1.0,15.0,2.0,7.0,2.0,3.0,0.4,0.1,40.0,169,6818.989229288854,0,0,117,0,117
54703,1.0,15.0,2.0,7.0,2.0,3.0,0.4,0.1,40.0,170,6783.736536611068,0,0,118,0,118
54703,1.0,15.0,2.0,7.0,2.0,3.0,0.4,0.1,40.0,171,6739.670670763835,0,0,120,0,120
54703,1.0,15.0,2.0,7.0,2.0,3.0,0.4,0.1,40.0,172,6924.588338454794,0,0,116,0,116
54703,1.0,15.0,2.0,7.0,2.0,3.0,0.4,0.1,40.0,173,6975.735423068492,0,0,117,0,117
54703,1.0,15.0,2.0,7.0,2.0,3.0,0.4,0.1,40.0,174,6889.669278835616,0,0,112,0,112
54703,1.0,15.0,2.0,7.0,2.0,3.0,0.4,0.1,40.0,175,6512.08659854452,0,0,118,0,118
54703,1.0,15.0,2.0,7.0,2.0,3.0,0.4,0.1,40.0,176,6550.10824818065,0,0,115,0,115
54703,1.0,15.0,2.0,7.0,2.0,3.0,0.4,0.1,40.0,177,6717.635310225813,0,0,109,0,109
54703,1.0,15.0,2.0,7.0,2.0,3.0,0.4,0.1,40.0,178,6717.044137782266,0,0,111,0,111
54703,1.0,15.0,2.0,7.0,2.0,3.0,0.4,0.1,40.0,179,6656.305172227832,0,0,111,0,111
54703,1.0,15.0,2.0,7.0,2.0,3.0,0.4,0.1,40.0,180,6430.3814652847905,0,0,117,0,117
54703,1.0,15.0,2.0,7.0,2.0,3.0,0.4,0.1,40.0,181,6537.976831605988,0,0,117,0,117
54703,1.0,15.0,2.0,7.0,2.0,3.0,0.4,0.1,40.0,182,6582.471039507485,0,0,118,0,118
54703,1.0,15.0,2.0,7.0,2.0,3.0,0.4,0.1,40.0,183,6878.088799384357,0,0,117,0,117
54703,1.0,15.0,2.0,7.0,2.0,3.0,0.4,0.1,40.0,184,7337.610999230446,0,0,115,0,115
54703,1.0,15.0,2.0,7.0,2.0,3.0,0.4,0.1,40.0,185,7612.013749038058,0,0,114,0,114
54703,1.0,15.0,2.0,7.0,2.0,3.0,0.4,0.1,40.0,186,8135.017186297573,0,0,111,0,111
54703,1.0,15.0,2.0,7.0,2.0,3.0,0.4,0.1,40.0,187,8440.0,0,0,112,0,112
54703,1.0,15.0,2.0,7.0,2.0,3.0,0.4,0.1,40.0,188,8410.0,0,0,115,0,115
54703,1.0,15.0,2.0,7.0,2.0,3.0,0.4,0.1,40.0,189,8200.0,0,0,113,0,113
54703,1.0,15.0,2.0,7.0,2.0,3.0,0.4,0.1,40.0,190,7960.0,0,0,116,0,116
54703,1.0,15.0,2.0,7.0,2.0,3.0,0.4,0.1,40.0,191,7970.0,0,0,113,0,113
54703,1.0,15.0,2.0,7.0,2.0,3.0,0.4,0.1,40.0,192,7532.5,0,0,113,0,113
54703,1.0,15.0,2.0,7.0,2.0,3.0,0.4,0.1,40.0,193,7285.625,0,0,110,0,110
54703,1.0,15.0,2.0,7.0,2.0,3.0,0.4,0.1,40.0,194,6977.03125,0,0,111,0,111
54703,1.0,15.0,2.0,7.0,2.0,3.0,0.4,0.1,40.0,195,6231.2890625,0,0,114,0,114
54703,1.0,15.0,2.0,7.0,2.0,3.0,0.4,0.1,40.0,196,6469.111328125,0,0,114,0,114
54703,1.0,15.0,2.0,7.0,2.0,3.0,0.4,0.1,40.0,197,6436.38916015625,0,0,112,0,112
54703,1.0,15.0,2.0,7.0,2.0,3.0,0.4,0.1,40.0,198,6545.4864501953125,0,0,114,0,114
54703,1.0,15.0,2.0,7.0,2.0,3.0,0.4,0.1,40.0,199,6681.858062744141,0,0,113,0,113
54703,1.0,15.0,2.0,7.0,2.0,3.0,0.4,0.1,40.0,200,6912.322578430176,0,0,114,0,114
54703,1.0,15.0,2.0,7.0,2.0,3.0,0.4,0.1,40.0,201,7020.40322303772,0,0,118,0,118
54703,1.0,15.0,2.0,7.0,2.0,3.0,0.4,0.1,40.0,202,7005.50402879715,0,0,120,0,120
54703,1.0,15.0,2.0,7.0,2.0,3.0,0.4,0.1,40.0,203,6806.880035996437,0,0,117,0,117
54703,1.0,15.0,2.0,7.0,2.0,3.0,0.4,0.1,40.0,204,6708.600044995546,0,0,119,0,119
54703,1.0,15.0,2.0,7.0,2.0,3.0,0.4,0.1,40.0,205,6855.750056244433,0,0,121,0,121
54703,1.0,15.0,2.0,7.0,2.0,3.0,0.4,0.1,40.0,206,7039.687570305541,0,0,121,0,121
54703,1.0,15.0,2.0,7.0,2.0,3.0,0.4,0.1,40.0,207,7389.609462881926,0,0,122,0,122
54703,1.0,15.0,2.0,7.0,2.0,3.0,0.4,0.1,40.0,208,7647.011828602408,0,0,120,0,120
54703,1.0,15.0,2.0,7.0,2.0,3.0,0.4,0.1,40.0,209,7908.76478575301,0,0,119,0,119
54703,1.0,15.0,2.0,7.0,2.0,3.0,0.4,0.1,40.0,210,8025.955982191263,0,0,116,0,116
54703,1.0,15.0,2.0,7.0,2.0,3.0,0.4,0.1,40.0,211,8140.0,0,0,115,0,115
54703,1.0,15.0,2.0,7.0,2.0,3.0,0.4,0.1,40.0,212,7780.0,0,0,116,0,116
54703,1.0,15.0,2.0,7.0,2.0,3.0,0.4,0.1,40.0,213,7505.0,0,0,119,0,119
54703,1.0,15.0,2.0,7.0,2.0,3.0,0.4,0.1,40.0,214,7041.25,0,0,125,0,125
54703,1.0,15.0,2.0,7.0,2.0,3.0,0.4,0.1,40.0,215,7001.5625,0,0,127,0,127
54703,1.0,15.0,2.0,7.0,2.0,3.0,0.4,0.1,40.0,216,6891.953125,0,0,125,0,125
54703,1.0,15.0,2.0,7.0,2.0,3.0,0.4,0.1,40.0,217,6964.94140625,0,0,122,0,122
54703,1.0,15.0,2.0,7.0,2.0,3.0,0.4,0.1,40.0,218,6966.1767578125,0,0,120,0,120
54703,1.0,15.0,2.0,7.0,2.0,3.0,0.4,0.1,40.0,219,6817.720947265625,0,0,121,0,121
54703,1.0,15.0,2.0,7.0,2.0,3.0,0.4,0.1,40.0,220,6812.151184082031,0,0,122,0,122
54703,1.0,15.0,2.0,7.0,2.0,3.0,0.4,0.1,40.0,221,7045.188980102539,0,0,122,0,122
54703,1.0,15.0,2.0,7.0,2.0,3.0,0.4,0.1,40.0,222,7066.486225128174,0,0,122,0,122
54703,1.0,15.0,2.0,7.0,2.0,3.0,0.4,0.1,40.0,223,7153.107781410217,0,0,124,0,124
54703,1.0,15.0,2.0,7.0,2.0,3.0,0.4,0.1,40.0,224,7141.384726762772,0,0,126,0,126
54703,1.0,15.0,2.0,7.0,2.0,3.0,0.4,0.1,40.0,225,7276.7309084534645,0,0,127,0,127
54703,1.0,15.0,2.0,7.0,2.0,3.0,0.4,0.1,40.0,226,7595.913635566831,0,0,125,0,125
54703,1.0,15.0,2.0,7.0,2.0,3.0,0.4,0.1,40.0,227,7784.892044458538,0,0,123,0,123
54703,1.0,15.0,2.0,7.0,2.0,3.0,0.4,0.1,40.0,228,7751.115055573173,0,0,128,0,128
54703,1.0,15.0,2.0,7.0,2.0,3.0,0.4,0.1,40.0,229,7738.893819466466,0,0,127,0,127
54703,1.0,15.0,2.0,7.0,2.0,3.0,0.4,0.1,40.0,230,7483.617274333083,0,0,128,0,128
54703,1.0,15.0,2.0,7.0,2.0,3.0,0.4,0.1,40.0,231,7194.521592916353,0,0,124,0,124
54703,1.0,15.0,2.0,7.0,2.0,3.0,0.4,0.1,40.0,232,6983.151991145442,0,0,126,0,126
54703,1.0,15.0,2.0,7.0,2.0,3.0,0.4,0.1,40.0,233,7048.939988931801,0,0,128,0,128
54703,1.0,15.0,2.0,7.0,2.0,3.0,0.4,0.1,40.0,234,7311.174986164751,0,0,128,0,128
54703,1.0,15.0,2.0,7.0,2.0,3.0,0.4,0.1,40.0,235,7788.96873270594,0,0,123,0,123
54703,1.0,15.0,2.0,7.0,2.0,3.0,0.4,0.1,40.0,236,8236.210915882424,0,0,123,0,123
54703,1.0,15.0,2.0,7.0,2.0,3.0,0.4,0.1,40.0,237,8560.0,0,0,116,0,116
54703,1.0,15.0,2.0,7.0,2.0,3.0,0.4,0.1,40.0,238,8260.0,0,0,116,0,116
54703,1.0,15.0,2.0,7.0,2.0,3.0,0.4,0.1,40.0,239,8260.0,0,0,113,0,113
54703,1.0,15.0,2.0,7.0,2.0,3.0,0.4,0.1,40.0,240,8290.0,0,0,110,0,110
54703,1.0,15.0,2.0,7.0,2.0,3.0,0.4,0.1,40.0,241,8170.0,0,0,110,0,110
54703,1.0,15.0,2.0,7.0,2.0,3.0,0.4,0.1,40.0,242,8020.0,0,0,109,0,109
54703,1.0,15.0,2.0,7.0,2.0,3.0,0.4,0.1,40.0,243,7870.0,0,0,112,0,112
54703,1.0,15.0,2.0,7.0,2.0,3.0,0.4,0.1,40.0,244,7467.5,0,0,113,0,113
54703,1.0,15.0,2.0,7.0,2.0,3.0,0.4,0.1,40.0,245,6634.375,0,0,118,0,118
54703,1.0,15.0,2.0,7.0,2.0,3.0,0.4,0.1,40.0,246,6582.96875,0,0,119,0,119
54703,1.0,15.0,2.0,7.0,2.0,3.0,0.4,0.1,40.0,247,6788.7109375,0,0,119,0,119
54703,1.0,15.0,2.0,7.0,2.0,3.0,0.4,0.1,40.0,248,6775.888671875,0,0,120,0,120
54703,1.0,15.0,2.0,7.0,2.0,3.0,0.4,0.1,40.0,249,7089.86083984375,0,0,122,0,122
54703,1.0,15.0,2.0,7.0,2.0,3.0,0.4,0.1,40.0,250,7392.3260498046875,0,0,121,0,121
54703,1.0,15.0,2.0,7.0,2.0,3.0,0.4,0.1,40.0,251,7620.407562255859,0,0,119,0,119
54703,1.0,15.0,2.0,7.0,2.0,3.0,0.4,0.1,40.0,252,7905.509452819824,0,0,119,0,119
54703,1.0,15.0,2.0,7.0,2.0,3.0,0.4,0.1,40.0,253,8111.88681602478,0,0,122,0,122
54703,1.0,15.0,2.0,7.0,2.0,3.0,0.4,0.1,40.0,254,8200.0,0,0,122,0,122
54703,1.0,15.0,2.0,7.0,2.0,3.0,0.4,0.1,40.0,255,7960.0,0,0,123,0,123
54703,1.0,15.0,2.0,7.0,2.0,3.0,0.4,0.1,40.0,256,7670.0,0,0,123,0,123
54703,1.0,15.0,2.0,7.0,2.0,3.0,0.4,0.1,40.0,257,7217.5,0,0,128,0,128
54703,1.0,15.0,2.0,7.0,2.0,3.0,0.4,0.1,40.0,258,7251.875,0,0,127,0,127
54703,1.0,15.0,2.0,7.0,2.0,3.0,0.4,0.1,40.0,259,7234.84375,0,0,125,0,125
54703,1.0,15.0,2.0,7.0,2.0,3.0,0.4,0.1,40.0,260,7243.5546875,0,0,123,0,123
54703,1.0,15.0,2.0,7.0,2.0,3.0,0.4,0.1,40.0,261,7284.443359375,0,0,125,0,125
54703,1.0,15.0,2.0,7.0,2.0,3.0,0.4,0.1,40.0,262,7215.55419921875,0,0,126,0,126
54703,1.0,15.0,2.0,7.0,2.0,3.0,0.4,0.1,40.0,263,7129.4427490234375,0,0,124,0,124
54703,1.0,15.0,2.0,7.0,2.0,3.0,0.4,0.1,40.0,264,7171.803436279297,0,0,128,0,128
54703,1.0,15.0,2.0,7.0,2.0,3.0,0.4,0.1,40.0,265,7074.754295349121,0,0,121,0,121
54703,1.0,15.0,2.0,7.0,2.0,3.0,0.4,0.1,40.0,266,7103.442869186401,0,0,118,0,118
54703,1.0,15.0,2.0,7.0,2.0,3.0,0.4,0.1,40.0,267,7079.303586483002,0,0,120,0,120
54703,1.0,15.0,2.0,7.0,2.0,3.0,0.4,0.1,40.0,268,6869.129483103752,0,0,121,0,121
54703,1.0,15.0,2.0,7.0,2.0,3.0,0.4,0.1,40.0,269,6846.41185387969,0,0,120,0,120
54703,1.0,15.0,2.0,7.0,2.0,3.0,0.4,0.1,40.0,270,6788.014817349613,0,0,121,0,121
54703,1.0,15.0,2.0,7.0,2.0,3.0,0.4,0.1,40.0,271,6955.018521687016,0,0,121,0,121
54703,1.0,15.0,2.0,7.0,2.0,3.0,0.4,0.1,40.0,272,7013.77315210877,0,0,121,0,121
54703,1.0,15.0,2.0,7.0,2.0,3.0,0.4,0.1,40.0,273,7057.216440135962,0,0,124,0,124
54703,1.0,15.0,2.0,7.0,2.0,3.0,0.4,0.1,40.0,274,6991.520550169953,0,0,124,0,124
54703,1.0,15.0,2.0,7.0,2.0,3.0,0.4,0.1,40.0,275,7059.400687712441,0,0,121,0,121
54703,1.0,15.0,2.0,7.0,2.0,3.0,0.4,0.1,40.0,276,7144.250859640551,0,0,122,0,122
54703,1.0,15.0,2.0,7.0,2.0,3.0,0.4,0.1,40.0,277,7250.31357455069,0,0,121,0,121
54703,1.0,15.0,2.0,7.0,2.0,3.0,0.4,0.1,40.0,278,7112.891968188362,0,0,126,0,126
54703,1.0,15.0,2.0,7.0,2.0,3.0,0.4,0.1,40.0,279,7181.114960235453,0,0,126,0,126
54703,1.0,15.0,2.0,7.0,2.0,3.0,0.4,0.1,40.0,280,7086.393700294317,0,0,122,0,122
54703,1.0,15.0,2.0,7.0,2.0,3.0,0.4,0.1,40.0,281,6967.992125367895,0,0,122,0,122
54703,1.0,15.0,2.0,7.0,2.0,3.0,0.4,0.1,40.0,282,7029.990156709868,0,0,121,0,121
54703,1.0,15.0,2.0,7.0,2.0,3.0,0.4,0.1,40.0,283,7227.487695887336,0,0,121,0,121
54703,1.0,15.0,2.0,7.0,2.0,3.0,0.4,0.1,40.0,284,7354.3596198591695,0,0,117,0,117
54703,1.0,15.0,2.0,7.0,2.0,3.0,0.4,0.1,40.0,285,7482.949524823962,0,0,116,0,116
54703,1.0,15.0,2.0,7.0,2.0,3.0,0.4,0.1,40.0,286,7493.686906029952,0,0,115,0,115
54703,1.0,15.0,2.0,7.0,2.0,3.0,0.4,0.1,40.0,287,7207.10863253744,0,0,116,0,116
54703,1.0,15.0,2.0,7.0,2.0,3.0,0.4,0.1,40.0,288,6818.8857906718,0,0,117,0,117
54703,1.0,15.0,2.0,7.0,2.0,3.0,0.4,0.1,40.0,289,6633.607238339751,0,0,117,0,117
54703,1.0,15.0,2.0,7.0,2.0,3.0,0.4,0.1,40.0,290,6762.00904792469,0,0,118,0,118
54703,1.0,15.0,2.0,7.0,2.0,3.0,0.4,0.1,40.0,291,6982.511309905862,0,0,117,0,117
54703,1.0,15.0,2.0,7.0,2.0,3.0,0.4,0.1,40.0,292,7168.139137382328,0,0,116,0,116
54703,1.0,15.0,2.0,7.0,2.0,3.0,0.4,0.1,40.0,293,7310.17392172791,0,0,117,0,117
54703,1.0,15.0,2.0,7.0,2.0,3.0,0.4,0.1,40.0,294,7427.717402159888,0,0,118,0,118
54703,1.0,15.0,2.0,7.0,2.0,3.0,0.4,0.1,40.0,295,7334.64675269986,0,0,121,0,121
54703,1.0,15.0,2.0,7.0,2.0,3.0,0.4,0.1,40.0,296,7008.3084408748255,0,0,121,0,121
54703,1.0,15.0,2.0,7.0,2.0,3.0,0.4,0.1,40.0,297,6900.385551093532,0,0,119,0,119
54703,1.0,15.0,2.0,7.0,2.0,3.0,0.4,0.1,40.0,298,6795.481938866915,0,0,118,0,118
54703,1.0,15.0,2.0,7.0,2.0,3.0,0.4,0.1,40.0,299,6784.352423583643,0,0,121,0,121
54703,1.0,15.0,2.0,7.0,2.0,3.0,0.4,0.1,40.0,300,6770.440529479554,0,0,122,0,122
54703,1.0,15.0,2.0,7.0,2.0,3.0,0.4,0.1,40.0,301,6693.050661849444,0,0,119,0,119
54703,1.0,15.0,2.0,7.0,2.0,3.0,0.4,0.1,40.0,302,6806.313327311804,0,0,120,0,120
54703,1.0,15.0,2.0,7.0,2.0,3.0,0.4,0.1,40.0,303,6857.891659139754,0,0,121,0,121
54703,1.0,15.0,2.0,7.0,2.0,3.0,0.4,0.1,40.0,304,7282.364573924693,0,0,120,0,120
54703,1.0,15.0,2.0,7.0,2.0,3.0,0.4,0.1,40.0,305,7692.955717405866,0,0,118,0,118
54703,1.0,15.0,2.0,7.0,2.0,3.0,0.4,0.1,40.0,306,8236.194646757333,0,0,118,0,118
54703,1.0,15.0,2.0,7.0,2.0,3.0,0.4,0.1,40.0,307,8350.0,0,0,117,0,117
54703,1.0,15.0,2.0,7.0,2.0,3.0,0.4,0.1,40.0,308,8140.0,0,0,118,0,118
54703,1.0,15.0,2.0,7.0,2.0,3.0,0.4,0.1,40.0,309,8170.0,0,0,123,0,123
54703,1.0,15.0,2.0,7.0,2.0,3.0,0.4,0.1,40.0,310,7990.0,0,0,121,0,121
54703,1.0,15.0,2.0,7.0,2.0,3.0,0.4,0.1,40.0,311,7977.5,0,0,119,0,119
54703,1.0,15.0,2.0,7.0,2.0,3.0,0.4,0.1,40.0,312,7841.875,0,0,113,0,113
54703,1.0,15.0,2.0,7.0,2.0,3.0,0.4,0.1,40.0,313,7552.34375,0,0,111,0,111
54703,1.0,15.0,2.0,7.0,2.0,3.0,0.4,0.1,40.0,314,7040.4296875,0,0,117,0,117
54703,1.0,15.0,2.0,7.0,2.0,3.0,0.4,0.1,40.0,315,6640.537109375,0,0,120,0,120
54703,1.0,15.0,2.0,7.0,2.0,3.0,0.4,0.1,40.0,316,6680.67138671875,0,0,119,0,119
54703,1.0,15.0,2.0,7.0,2.0,3.0,0.4,0.1,40.0,317,6790.8392333984375,0,0,114,0,114
54703,1.0,15.0,2.0,7.0,2.0,3.0,0.4,0.1,40.0,318,6748.549041748047,0,0,114,0,114
54703,1.0,15.0,2.0,7.0,2.0,3.0,0.4,0.1,40.0,319,6755.686302185059,0,0,117,0,117
54703,1.0,15.0,2.0,7.0,2.0,3.0,0.4,0.1,40.0,320,6824.607877731323,0,0,119,0,119
54703,1.0,15.0,2.0,7.0,2.0,3.0,0.4,0.1,40.0,321,6790.759847164154,0,0,118,0,118
54703,1.0,15.0,2.0,7.0,2.0,3.0,0.4,0.1,40.0,322,6868.449808955193,0,0,121,0,121
54703,1.0,15.0,2.0,7.0,2.0,3.0,0.4,0.1,40.0,323,6875.562261193991,0,0,124,0,124
54703,1.0,15.0,2.0,7.0,2.0,3.0,0.4,0.1,40.0,324,7154.452826492488,0,0,123,0,123
54703,1.0,15.0,2.0,7.0,2.0,3.0,0.4,0.1,40.0,325,7113.0660331156105,0,0,124,0,124
54703,1.0,15.0,2.0,7.0,2.0,3.0,0.4,0.1,40.0,326,7241.332541394513,0,0,125,0,125
54703,1.0,15.0,2.0,7.0,2.0,3.0,0.4,0.1,40.0,327,7281.665676743141,0,0,127,0,127
54703,1.0,15.0,2.0,7.0,2.0,3.0,0.4,0.1,40.0,328,7302.082095928927,0,0,124,0,124
54703,1.0,15.0,2.0,7.0,2.0,3.0,0.4,0.1,40.0,329,7357.602619911158,0,0,120,0,120
54703,1.0,15.0,2.0,7.0,2.0,3.0,0.4,0.1,40.0,330,7307.003274888948,0,0,120,0,120
54703,1.0,15.0,2.0,7.0,2.0,3.0,0.4,0.1,40.0,331,7213.754093611185,0,0,122,0,122
54703,1.0,15.0,2.0,7.0,2.0,3.0,0.4,0.1,40.0,332,6947.192617013981,0,0,123,0,123
54703,1.0,15.0,2.0,7.0,2.0,3.0,0.4,0.1,40.0,333,6973.990771267476,0,0,122,0,122
54703,1.0,15.0,2.0,7.0,2.0,3.0,0.4,0.1,40.0,334,6917.488464084345,0,0,119,0,119
54703,1.0,15.0,2.0,7.0,2.0,3.0,0.4,0.1,40.0,335,6936.860580105431,0,0,119,0,119
54703,1.0,15.0,2.0,7.0,2.0,3.0,0.4,0.1,40.0,336,6811.075725131788,0,0,119,0,119
54703,1.0,15.0,2.0,7.0,2.0,3.0,0.4,0.1,40.0,337,6893.844656414734,0,0,123,0,123
54703,1.0,15.0,2.0,7.0,2.0,3.0,0.4,0.1,40.0,338,6907.305820518417,0,0,123,0,123
54703,1.0,15.0,2.0,7.0,2.0,3.0,0.4,0.1,40.0,339,6924.132275648022,0,0,122,0,122
54703,1.0,15.0,2.0,7.0,2.0,3.0,0.4,0.1,40.0,340,7155.165344560028,0,0,121,0,121
54703,1.0,15.0,2.0,7.0,2.0,3.0,0.4,0.1,40.0,341,7053.956680700034,0,0,123,0,123
54703,1.0,15.0,2.0,7.0,2.0,3.0,0.4,0.1,40.0,342,7047.445850875043,0,0,124,0,124
54703,1.0,15.0,2.0,7.0,2.0,3.0,0.4,0.1,40.0,343,7249.307313593803,0,0,123,0,123
54703,1.0,15.0,2.0,7.0,2.0,3.0,0.4,0.1,40.0,344,7021.634141992254,0,0,124,0,124
54703,1.0,15.0,2.0,7.0,2.0,3.0,0.4,0.1,40.0,345,7097.042677490317,0,0,125,0,125
54703,1.0,15.0,2.0,7.0,2.0,3.0,0.4,0.1,40.0,346,7101.303346862896,0,0,125,0,125
54703,1.0,15.0,2.0,7.0,2.0,3.0,0.4,0.1,40.0,347,7346.629183578621,0,0,123,0,123
54703,1.0,15.0,2.0,7.0,2.0,3.0,0.4,0.1,40.0,348,7443.286479473278,0,0,121,0,121
54703,1.0,15.0,2.0,7.0,2.0,3.0,0.4,0.1,40.0,349,7534.108099341596,0,0,122,0,122
54703,1.0,15.0,2.0,7.0,2.0,3.0,0.4,0.1,40.0,350,7497.635124176995,0,0,122,0,122
54703,1.0,15.0,2.0,7.0,2.0,3.0,0.4,0.1,40.0,351,7452.043905221244,0,0,123,0,123
54703,1.0,15.0,2.0,7.0,2.0,3.0,0.4,0.1,40.0,352,7065.054881526556,0,0,120,0,120
54703,1.0,15.0,2.0,7.0,2.0,3.0,0.4,0.1,40.0,353,6851.318601908195,0,0,120,0,120
54703,1.0,15.0,2.0,7.0,2.0,3.0,0.4,0.1,40.0,354,6704.148252385243,0,0,118,0,118
54703,1.0,15.0,2.0,7.0,2.0,3.0,0.4,0.1,40.0,355,6550.185315481554,0,0,117,0,117
54703,1.0,15.0,2.0,7.0,2.0,3.0,0.4,0.1,40.0,356,6477.731644351943,0,0,117,0,117
54703,1.0,15.0,2.0,7.0,2.0,3.0,0.4,0.1,40.0,357,6567.164555439929,0,0,117,0,117
54703,1.0,15.0,2.0,7.0,2.0,3.0,0.4,0.1,40.0,358,6768.955694299912,0,0,117,0,117
54703,1.0,15.0,2.0,7.0,2.0,3.0,0.4,0.1,40.0,359,6871.194617874889,0,0,118,0,118
54703,1.0,15.0,2.0,7.0,2.0,3.0,0.4,0.1,40.0,360,6998.993272343612,0,0,119,0,119
54703,1.0,15.0,2.0,7.0,2.0,3.0,0.4,0.1,40.0,361,6978.741590429516,0,0,123,0,123
54703,1.0,15.0,2.0,7.0,2.0,3.0,0.4,0.1,40.0,362,6953.426988036896,0,0,122,0,122
54703,1.0,15.0,2.0,7.0,2.0,3.0,0.4,0.1,40.0,363,7131.78373504612,0,0,121,0,121
54703,1.0,15.0,2.0,7.0,2.0,3.0,0.4,0.1,40.0,364,7384.729668807649,0,0,120,0,120
54703,1.0,15.0,2.0,7.0,2.0,3.0,0.4,0.1,40.0,365,7670.912086009561,0,0,116,0,116
54703,1.0,15.0,2.0,7.0,2.0,3.0,0.4,0.1,40.0,366,7878.64010751195,0,0,116,0,116
54703,1.0,15.0,2.0,7.0,2.0,3.0,0.4,0.1,40.0,367,8108.300134389938,0,0,115,0,115
54703,1.0,15.0,2.0,7.0,2.0,3.0,0.4,0.1,40.0,368,7960.0,0,0,118,0,118
54703,1.0,15.0,2.0,7.0,2.0,3.0,0.4,0.1,40.0,369,7850.0,0,0,121,0,121
54703,1.0,15.0,2.0,7.0,2.0,3.0,0.4,0.1,40.0,370,7682.5,0,0,117,0,117
54703,1.0,15.0,2.0,7.0,2.0,3.0,0.4,0.1,40.0,371,7113.125,0,0,118,0,118
54703,1.0,15.0,2.0,7.0,2.0,3.0,0.4,0.1,40.0,372,6671.40625,0,0,118,0,118
54703,1.0,15.0,2.0,7.0,2.0,3.0,0.4,0.1,40.0,373,6689.2578125,0,0,117,0,117
54703,1.0,15.0,2.0,7.0,2.0,3.0,0.4,0.1,40.0,374,6861.572265625,0,0,121,0,121
54703,1.0,15.0,2.0,7.0,2.0,3.0,0.4,0.1,40.0,375,6926.96533203125,0,0,123,0,123
54703,1.0,15.0,2.0,7.0,2.0,3.0,0.4,0.1,40.0,376,7008.7066650390625,0,0,123,0,123
54703,1.0,15.0,2.0,7.0,2.0,3.0,0.4,0.1,40.0,377,7230.883331298828,0,0,123,0,123
54703,1.0,15.0,2.0,7.0,2.0,3.0,0.4,0.1,40.0,378,7268.604164123535,0,0,121,0,121
54703,1.0,15.0,2.0,7.0,2.0,3.0,0.4,0.1,40.0,379,7255.755205154419,0,0,121,0,121
54703,1.0,15.0,2.0,7.0,2.0,3.0,0.4,0.1,40.0,380,7089.694006443024,0,0,121,0,121
54703,1.0,15.0,2.0,7.0,2.0,3.0,0.4,0.1,40.0,381,7002.11750805378,0,0,124,0,124
54703,1.0,15.0,2.0,7.0,2.0,3.0,0.4,0.1,40.0,382,6832.6468850672245,0,0,129,0,129
54703,1.0,15.0,2.0,7.0,2.0,3.0,0.4,0.1,40.0,383,7100.808606334031,0,0,124,0,124
54703,1.0,15.0,2.0,7.0,2.0,3.0,0.4,0.1,40.0,384,7406.010757917538,0,0,123,0,123
54703,1.0,15.0,2.0,7.0,2.0,3.0,0.4,0.1,40.0,385,7457.513447396923,0,0,122,0,122
54703,1.0,15.0,2.0,7.0,2.0,3.0,0.4,0.1,40.0,386,7581.891809246154,0,0,123,0,123
54703,1.0,15.0,2.0,7.0,2.0,3.0,0.4,0.1,40.0,387,7857.364761557692,0,0,118,0,118
54703,1.0,15.0,2.0,7.0,2.0,3.0,0.4,0.1,40.0,388,7961.705951947115,0,0,119,0,119
54703,1.0,15.0,2.0,7.0,2.0,3.0,0.4,0.1,40.0,389,8062.132439933894,0,0,125,0,125
54703,1.0,15.0,2.0,7.0,2.0,3.0,0.4,0.1,40.0,390,8020.0,0,0,123,0,123
54703,1.0,15.0,2.0,7.0,2.0,3.0,0.4,0.1,40.0,391,7660.0,0,0,123,0,123
54703,1.0,15.0,2.0,7.0,2.0,3.0,0.4,0.1,40.0,392,7265.0,0,0,126,0,126
54703,1.0,15.0,2.0,7.0,2.0,3.0,0.4,0.1,40.0,393,7011.25,0,0,124,0,124
54703,1.0,15.0,2.0,7.0,2.0,3.0,0.4,0.1,40.0,394,7024.0625,0,0,121,0,121
54703,1.0,15.0,2.0,7.0,2.0,3.0,0.4,0.1,40.0,395,6830.078125,0,0,119,0,119
54703,1.0,15.0,2.0,7.0,2.0,3.0,0.4,0.1,40.0,396,6887.59765625,0,0,120,0,120
54703,1.0,15.0,2.0,7.0,2.0,3.0,0.4,0.1,40.0,397,6959.4970703125,0,0,123,0,123
54703,1.0,15.0,2.0,7.0,2.0,3.0,0.4,0.1,40.0,398,7049.371337890625,0,0,123,0,123
54703,1.0,15.0,2.0,7.0,2.0,3.0,0.4,0.1,40.0,399,7071.714172363281,0,0,121,0,121
54703,1.0,15.0,2.0,7.0,2.0,3.0,0.4,0.1,40.0,400,7069.642715454102,0,0,120,0,120
54703,1.0,15.0,2.0,7.0,2.0,3.0,0.4,0.1,40.0,401,7097.053394317627,0,0,118,0,118
54703,1.0,15.0,2.0,7.0,2.0,3.0,0.4,0.1,40.0,402,6981.316742897034,0,0,119,0,119
54703,1.0,15.0,2.0,7.0,2.0,3.0,0.4,0.1,40.0,403,6866.645928621292,0,0,119,0,119
54703,1.0,15.0,2.0,7.0,2.0,3.0,0.4,0.1,40.0,404,6723.307410776615,0,0,123,0,123
54703,1.0,15.0,2.0,7.0,2.0,3.0,0.4,0.1,40.0,405,6994.134263470769,0,0,124,0,124
54703,1.0,15.0,2.0,7.0,2.0,3.0,0.4,0.1,40.0,406,7062.667829338461,0,0,126,0,126
54703,1.0,15.0,2.0,7.0,2.0,3.0,0.4,0.1,40.0,407,7328.334786673076,0,0,124,0,124
54703,1.0,15.0,2.0,7.0,2.0,3.0,0.4,0.1,40.0,408,7570.418483341346,0,0,120,0,120
54703,1.0,15.0,2.0,7.0,2.0,3.0,0.4,0.1,40.0,409,7843.023104176682,0,0,121,0,121
54703,1.0,15.0,2.0,7.0,2.0,3.0,0.4,0.1,40.0,410,8003.778880220852,0,0,121,0,121
54703,1.0,15.0,2.0,7.0,2.0,3.0,0.4,0.1,40.0,411,8080.0,0,0,123,0,123
54703,1.0,15.0,2.0,7.0,2.0,3.0,0.4,0.1,40.0,412,7870.0,0,0,123,0,123
54703,1.0,15.0,2.0,7.0,2.0,3.0,0.4,0.1,40.0,413,7647.5,0,0,124,0,124
54703,1.0,15.0,2.0,7.0,2.0,3.0,0.4,0.1,40.0,414,7129.375,0,0,124,0,124
54703,1.0,15.0,2.0,7.0,2.0,3.0,0.4,0.1,40.0,415,7051.71875,0,0,123,0,123
54703,1.0,15.0,2.0,7.0,2.0,3.0,0.4,0.1,40.0,416,6984.6484375,0,0,119,0,119
54703,1.0,15.0,2.0,7.0,2.0,3.0,0.4,0.1,40.0,417,6870.810546875,0,0,118,0,118
54703,1.0,15.0,2.0,7.0,2.0,3.0,0.4,0.1,40.0,418,6818.51318359375,0,0,121,0,121
54703,1.0,15.0,2.0,7.0,2.0,3.0,0.4,0.1,40.0,419,6753.1414794921875,0,0,122,0,122
54703,1.0,15.0,2.0,7.0,2.0,3.0,0.4,0.1,40.0,420,6851.426849365234,0,0,121,0,121
54703,1.0,15.0,2.0,7.0,2.0,3.0,0.4,0.1,40.0,421,7034.283561706543,0,0,121,0,121
54703,1.0,15.0,2.0,7.0,2.0,3.0,0.4,0.1,40.0,422,7202.854452133179,0,0,119,0,119
54703,1.0,15.0,2.0,7.0,2.0,3.0,0.4,0.1,40.0,423,7323.568065166473,0,0,120,0,120
54703,1.0,15.0,2.0,7.0,2.0,3.0,0.4,0.1,40.0,424,7624.460081458092,0,0,117,0,117
54703,1.0,15.0,2.0,7.0,2.0,3.0,0.4,0.1,40.0,425,7970.575101822615,0,0,120,0,120
54703,1.0,15.0,2.0,7.0,2.0,3.0,0.4,0.1,40.0,426,8163.218877278268,0,0,121,0,121
54703,1.0,15.0,2.0,7.0,2.0,3.0,0.4,0.1,40.0,427,8110.0,0,0,123,0,123
54703,1.0,15.0,2.0,7.0,2.0,3.0,0.4,0.1,40.0,428,7660.0,0,0,124,0,124
54703,1.0,15.0,2.0,7.0,2.0,3.0,0.4,0.1,40.0,429,7235.0,0,0,122,0,122
54703,1.0,15.0,2.0,7.0,2.0,3.0,0.4,0.1,40.0,430,6733.75,0,0,120,0,120
54703,1.0,15.0,2.0,7.0,2.0,3.0,0.4,0.1,40.0,431,6587.1875,0,0,121,0,121
54703,1.0,15.0,2.0,7.0,2.0,3.0,0.4,0.1,40.0,432,6883.984375,0,0,126,0,126
54703,1.0,15.0,2.0,7.0,2.0,3.0,0.4,0.1,40.0,433,7404.98046875,0,0,123,0,123
54703,1.0,15.0,2.0,7.0,2.0,3.0,0.4,0.1,40.0,434,7726.2255859375,0,0,124,0,124
54703,1.0,15.0,2.0,7.0,2.0,3.0,0.4,0.1,40.0,435,8217.781982421875,0,0,126,0,126
54703,1.0,15.0,2.0,7.0,2.0,3.0,0.4,0.1,40.0,436,8500.0,0,0,124,0,124
54703,1.0,15.0,2.0,7.0,2.0,3.0,0.4,0.1,40.0,437,8440.0,0,0,121,0,121
54703,1.0,15.0,2.0,7.0,2.0,3.0,0.4,0.1,40.0,438,8410.0,0,0,117,0,117
54703,1.0,15.0,2.0,7.0,2.0,3.0,0.4,0.1,40.0,439,8560.0,0,0,116,0,116
54703,1.0,15.0,2.0,7.0,2.0,3.0,0.4,0.1,40.0,440,8320.0,0,0,116,0,116
54703,1.0,15.0,2.0,7.0,2.0,3.0,0.4,0.1,40.0,441,8260.0,0,0,116,0,116
54703,1.0,15.0,2.0,7.0,2.0,3.0,0.4,0.1,40.0,442,7930.0,0,0,120,0,120
54703,1.0,15.0,2.0,7.0,2.0,3.0,0.4,0.1,40.0,443,7752.5,0,0,119,0,119
54703,1.0,15.0,2.0,7.0,2.0,3.0,0.4,0.1,40.0,444,7530.625,0,0,117,0,117
54703,1.0,15.0,2.0,7.0,2.0,3.0,0.4,0.1,40.0,445,7103.28125,0,0,111,0,111
54703,1.0,15.0,2.0,7.0,2.0,3.0,0.4,0.1,40.0,446,6509.1015625,0,0,113,0,113
54703,1.0,15.0,2.0,7.0,2.0,3.0,0.4,0.1,40.0,447,6186.376953125,0,0,114,0,114
54703,1.0,15.0,2.0,7.0,2.0,3.0,0.4,0.1,40.0,448,6442.97119140625,0,0,114,0,114
54703,1.0,15.0,2.0,7.0,2.0,3.0,0.4,0.1,40.0,449,6553.7139892578125,0,0,117,0,117
54703,1.0,15.0,2.0,7.0,2.0,3.0,0.4,0.1,40.0,450,6722.142486572266,0,0,117,0,117
54703,1.0,15.0,2.0,7.0,2.0,3.0,0.4,0.1,40.0,451,6842.678108215332,0,0,116,0,116
54703,1.0,15.0,2.0,7.0,2.0,3.0,0.4,0.1,40.0,452,6903.347635269165,0,0,115,0,115
54703,1.0,15.0,2.0,7.0,2.0,3.0,0.4,0.1,40.0,453,6949.184544086456,0,0,118,0,118
54703,1.0,15.0,2.0,7.0,2.0,3.0,0.4,0.1,40.0,454,7006.48068010807,0,0,118,0,118
54703,1.0,15.0,2.0,7.0,2.0,3.0,0.4,0.1,40.0,455,6898.100850135088,0,0,121,0,121
54703,1.0,15.0,2.0,7.0,2.0,3.0,0.4,0.1,40.0,456,6912.62606266886,0,0,124,0,124
54703,1.0,15.0,2.0,7.0,2.0,3.0,0.4,0.1,40.0,457,7020.782578336075,0,0,126,0,126
54703,1.0,15.0,2.0,7.0,2.0,3.0,0.4,0.1,40.0,458,7185.978222920094,0,0,122,0,122
54703,1.0,15.0,2.0,7.0,2.0,3.0,0.4,0.1,40.0,459,7392.472778650117,0,0,119,0,119
54703,1.0,15.0,2.0,7.0,2.0,3.0,0.4,0.1,40.0,460,7560.590973312646,0,0,118,0,118
54703,1.0,15.0,2.0,7.0,2.0,3.0,0.4,0.1,40.0,461,7410.738716640808,0,0,120,0,120
54703,1.0,15.0,2.0,7.0,2.0,3.0,0.4,0.1,40.0,462,7283.42339580101,0,0,120,0,120
54703,1.0,15.0,2.0,7.0,2.0,3.0,0.4,0.1,40.0,463,7094.279244751262,0,0,127,0,127
54703,1.0,15.0,2.0,7.0,2.0,3.0,0.4,0.1,40.0,464,7217.8490559390775,0,0,127,0,127
54703,1.0,15.0,2.0,7.0,2.0,3.0,0.4,0.1,40.0,465,7042.311319923847,0,0,127,0,127
54703,1.0,15.0,2.0,7.0,2.0,3.0,0.4,0.1,40.0,466,7092.889149904808,0,0,125,0,125
54703,1.0,15.0,2.0,7.0,2.0,3.0,0.4,0.1,40.0,467,7126.111437381009,0,0,118,0,118
54703,1.0,15.0,2.0,7.0,2.0,3.0,0.4,0.1,40.0,468,7167.639296726262,0,0,117,0,117
54703,1.0,15.0,2.0,7.0,2.0,3.0,0.4,0.1,40.0,469,7069.549120907828,0,0,117,0,117
54703,1.0,15.0,2.0,7.0,2.0,3.0,0.4,0.1,40.0,470,7066.936401134786,0,0,120,0,120
54703,1.0,15.0,2.0,7.0,2.0,3.0,0.4,0.1,40.0,471,6853.670501418483,0,0,121,0,121
54703,1.0,15.0,2.0,7.0,2.0,3.0,0.4,0.1,40.0,472,6797.088126773104,0,0,121,0,121
54703,1.0,15.0,2.0,7.0,2.0,3.0,0.4,0.1,40.0,473,6876.360158466379,0,0,119,0,119
54703,1.0,15.0,2.0,7.0,2.0,3.0,0.4,0.1,40.0,474,6855.450198082974,0,0,118,0,118
54703,1.0,15.0,2.0,7.0,2.0,3.0,0.4,0.1,40.0,475,6889.312747603717,0,0,119,0,119
54703,1.0,15.0,2.0,7.0,2.0,3.0,0.4,0.1,40.0,476,6841.640934504647,0,0,112,0,112
54703,1.0,15.0,2.0,7.0,2.0,3.0,0.4,0.1,40.0,477,6812.051168130809,0,0,113,0,113
54703,1.0,15.0,2.0,7.0,2.0,3.0,0.4,0.1,40.0,478,6535.063960163512,0,0,117,0,117
54703,1.0,15.0,2.0,7.0,2.0,3.0,0.4,0.1,40.0,479,6668.82995020439,0,0,117,0,117
54703,1.0,15.0,2.0,7.0,2.0,3.0,0.4,0.1,40.0,480,6656.037437755487,0,0,116,0,116
54703,1.0,15.0,2.0,7.0,2.0,3.0,0.4,0.1,40.0,481,6790.046797194358,0,0,117,0,117
54703,1.0,15.0,2.0,7.0,2.0,3.0,0.4,0.1,40.0,482,6747.558496492948,0,0,118,0,118
54703,1.0,15.0,2.0,7.0,2.0,3.0,0.4,0.1,40.0,483,6994.448120616184,0,0,118,0,118
54703,1.0,15.0,2.0,7.0,2.0,3.0,0.4,0.1,40.0,484,7033.06015077023,0,0,117,0,117
54703,1.0,15.0,2.0,7.0,2.0,3.0,0.4,0.1,40.0,485,6931.325188462788,0,0,119,0,119
54703,1.0,15.0,2.0,7.0,2.0,3.0,0.4,0.1,40.0,486,6684.156485578485,0,0,118,0,118
54703,1.0,15.0,2.0,7.0,2.0,3.0,0.4,0.1,40.0,487,6645.195606973106,0,0,118,0,118
54703,1.0,15.0,2.0,7.0,2.0,3.0,0.4,0.1,40.0,488,6926.494508716383,0,0,119,0,119
54703,1.0,15.0,2.0,7.0,2.0,3.0,0.4,0.1,40.0,489,7218.118135895478,0,0,117,0,117
54703,1.0,15.0,2.0,7.0,2.0,3.0,0.4,0.1,40.0,490,7732.647669869348,0,0,116,0,116
54703,1.0,15.0,2.0,7.0,2.0,3.0,0.4,0.1,40.0,491,8135.809587336684,0,0,116,0,116
54703,1.0,15.0,2.0,7.0,2.0,3.0,0.4,0.1,40.0,492,8620.0,0,0,114,0,114
54703,1.0,15.0,2.0,7.0,2.0,3.0,0.4,0.1,40.0,493,8230.0,0,0,114,0,114
54703,1.0,15.0,2.0,7.0,2.0,3.0,0.4,0.1,40.0,494,8140.0,0,0,108,0,108
54703,1.0,15.0,2.0,7.0,2.0,3.0,0.4,0.1,40.0,495,7990.0,0,0,107,0,107
54703,1.0,15.0,2.0,7.0,2.0,3.0,0.4,0.1,40.0,496,7887.5,0,0,106,0,106
54703,1.0,15.0,2.0,7.0,2.0,3.0,0.4,0.1,40.0,497,7609.375,0,0,111,0,111
54703,1.0,15.0,2.0,7.0,2.0,3.0,0.4,0.1,40.0,498,6841.71875,0,0,114,0,114
54703,1.0,15.0,2.0,7.0,2.0,3.0,0.4,0.1,40.0,499,6362.1484375,0,0,120,0,120