Exp Num,agent:svo_convergence_factor,agent:params:metabolism,agent:params:consumption_factor,agent:params:procreate_cost_factor,agent:params:procreate_req_factor,agent:params:start_energy_factor,agent:params:caught_chance,agent:params:caught_cooldown_factor,agent:params:maximum_age,Epoch,Resource,A,B,C,D,E
78579,2.0,5.0,2.0,9.0,3.0,2.0,0.4,0.1,50.0,0,4000.0,12,24,13,34,66
78579,2.0,5.0,2.0,9.0,3.0,2.0,0.4,0.1,50.0,1,4000.0,12,24,13,34,66
78579,2.0,5.0,2.0,9.0,3.0,2.0,0.4,0.1,50.0,2,4000.0,12,24,13,34,66
78579,2.0,5.0,2.0,9.0,3.0,2.0,0.4,0.1,50.0,3,4000.0,12,24,13,34,66
78579,2.0,5.0,2.0,9.0,3.0,2.0,0.4,0.1,50.0,4,4000.0,12,24,13,34,66
78579,2.0,5.0,2.0,9.0,3.0,2.0,0.4,0.1,50.0,5,4000.0,12,24,13,34,66
78579,2.0,5.0,2.0,9.0,3.0,2.0,0.4,0.1,50.0,6,4000.0,12,24,13,34,66
78579,2.0,5.0,2.0,9.0,3.0,2.0,0.4,0.1,50.0,7,4000.0,12,24,13,34,66
78579,2.0,5.0,2.0,9.0,3.0,2.0,0.4,0.1,50.0,8,4000.0,12,24,13,34,66
78579,2.0,5.0,2.0,9.0,3.0,2.0,0.4,0.1,50.0,9,4000.0,12,24,13,34,66
78579,2.0,5.0,2.0,9.0,3.0,2.0,0.4,0.1,50.0,10,4000.0,12,24,13,34,66
78579,2.0,5.0,2.0,9.0,3.0,2.0,0.4,0.1,50.0,11,4000.0,12,24,13,34,66
78579,2.0,5.0,2.0,9.0,3.0,2.0,0.4,0.1,50.0,12,4000.0,12,24,13,34,66
78579,2.0,5.0,2.0,9.0,3.0,2.0,0.4,0.1,50.0,13,4000.0,12,24,13,34,66
78579,2.0,5.0,2.0,9.0,3.0,2.0,0.4,0.1,50.0,14,4000.0,12,24,13,34,66
78579,2.0,5.0,2.0,9.0,3.0,2.0,0.4,0.1,50.0,15,4000.0,12,24,13,34,66
78579,2.0,5.0,2.0,9.0,3.0,2.0,0.4,0.1,50.0,16,4000.0,12,24,13,34,66
78579,2.0,5.0,2.0,9.0,3.0,2.0,0.4,0.1,50.0,17,4000.0,12,24,13,34,66
78579,2.0,5.0,2.0,9.0,3.0,2.0,0.4,0.1,50.0,18,4000.0,12,24,13,34,66
78579,2.0,5.0,2.0,9.0,3.0,2.0,0.4,0.1,50.0,19,4000.0,12,24,13,34,66
78579,2.0,5.0,2.0,9.0,3.0,2.0,0.4,0.1,50.0,20,4000.0,12,24,13,34,66
78579,2.0,5.0,2.0,9.0,3.0,2.0,0.4,0.1,50.0,21,4000.0,12,24,13,34,66
78579,2.0,5.0,2.0,9.0,3.0,2.0,0.4,0.1,50.0,22,4000.0,12,24,13,34,66
78579,2.0,5.0,2.0,9.0,3.0,2.0,0.4,0.1,50.0,23,4000.0,12,24,13,34,66
78579,2.0,5.0,2.0,9.0,3.0,2.0,0.4,0.1,50.0,24,4000.0,17,35,29,46,104
78579,2.0,5.0,2.0,9.0,3.0,2.0,0.4,0.1,50.0,25,3500.0,17,35,29,46,104
78579,2.0,5.0,2.0,9.0,3.0,2.0,0.4,0.1,50.0,26,2985.0,17,35,29,46,104
78579,2.0,5.0,2.0,9.0,3.0,2.0,0.4,0.1,50.0,27,2771.25,17,35,29,46,104
78579,2.0,5.0,2.0,9.0,3.0,2.0,0.4,0.1,50.0,28,2854.0625,17,35,29,46,104
78579,2.0,5.0,2.0,9.0,3.0,2.0,0.4,0.1,50.0,29,3007.578125,17,35,29,46,104
78579,2.0,5.0,2.0,9.0,3.0,2.0,0.4,0.1,50.0,30,3259.47265625,17,35,29,46,104
78579,2.0,5.0,2.0,9.0,3.0,2.0,0.4,0.1,50.0,31,3624.3408203125,17,35,29,46,104
78579,2.0,5.0,2.0,9.0,3.0,2.0,0.4,0.1,50.0,32,4070.426025390625,17,35,29,46,104
78579,2.0,5.0,2.0,9.0,3.0,2.0,0.4,0.1,50.0,33,4368.032531738281,18,41,34,50,118
78579,2.0,5.0,2.0,9.0,3.0,2.0,0.4,0.1,50.0,34,4420.040664672852,18,41,34,50,118
78579,2.0,5.0,2.0,9.0,3.0,2.0,0.4,0.1,50.0,35,4355.050830841064,18,42,34,50,119
78579,2.0,5.0,2.0,9.0,3.0,2.0,0.4,0.1,50.0,36,4113.813538551331,18,42,34,50,119
78579,2.0,5.0,2.0,9.0,3.0,2.0,0.4,0.1,50.0,37,3822.266923189163,18,42,34,50,119
78579,2.0,5.0,2.0,9.0,3.0,2.0,0.4,0.1,50.0,38,3457.833653986454,18,42,34,50,119
78579,2.0,5.0,2.0,9.0,3.0,2.0,0.4,0.1,50.0,39,3252.2920674830675,18,42,35,50,120
78579,2.0,5.0,2.0,9.0,3.0,2.0,0.4,0.1,50.0,40,3215.3650843538344,18,42,35,50,120
78579,2.0,5.0,2.0,9.0,3.0,2.0,0.4,0.1,50.0,41,3269.206355442293,18,42,35,50,120
78579,2.0,5.0,2.0,9.0,3.0,2.0,0.4,0.1,50.0,42,3476.5079443028662,19,44,39,52,130
78579,2.0,5.0,2.0,9.0,3.0,2.0,0.4,0.1,50.0,43,3645.634930378583,19,44,40,53,132
78579,2.0,5.0,2.0,9.0,3.0,2.0,0.4,0.1,50.0,44,3777.0436629732285,19,46,40,54,134
78579,2.0,5.0,2.0,9.0,3.0,2.0,0.4,0.1,50.0,45,3991.3045787165356,19,47,43,54,138
78579,2.0,5.0,2.0,9.0,3.0,2.0,0.4,0.1,50.0,46,4119.1307233956695,18,47,42,51,135
78579,2.0,5.0,2.0,9.0,3.0,2.0,0.4,0.1,50.0,47,4368.913404244587,18,47,42,51,135
78579,2.0,5.0,2.0,9.0,3.0,2.0,0.4,0.1,50.0,48,4571.141755305734,18,46,41,48,133
78579,2.0,5.0,2.0,9.0,3.0,2.0,0.4,0.1,50.0,49,4703.927194132167,18,46,42,48,134
78579,2.0,5.0,2.0,9.0,3.0,2.0,0.4,0.1,50.0,50,4959.908992665209,11,31,35,30,96
78579,2.0,5.0,2.0,9.0,3.0,2.0,0.4,0.1,50.0,51,5449.886240831511,8,28,34,25,85
78579,2.0,5.0,2.0,9.0,3.0,2.0,0.4,0.1,50.0,52,5962.3578010393885,9,27,36,20,86
78579,2.0,5.0,2.0,9.0,3.0,2.0,0.4,0.1,50.0,53,6492.947251299236,9,25,37,21,86
78579,2.0,5.0,2.0,9.0,3.0,2.0,0.4,0.1,50.0,54,7096.184064124045,9,28,37,21,89
78579,2.0,5.0,2.0,9.0,3.0,2.0,0.4,0.1,50.0,55,7770.2300801550555,9,28,38,21,90
78579,2.0,5.0,2.0,9.0,3.0,2.0,0.4,0.1,50.0,56,8602.78760019382,10,29,38,21,92
78579,2.0,5.0,2.0,9.0,3.0,2.0,0.4,0.1,50.0,57,8870.0,10,29,39,21,93
78579,2.0,5.0,2.0,9.0,3.0,2.0,0.4,0.1,50.0,58,8860.0,10,29,40,21,94
78579,2.0,5.0,2.0,9.0,3.0,2.0,0.4,0.1,50.0,59,8850.0,10,29,41,21,95
78579,2.0,5.0,2.0,9.0,3.0,2.0,0.4,0.1,50.0,60,8840.0,10,33,46,22,106
78579,2.0,5.0,2.0,9.0,3.0,2.0,0.4,0.1,50.0,61,8720.0,12,34,50,24,114
78579,2.0,5.0,2.0,9.0,3.0,2.0,0.4,0.1,50.0,62,8620.0,12,35,51,25,119
78579,2.0,5.0,2.0,9.0,3.0,2.0,0.4,0.1,50.0,63,8560.0,12,40,52,25,125
78579,2.0,5.0,2.0,9.0,3.0,2.0,0.4,0.1,50.0,64,8500.0,12,42,52,27,127
78579,2.0,5.0,2.0,9.0,3.0,2.0,0.4,0.1,50.0,65,8460.0,12,43,53,29,129
78579,2.0,5.0,2.0,9.0,3.0,2.0,0.4,0.1,50.0,66,8420.0,12,46,54,29,133
78579,2.0,5.0,2.0,9.0,3.0,2.0,0.4,0.1,50.0,67,8380.0,12,46,56,29,135
78579,2.0,5.0,2.0,9.0,3.0,2.0,0.4,0.1,50.0,68,8360.0,12,47,57,29,137
78579,2.0,5.0,2.0,9.0,3.0,2.0,0.4,0.1,50.0,69,8340.0,13,52,67,33,153
78579,2.0,5.0,2.0,9.0,3.0,2.0,0.4,0.1,50.0,70,8140.0,16,53,73,38,163
78579,2.0,5.0,2.0,9.0,3.0,2.0,0.4,0.1,50.0,71,7990.0,16,53,78,41,171
78579,2.0,5.0,2.0,9.0,3.0,2.0,0.4,0.1,50.0,72,7867.5,16,58,81,43,179
78579,2.0,5.0,2.0,9.0,3.0,2.0,0.4,0.1,50.0,73,7614.375,16,59,84,43,184
78579,2.0,5.0,2.0,9.0,3.0,2.0,0.4,0.1,50.0,74,7247.96875,17,61,85,46,188
78579,2.0,5.0,2.0,9.0,3.0,2.0,0.4,0.1,50.0,75,6939.9609375,15,58,79,41,176
78579,2.0,5.0,2.0,9.0,3.0,2.0,0.4,0.1,50.0,76,6674.951171875,13,55,74,38,164
78579,2.0,5.0,2.0,9.0,3.0,2.0,0.4,0.1,50.0,77,6393.68896484375,13,55,74,35,162
78579,2.0,5.0,2.0,9.0,3.0,2.0,0.4,0.1,50.0,78,6042.1112060546875,13,60,86,40,178
78579,2.0,5.0,2.0,9.0,3.0,2.0,0.4,0.1,50.0,79,5372.639007568359,16,64,95,43,195
78579,2.0,5.0,2.0,9.0,3.0,2.0,0.4,0.1,50.0,80,4665.798759460449,16,64,97,49,199
78579,2.0,5.0,2.0,9.0,3.0,2.0,0.4,0.1,50.0,81,4572.2484493255615,16,67,101,50,206
78579,2.0,5.0,2.0,9.0,3.0,2.0,0.4,0.1,50.0,82,4715.310561656952,16,67,101,51,206
78579,2.0,5.0,2.0,9.0,3.0,2.0,0.4,0.1,50.0,83,5014.13820207119,17,68,102,51,209
78579,2.0,5.0,2.0,9.0,3.0,2.0,0.4,0.1,50.0,84,5537.672752588987,17,64,100,49,202
78579,2.0,5.0,2.0,9.0,3.0,2.0,0.4,0.1,50.0,85,6162.090940736234,17,62,100,47,199
78579,2.0,5.0,2.0,9.0,3.0,2.0,0.4,0.1,50.0,86,6872.613675920293,16,62,99,47,197
78579,2.0,5.0,2.0,9.0,3.0,2.0,0.4,0.1,50.0,87,7160.767094900366,16,62,102,48,200
78579,2.0,5.0,2.0,9.0,3.0,2.0,0.4,0.1,50.0,88,7220.958868625457,17,64,103,49,204
78579,2.0,5.0,2.0,9.0,3.0,2.0,0.4,0.1,50.0,89,7016.198585781822,17,64,103,51,204
78579,2.0,5.0,2.0,9.0,3.0,2.0,0.4,0.1,50.0,90,6640.248232227277,17,66,102,52,206
78579,2.0,5.0,2.0,9.0,3.0,2.0,0.4,0.1,50.0,91,5990.3102902840965,17,66,105,54,209
78579,2.0,5.0,2.0,9.0,3.0,2.0,0.4,0.1,50.0,92,5237.887862855121,19,67,107,54,214
78579,2.0,5.0,2.0,9.0,3.0,2.0,0.4,0.1,50.0,93,5007.359828568901,18,69,106,53,214
78579,2.0,5.0,2.0,9.0,3.0,2.0,0.4,0.1,50.0,94,5049.199785711126,18,70,106,53,215
78579,2.0,5.0,2.0,9.0,3.0,2.0,0.4,0.1,50.0,95,5201.499732138908,18,70,106,51,211
78579,2.0,5.0,2.0,9.0,3.0,2.0,0.4,0.1,50.0,96,5471.874665173636,18,70,108,52,213
78579,2.0,5.0,2.0,9.0,3.0,2.0,0.4,0.1,50.0,97,5849.843331467045,19,69,109,53,214
78579,2.0,5.0,2.0,9.0,3.0,2.0,0.4,0.1,50.0,98,6232.304164333806,20,68,111,54,216
78579,2.0,5.0,2.0,9.0,3.0,2.0,0.4,0.1,50.0,99,6680.3802054172575,20,69,114,54,220
78579,2.0,5.0,2.0,9.0,3.0,2.0,0.4,0.1,50.0,100,7030.475256771571,20,70,115,55,222
78579,2.0,5.0,2.0,9.0,3.0,2.0,0.4,0.1,50.0,101,7228.094070964464,20,72,119,55,228
78579,2.0,5.0,2.0,9.0,3.0,2.0,0.4,0.1,50.0,102,7345.11758870558,20,74,116,55,226
78579,2.0,5.0,2.0,9.0,3.0,2.0,0.4,0.1,50.0,103,7291.396985881975,20,75,115,55,226
78579,2.0,5.0,2.0,9.0,3.0,2.0,0.4,0.1,50.0,104,7054.246232352469,19,75,114,54,223
78579,2.0,5.0,2.0,9.0,3.0,2.0,0.4,0.1,50.0,105,6707.807790440585,19,73,117,56,223
78579,2.0,5.0,2.0,9.0,3.0,2.0,0.4,0.1,50.0,106,6164.759738050732,20,75,118,58,226
78579,2.0,5.0,2.0,9.0,3.0,2.0,0.4,0.1,50.0,107,5605.949672563415,20,75,122,60,230
78579,2.0,5.0,2.0,9.0,3.0,2.0,0.4,0.1,50.0,108,5447.437090704269,21,74,122,60,230
78579,2.0,5.0,2.0,9.0,3.0,2.0,0.4,0.1,50.0,109,5439.2963633803365,21,75,122,59,230
78579,2.0,5.0,2.0,9.0,3.0,2.0,0.4,0.1,50.0,110,5599.120454225421,21,77,120,58,230
78579,2.0,5.0,2.0,9.0,3.0,2.0,0.4,0.1,50.0,111,5908.900567781776,21,76,117,57,225
78579,2.0,5.0,2.0,9.0,3.0,2.0,0.4,0.1,50.0,112,6396.12570972722,19,73,115,56,217
78579,2.0,5.0,2.0,9.0,3.0,2.0,0.4,0.1,50.0,113,6845.157137159025,19,71,115,56,213
78579,2.0,5.0,2.0,9.0,3.0,2.0,0.4,0.1,50.0,114,7176.446421448782,18,66,114,56,205
78579,2.0,5.0,2.0,9.0,3.0,2.0,0.4,0.1,50.0,115,7260.558026810977,18,65,118,54,208
78579,2.0,5.0,2.0,9.0,3.0,2.0,0.4,0.1,50.0,116,7115.697533513721,17,65,120,56,208
78579,2.0,5.0,2.0,9.0,3.0,2.0,0.4,0.1,50.0,117,6784.6219168921525,17,62,122,55,207
78579,2.0,5.0,2.0,9.0,3.0,2.0,0.4,0.1,50.0,118,6250.777396115191,18,62,122,57,208
78579,2.0,5.0,2.0,9.0,3.0,2.0,0.4,0.1,50.0,119,5533.471745143988,19,63,124,57,212
78579,2.0,5.0,2.0,9.0,3.0,2.0,0.4,0.1,50.0,120,4986.839681429985,18,57,122,57,203
78579,2.0,5.0,2.0,9.0,3.0,2.0,0.4,0.1,50.0,121,4693.549601787481,16,56,120,50,198
78579,2.0,5.0,2.0,9.0,3.0,2.0,0.4,0.1,50.0,122,4646.937002234352,15,56,120,49,196
78579,2.0,5.0,2.0,9.0,3.0,2.0,0.4,0.1,50.0,123,4708.671252792939,15,56,116,46,191
78579,2.0,5.0,2.0,9.0,3.0,2.0,0.4,0.1,50.0,124,4715.839065991175,15,56,113,46,187
78579,2.0,5.0,2.0,9.0,3.0,2.0,0.4,0.1,50.0,125,4814.798832488968,15,54,111,45,182
78579,2.0,5.0,2.0,9.0,3.0,2.0,0.4,0.1,50.0,126,4938.49854061121,15,51,113,42,181
78579,2.0,5.0,2.0,9.0,3.0,2.0,0.4,0.1,50.0,127,5093.123175764013,15,50,113,40,180
78579,2.0,5.0,2.0,9.0,3.0,2.0,0.4,0.1,50.0,128,5216.403969705016,14,50,113,41,179
78579,2.0,5.0,2.0,9.0,3.0,2.0,0.4,0.1,50.0,129,5400.50496213127,14,50,109,41,175
78579,2.0,5.0,2.0,9.0,3.0,2.0,0.4,0.1,50.0,130,5560.631202664088,12,50,103,39,167
78579,2.0,5.0,2.0,9.0,3.0,2.0,0.4,0.1,50.0,131,5580.78900333011,12,47,98,37,158
78579,2.0,5.0,2.0,9.0,3.0,2.0,0.4,0.1,50.0,132,5495.986254162637,12,49,99,36,161
78579,2.0,5.0,2.0,9.0,3.0,2.0,0.4,0.1,50.0,133,5329.982817703296,12,50,99,35,162
78579,2.0,5.0,2.0,9.0,3.0,2.0,0.4,0.1,50.0,134,5022.47852212912,11,52,100,35,164
78579,2.0,5.0,2.0,9.0,3.0,2.0,0.4,0.1,50.0,135,4558.0981526614005,11,52,100,36,164
78579,2.0,5.0,2.0,9.0,3.0,2.0,0.4,0.1,50.0,136,3967.622690826751,11,53,100,37,166
78579,2.0,5.0,2.0,9.0,3.0,2.0,0.4,0.1,50.0,137,3769.528363533438,11,55,102,37,170
78579,2.0,5.0,2.0,9.0,3.0,2.0,0.4,0.1,50.0,138,3841.9104544167976,11,56,101,37,170
78579,2.0,5.0,2.0,9.0,3.0,2.0,0.4,0.1,50.0,139,4082.388068020997,12,55,103,37,172
78579,2.0,5.0,2.0,9.0,3.0,2.0,0.4,0.1,50.0,140,4392.985085026246,11,53,102,37,168
78579,2.0,5.0,2.0,9.0,3.0,2.0,0.4,0.1,50.0,141,4791.231356282808,11,54,102,34,169
78579,2.0,5.0,2.0,9.0,3.0,2.0,0.4,0.1,50.0,142,5349.039195353509,11,52,102,33,166
78579,2.0,5.0,2.0,9.0,3.0,2.0,0.4,0.1,50.0,143,5716.298994191886,12,52,101,33,166
78579,2.0,5.0,2.0,9.0,3.0,2.0,0.4,0.1,50.0,144,5845.373742739857,12,51,100,32,164
78579,2.0,5.0,2.0,9.0,3.0,2.0,0.4,0.1,50.0,145,5746.717178424822,12,50,99,33,162
78579,2.0,5.0,2.0,9.0,3.0,2.0,0.4,0.1,50.0,146,5493.396473031027,12,49,101,33,163
78579,2.0,5.0,2.0,9.0,3.0,2.0,0.4,0.1,50.0,147,5076.7455912887835,12,50,103,33,166
78579,2.0,5.0,2.0,9.0,3.0,2.0,0.4,0.1,50.0,148,4485.931989110979,11,50,106,33,168
78579,2.0,5.0,2.0,9.0,3.0,2.0,0.4,0.1,50.0,149,3877.4149863887233,11,49,108,32,169
78579,2.0,5.0,2.0,9.0,3.0,2.0,0.4,0.1,50.0,150,3666.7687329859036,10,51,106,31,168
78579,2.0,5.0,2.0,9.0,3.0,2.0,0.4,0.1,50.0,151,3733.4609162323795,10,50,104,31,165
78579,2.0,5.0,2.0,9.0,3.0,2.0,0.4,0.1,50.0,152,3846.8261452904744,10,50,104,31,165
78579,2.0,5.0,2.0,9.0,3.0,2.0,0.4,0.1,50.0,153,4128.532681613093,9,47,105,31,162
78579,2.0,5.0,2.0,9.0,3.0,2.0,0.4,0.1,50.0,154,4450.6658520163655,9,44,102,32,157
78579,2.0,5.0,2.0,9.0,3.0,2.0,0.4,0.1,50.0,155,4863.332315020457,9,44,101,31,156
78579,2.0,5.0,2.0,9.0,3.0,2.0,0.4,0.1,50.0,156,5179.165393775571,9,42,104,31,157
78579,2.0,5.0,2.0,9.0,3.0,2.0,0.4,0.1,50.0,157,5313.956742219463,10,44,101,29,157
78579,2.0,5.0,2.0,9.0,3.0,2.0,0.4,0.1,50.0,158,5352.445927774329,8,44,97,28,151
78579,2.0,5.0,2.0,9.0,3.0,2.0,0.4,0.1,50.0,159,5260.5574097179115,8,44,99,27,153
78579,2.0,5.0,2.0,9.0,3.0,2.0,0.4,0.1,50.0,160,5025.69676214739,7,44,99,26,152
78579,2.0,5.0,2.0,9.0,3.0,2.0,0.4,0.1,50.0,161,4662.120952684237,7,43,99,25,151
78579,2.0,5.0,2.0,9.0,3.0,2.0,0.4,0.1,50.0,162,4177.651190855296,7,42,103,25,154
78579,2.0,5.0,2.0,9.0,3.0,2.0,0.4,0.1,50.0,163,3532.06398856912,7,41,104,26,155
78579,2.0,5.0,2.0,9.0,3.0,2.0,0.4,0.1,50.0,164,3325.0799857114,7,40,104,26,154
78579,2.0,5.0,2.0,9.0,3.0,2.0,0.4,0.1,50.0,165,3296.3499821392497,7,40,103,24,153
78579,2.0,5.0,2.0,9.0,3.0,2.0,0.4,0.1,50.0,166,3420.4374776740624,7,41,102,23,153
78579,2.0,5.0,2.0,9.0,3.0,2.0,0.4,0.1,50.0,167,3665.546847092578,7,41,103,23,154
78579,2.0,5.0,2.0,9.0,3.0,2.0,0.4,0.1,50.0,168,3991.9335588657223,7,39,99,20,148
78579,2.0,5.0,2.0,9.0,3.0,2.0,0.4,0.1,50.0,169,4429.916948582153,6,40,96,20,145
78579,2.0,5.0,2.0,9.0,3.0,2.0,0.4,0.1,50.0,170,4727.396185727692,5,38,95,20,141
78579,2.0,5.0,2.0,9.0,3.0,2.0,0.4,0.1,50.0,171,4869.245232159615,4,38,96,18,141
78579,2.0,5.0,2.0,9.0,3.0,2.0,0.4,0.1,50.0,172,4856.556540199518,4,39,95,18,141
78579,2.0,5.0,2.0,9.0,3.0,2.0,0.4,0.1,50.0,173,4770.695675249398,4,40,90,19,138
78579,2.0,5.0,2.0,9.0,3.0,2.0,0.4,0.1,50.0,174,4543.369594061747,4,40,89,18,137
78579,2.0,5.0,2.0,9.0,3.0,2.0,0.4,0.1,50.0,175,4199.211992577184,4,39,89,18,136
78579,2.0,5.0,2.0,9.0,3.0,2.0,0.4,0.1,50.0,176,3739.01499072148,3,40,90,17,137
78579,2.0,5.0,2.0,9.0,3.0,2.0,0.4,0.1,50.0,177,3163.76873840185,3,43,89,18,139
78579,2.0,5.0,2.0,9.0,3.0,2.0,0.4,0.1,50.0,178,2834.7109230023125,4,44,87,18,139
78579,2.0,5.0,2.0,9.0,3.0,2.0,0.4,0.1,50.0,179,2823.3886537528906,4,42,87,18,137
78579,2.0,5.0,2.0,9.0,3.0,2.0,0.4,0.1,50.0,180,2909.2358171911133,4,42,84,16,134
78579,2.0,5.0,2.0,9.0,3.0,2.0,0.4,0.1,50.0,181,3076.5447714888915,4,42,84,16,134
78579,2.0,5.0,2.0,9.0,3.0,2.0,0.4,0.1,50.0,182,3305.680964361114,4,41,83,19,132
78579,2.0,5.0,2.0,9.0,3.0,2.0,0.4,0.1,50.0,183,3642.101205451392,4,40,83,18,131
78579,2.0,5.0,2.0,9.0,3.0,2.0,0.4,0.1,50.0,184,4052.62650681424,4,40,80,18,128
78579,2.0,5.0,2.0,9.0,3.0,2.0,0.4,0.1,50.0,185,4215.7831335178,4,37,78,18,123
78579,2.0,5.0,2.0,9.0,3.0,2.0,0.4,0.1,50.0,186,4249.728916897249,4,35,77,17,120
78579,2.0,5.0,2.0,9.0,3.0,2.0,0.4,0.1,50.0,187,4212.161146121562,4,36,77,15,121
78579,2.0,5.0,2.0,9.0,3.0,2.0,0.4,0.1,50.0,188,4145.201432651952,4,35,76,14,118
78579,2.0,5.0,2.0,9.0,3.0,2.0,0.4,0.1,50.0,189,4021.5017908149403,4,35,77,14,119
78579,2.0,5.0,2.0,9.0,3.0,2.0,0.4,0.1,50.0,190,3756.877238518675,3,35,79,14,120
78579,2.0,5.0,2.0,9.0,3.0,2.0,0.4,0.1,50.0,191,3416.0965481483436,3,34,80,16,120
78579,2.0,5.0,2.0,9.0,3.0,2.0,0.4,0.1,50.0,192,2960.1206851854295,3,34,84,15,124
78579,2.0,5.0,2.0,9.0,3.0,2.0,0.4,0.1,50.0,193,2590.150856481787,3,33,87,15,126
78579,2.0,5.0,2.0,9.0,3.0,2.0,0.4,0.1,50.0,194,2527.6885706022335,2,32,88,15,125
78579,2.0,5.0,2.0,9.0,3.0,2.0,0.4,0.1,50.0,195,2579.610713252792,2,31,87,15,123
78579,2.0,5.0,2.0,9.0,3.0,2.0,0.4,0.1,50.0,196,2754.51339156599,2,31,87,15,123
78579,2.0,5.0,2.0,9.0,3.0,2.0,0.4,0.1,50.0,197,2953.1417394574873,2,31,86,15,122
78579,2.0,5.0,2.0,9.0,3.0,2.0,0.4,0.1,50.0,198,3291.427174321859,2,29,87,15,121
78579,2.0,5.0,2.0,9.0,3.0,2.0,0.4,0.1,50.0,199,3684.2839679023236,2,28,86,13,119
78579,2.0,5.0,2.0,9.0,3.0,2.0,0.4,0.1,50.0,200,3925.3549598779045,2,27,85,13,117
78579,2.0,5.0,2.0,9.0,3.0,2.0,0.4,0.1,50.0,201,4046.693699847381,2,27,84,12,116
78579,2.0,5.0,2.0,9.0,3.0,2.0,0.4,0.1,50.0,202,4038.367124809227,2,25,84,12,114
78579,2.0,5.0,2.0,9.0,3.0,2.0,0.4,0.1,50.0,203,3947.958906011534,2,25,85,12,115
78579,2.0,5.0,2.0,9.0,3.0,2.0,0.4,0.1,50.0,204,3744.948632514417,2,25,84,12,114
78579,2.0,5.0,2.0,9.0,3.0,2.0,0.4,0.1,50.0,205,3491.1857906430214,2,26,81,12,111
78579,2.0,5.0,2.0,9.0,3.0,2.0,0.4,0.1,50.0,206,3153.982238303777,2,26,83,12,113
78579,2.0,5.0,2.0,9.0,3.0,2.0,0.4,0.1,50.0,207,2722.4777978797215,2,25,84,12,113
78579,2.0,5.0,2.0,9.0,3.0,2.0,0.4,0.1,50.0,208,2353.0972473496518,1,23,86,12,112
78579,2.0,5.0,2.0,9.0,3.0,2.0,0.4,0.1,50.0,209,2271.3715591870646,1,23,89,12,115
78579,2.0,5.0,2.0,9.0,3.0,2.0,0.4,0.1,50.0,210,2309.2144489838306,1,24,89,12,116
78579,2.0,5.0,2.0,9.0,3.0,2.0,0.4,0.1,50.0,211,2456.518061229788,1,26,89,12,118
78579,2.0,5.0,2.0,9.0,3.0,2.0,0.4,0.1,50.0,212,2660.647576537235,1,26,85,14,114
78579,2.0,5.0,2.0,9.0,3.0,2.0,0.4,0.1,50.0,213,2995.8094706715437,1,24,81,14,108
78579,2.0,5.0,2.0,9.0,3.0,2.0,0.4,0.1,50.0,214,3384.7618383394297,1,24,81,14,107
78579,2.0,5.0,2.0,9.0,3.0,2.0,0.4,0.1,50.0,215,3630.9522979242874,1,24,79,12,105
78579,2.0,5.0,2.0,9.0,3.0,2.0,0.4,0.1,50.0,216,3758.690372405359,1,24,76,12,102
78579,2.0,5.0,2.0,9.0,3.0,2.0,0.4,0.1,50.0,217,3828.362965506699,1,23,76,12,101
78579,2.0,5.0,2.0,9.0,3.0,2.0,0.4,0.1,50.0,218,3875.4537068833733,1,21,77,12,100
78579,2.0,5.0,2.0,9.0,3.0,2.0,0.4,0.1,50.0,219,3774.317133604217,1,22,76,12,100
78579,2.0,5.0,2.0,9.0,3.0,2.0,0.4,0.1,50.0,220,3627.8964170052714,1,23,77,12,102
78579,2.0,5.0,2.0,9.0,3.0,2.0,0.4,0.1,50.0,221,3414.870521256589,1,22,78,14,102
78579,2.0,5.0,2.0,9.0,3.0,2.0,0.4,0.1,50.0,222,3118.588151570737,1,24,80,14,106
78579,2.0,5.0,2.0,9.0,3.0,2.0,0.4,0.1,50.0,223,2728.235189463421,1,26,81,14,109
78579,2.0,5.0,2.0,9.0,3.0,2.0,0.4,0.1,50.0,224,2360.2939868292765,1,24,82,13,107
78579,2.0,5.0,2.0,9.0,3.0,2.0,0.4,0.1,50.0,225,2160.3674835365955,1,24,82,13,107
78579,2.0,5.0,2.0,9.0,3.0,2.0,0.4,0.1,50.0,226,2200.4593544207446,1,24,83,13,108
78579,2.0,5.0,2.0,9.0,3.0,2.0,0.4,0.1,50.0,227,2320.574193025931,1,23,82,13,106
78579,2.0,5.0,2.0,9.0,3.0,2.0,0.4,0.1,50.0,228,2570.717741282414,1,21,82,13,104
78579,2.0,5.0,2.0,9.0,3.0,2.0,0.4,0.1,50.0,229,2863.397176603017,1,17,80,12,98
78579,2.0,5.0,2.0,9.0,3.0,2.0,0.4,0.1,50.0,230,3119.2464707537715,0,17,82,13,99
78579,2.0,5.0,2.0,9.0,3.0,2.0,0.4,0.1,50.0,231,3259.0580884422143,0,16,84,13,100
78579,2.0,5.0,2.0,9.0,3.0,2.0,0.4,0.1,50.0,232,3293.822610552768,0,16,83,13,99
78579,2.0,5.0,2.0,9.0,3.0,2.0,0.4,0.1,50.0,233,3167.2782631909595,0,16,86,11,102
78579,2.0,5.0,2.0,9.0,3.0,2.0,0.4,0.1,50.0,234,2979.0978289886993,0,16,84,11,100
78579,2.0,5.0,2.0,9.0,3.0,2.0,0.4,0.1,50.0,235,2693.872286235874,0,15,86,11,101
78579,2.0,5.0,2.0,9.0,3.0,2.0,0.4,0.1,50.0,236,2327.3403577948425,0,15,87,9,102
78579,2.0,5.0,2.0,9.0,3.0,2.0,0.4,0.1,50.0,237,2069.175447243553,0,15,87,9,102
78579,2.0,5.0,2.0,9.0,3.0,2.0,0.4,0.1,50.0,238,2036.4693090544415,0,15,89,9,104
78579,2.0,5.0,2.0,9.0,3.0,2.0,0.4,0.1,50.0,239,2115.586636318052,0,14,90,9,104
78579,2.0,5.0,2.0,9.0,3.0,2.0,0.4,0.1,50.0,240,2224.483295397565,0,12,89,9,101
78579,2.0,5.0,2.0,9.0,3.0,2.0,0.4,0.1,50.0,241,2490.6041192469565,0,12,86,9,98
78579,2.0,5.0,2.0,9.0,3.0,2.0,0.4,0.1,50.0,242,2873.2551490586957,0,11,85,9,96
78579,2.0,5.0,2.0,9.0,3.0,2.0,0.4,0.1,50.0,243,3071.5689363233696,0,11,82,8,93
78579,2.0,5.0,2.0,9.0,3.0,2.0,0.4,0.1,50.0,244,3219.4611704042118,0,11,82,8,93
78579,2.0,5.0,2.0,9.0,3.0,2.0,0.4,0.1,50.0,245,3294.3264630052645,0,11,78,8,89
78579,2.0,5.0,2.0,9.0,3.0,2.0,0.4,0.1,50.0,246,3337.908078756581,0,11,78,8,89
78579,2.0,5.0,2.0,9.0,3.0,2.0,0.4,0.1,50.0,247,3322.385098445726,0,11,78,9,89
78579,2.0,5.0,2.0,9.0,3.0,2.0,0.4,0.1,50.0,248,3192.981373057157,0,11,78,9,89
78579,2.0,5.0,2.0,9.0,3.0,2.0,0.4,0.1,50.0,249,3011.226716321446,0,11,79,10,90
78579,2.0,5.0,2.0,9.0,3.0,2.0,0.4,0.1,50.0,250,2794.0333954018074,0,11,77,10,88
78579,2.0,5.0,2.0,9.0,3.0,2.0,0.4,0.1,50.0,251,2532.5417442522594,0,11,78,10,89
78579,2.0,5.0,2.0,9.0,3.0,2.0,0.4,0.1,50.0,252,2175.677180315324,0,11,80,12,91
78579,2.0,5.0,2.0,9.0,3.0,2.0,0.4,0.1,50.0,253,1939.5964753941553,0,10,82,12,92
78579,2.0,5.0,2.0,9.0,3.0,2.0,0.4,0.1,50.0,254,1904.495594242694,0,11,80,12,91
78579,2.0,5.0,2.0,9.0,3.0,2.0,0.4,0.1,50.0,255,1940.6194928033674,0,11,80,11,91
78579,2.0,5.0,2.0,9.0,3.0,2.0,0.4,0.1,50.0,256,2015.7743660042092,0,11,79,13,90
78579,2.0,5.0,2.0,9.0,3.0,2.0,0.4,0.1,50.0,257,2139.7179575052614,0,11,79,13,90
78579,2.0,5.0,2.0,9.0,3.0,2.0,0.4,0.1,50.0,258,2334.647446881577,0,11,79,13,90
78579,2.0,5.0,2.0,9.0,3.0,2.0,0.4,0.1,50.0,259,2568.3093086019708,0,11,78,13,89
78579,2.0,5.0,2.0,9.0,3.0,2.0,0.4,0.1,50.0,260,2740.3866357524635,0,11,77,13,88
78579,2.0,5.0,2.0,9.0,3.0,2.0,0.4,0.1,50.0,261,2825.4832946905794,0,10,72,13,82
78579,2.0,5.0,2.0,9.0,3.0,2.0,0.4,0.1,50.0,262,2891.854118363224,0,8,72,13,80
78579,2.0,5.0,2.0,9.0,3.0,2.0,0.4,0.1,50.0,263,2894.8176479540302,0,7,74,12,81
78579,2.0,5.0,2.0,9.0,3.0,2.0,0.4,0.1,50.0,264,2818.522059942538,0,7,74,11,81
78579,2.0,5.0,2.0,9.0,3.0,2.0,0.4,0.1,50.0,265,2653.1525749281723,0,7,75,11,82
78579,2.0,5.0,2.0,9.0,3.0,2.0,0.4,0.1,50.0,266,2416.440718660215,0,7,76,13,83
78579,2.0,5.0,2.0,9.0,3.0,2.0,0.4,0.1,50.0,267,2100.550898325269,0,7,75,13,82
78579,2.0,5.0,2.0,9.0,3.0,2.0,0.4,0.1,50.0,268,1855.6886229065863,0,8,76,13,84
78579,2.0,5.0,2.0,9.0,3.0,2.0,0.4,0.1,50.0,269,1809.6107786332327,0,8,77,13,85
78579,2.0,5.0,2.0,9.0,3.0,2.0,0.4,0.1,50.0,270,1852.0134732915408,0,8,76,14,84
78579,2.0,5.0,2.0,9.0,3.0,2.0,0.4,0.1,50.0,271,1965.016841614426,0,7,74,14,81
78579,2.0,5.0,2.0,9.0,3.0,2.0,0.4,0.1,50.0,272,2136.2710520180326,0,7,72,14,79
78579,2.0,5.0,2.0,9.0,3.0,2.0,0.4,0.1,50.0,273,2350.338815022541,0,7,71,14,78
78579,2.0,5.0,2.0,9.0,3.0,2.0,0.4,0.1,50.0,274,2577.923518778176,0,7,70,12,77
78579,2.0,5.0,2.0,9.0,3.0,2.0,0.4,0.1,50.0,275,2712.40439847272,0,3,67,13,70
78579,2.0,5.0,2.0,9.0,3.0,2.0,0.4,0.1,50.0,276,2750.5054980909,0,3,68,13,71
78579,2.0,5.0,2.0,9.0,3.0,2.0,0.4,0.1,50.0,277,2738.131872613625,0,3,66,13,69
78579,2.0,5.0,2.0,9.0,3.0,2.0,0.4,0.1,50.0,278,2672.6648407670314,0,3,67,13,70
78579,2.0,5.0,2.0,9.0,3.0,2.0,0.4,0.1,50.0,279,2580.831050958789,0,3,65,14,68
78579,2.0,5.0,2.0,9.0,3.0,2.0,0.4,0.1,50.0,280,2406.0388136984866,0,3,65,14,68
78579,2.0,5.0,2.0,9.0,3.0,2.0,0.4,0.1,50.0,281,2187.5485171231085,0,3,67,15,70
78579,2.0,5.0,2.0,9.0,3.0,2.0,0.4,0.1,50.0,282,1894.4356464038856,0,4,69,14,73
78579,2.0,5.0,2.0,9.0,3.0,2.0,0.4,0.1,50.0,283,1618.0445580048572,0,4,68,14,72
78579,2.0,5.0,2.0,9.0,3.0,2.0,0.4,0.1,50.0,284,1582.5556975060715,0,4,66,14,70
78579,2.0,5.0,2.0,9.0,3.0,2.0,0.4,0.1,50.0,285,1648.1946218825894,0,4,65,14,69
78579,2.0,5.0,2.0,9.0,3.0,2.0,0.4,0.1,50.0,286,1680.2432773532369,0,4,66,14,70
78579,2.0,5.0,2.0,9.0,3.0,2.0,0.4,0.1,50.0,287,1740.304096691546,0,4,65,14,69
78579,2.0,5.0,2.0,9.0,3.0,2.0,0.4,0.1,50.0,288,1815.3801208644327,0,4,67,14,71
78579,2.0,5.0,2.0,9.0,3.0,2.0,0.4,0.1,50.0,289,1909.2251510805409,0,4,66,14,70
78579,2.0,5.0,2.0,9.0,3.0,2.0,0.4,0.1,50.0,290,1956.5314388506758,0,4,66,14,70
78579,2.0,5.0,2.0,9.0,3.0,2.0,0.4,0.1,50.0,291,1975.6642985633448,0,4,66,14,70
78579,2.0,5.0,2.0,9.0,3.0,2.0,0.4,0.1,50.0,292,2009.580373204181,0,4,67,14,71
78579,2.0,5.0,2.0,9.0,3.0,2.0,0.4,0.1,50.0,293,2031.975466505226,0,4,68,14,72
78579,2.0,5.0,2.0,9.0,3.0,2.0,0.4,0.1,50.0,294,2109.9693331315325,0,4,69,15,73
78579,2.0,5.0,2.0,9.0,3.0,2.0,0.4,0.1,50.0,295,2157.4616664144155,0,4,69,14,73
78579,2.0,5.0,2.0,9.0,3.0,2.0,0.4,0.1,50.0,296,2176.8270830180195,0,4,71,14,75
78579,2.0,5.0,2.0,9.0,3.0,2.0,0.4,0.1,50.0,297,2171.0338537725243,0,4,74,15,78
78579,2.0,5.0,2.0,9.0,3.0,2.0,0.4,0.1,50.0,298,2153.792317215655,0,4,73,14,77
78579,2.0,5.0,2.0,9.0,3.0,2.0,0.4,0.1,50.0,299,2142.240396519569,0,4,71,14,75
78579,2.0,5.0,2.0,9.0,3.0,2.0,0.4,0.1,50.0,300,2147.8004956494615,0,4,70,14,74
78579,2.0,5.0,2.0,9.0,3.0,2.0,0.4,0.1,50.0,301,2124.750619561827,0,4,72,13,76
78579,2.0,5.0,2.0,9.0,3.0,2.0,0.4,0.1,50.0,302,2055.9382744522836,0,4,72,13,76
78579,2.0,5.0,2.0,9.0,3.0,2.0,0.4,0.1,50.0,303,1969.9228430653548,0,4,72,12,76
78579,2.0,5.0,2.0,9.0,3.0,2.0,0.4,0.1,50.0,304,1862.4035538316934,0,3,70,12,73
78579,2.0,5.0,2.0,9.0,3.0,2.0,0.4,0.1,50.0,305,1668.0044422896167,0,2,73,11,75
78579,2.0,5.0,2.0,9.0,3.0,2.0,0.4,0.1,50.0,306,1595.005552862021,0,2,73,11,75
78579,2.0,5.0,2.0,9.0,3.0,2.0,0.4,0.1,50.0,307,1643.7569410775263,0,2,74,11,76
78579,2.0,5.0,2.0,9.0,3.0,2.0,0.4,0.1,50.0,308,1694.696176346908,0,2,74,10,76
78579,2.0,5.0,2.0,9.0,3.0,2.0,0.4,0.1,50.0,309,1808.370220433635,0,2,70,9,72
78579,2.0,5.0,2.0,9.0,3.0,2.0,0.4,0.1,50.0,310,1960.4627755420438,0,2,70,7,72
78579,2.0,5.0,2.0,9.0,3.0,2.0,0.4,0.1,50.0,311,2070.578469427555,0,2,69,7,71
78579,2.0,5.0,2.0,9.0,3.0,2.0,0.4,0.1,50.0,312,2158.2230867844437,0,2,69,7,71
78579,2.0,5.0,2.0,9.0,3.0,2.0,0.4,0.1,50.0,313,2167.778858480555,0,2,70,6,72
78579,2.0,5.0,2.0,9.0,3.0,2.0,0.4,0.1,50.0,314,2099.7235731006936,0,2,68,6,70
78579,2.0,5.0,2.0,9.0,3.0,2.0,0.4,0.1,50.0,315,1984.6544663758668,0,2,68,6,70
78579,2.0,5.0,2.0,9.0,3.0,2.0,0.4,0.1,50.0,316,1810.8180829698335,0,2,71,6,73
78579,2.0,5.0,2.0,9.0,3.0,2.0,0.4,0.1,50.0,317,1563.522603712292,0,2,73,6,75
78579,2.0,5.0,2.0,9.0,3.0,2.0,0.4,0.1,50.0,318,1514.403254640365,0,2,74,6,76
78579,2.0,5.0,2.0,9.0,3.0,2.0,0.4,0.1,50.0,319,1533.0040683004563,0,1,74,6,75
78579,2.0,5.0,2.0,9.0,3.0,2.0,0.4,0.1,50.0,320,1616.2550853755704,0,1,72,5,73
78579,2.0,5.0,2.0,9.0,3.0,2.0,0.4,0.1,50.0,321,1670.318856719463,0,1,72,5,73
78579,2.0,5.0,2.0,9.0,3.0,2.0,0.4,0.1,50.0,322,1787.8985708993287,0,1,72,4,73
78579,2.0,5.0,2.0,9.0,3.0,2.0,0.4,0.1,50.0,323,1924.8732136241606,0,1,72,4,73
78579,2.0,5.0,2.0,9.0,3.0,2.0,0.4,0.1,50.0,324,2076.0915170302005,0,1,72,4,73
78579,2.0,5.0,2.0,9.0,3.0,2.0,0.4,0.1,50.0,325,2065.1143962877504,0,1,74,4,75
78579,2.0,5.0,2.0,9.0,3.0,2.0,0.4,0.1,50.0,326,1991.392995359688,0,1,76,4,77
78579,2.0,5.0,2.0,9.0,3.0,2.0,0.4,0.1,50.0,327,1879.2412441996103,0,1,77,4,78
78579,2.0,5.0,2.0,9.0,3.0,2.0,0.4,0.1,50.0,328,1689.0515552495126,0,1,77,4,78
78579,2.0,5.0,2.0,9.0,3.0,2.0,0.4,0.1,50.0,329,1541.3144440618908,0,1,75,4,76
78579,2.0,5.0,2.0,9.0,3.0,2.0,0.4,0.1,50.0,330,1496.6430550773634,0,1,74,4,75
78579,2.0,5.0,2.0,9.0,3.0,2.0,0.4,0.1,50.0,331,1510.8038188467044,0,1,75,4,76
78579,2.0,5.0,2.0,9.0,3.0,2.0,0.4,0.1,50.0,332,1548.5047735583805,0,1,76,3,77
78579,2.0,5.0,2.0,9.0,3.0,2.0,0.4,0.1,50.0,333,1605.6309669479756,0,1,77,3,78
78579,2.0,5.0,2.0,9.0,3.0,2.0,0.4,0.1,50.0,334,1687.0387086849696,0,0,76,3,76
78579,2.0,5.0,2.0,9.0,3.0,2.0,0.4,0.1,50.0,335,1798.798385856212,0,0,77,3,77
78579,2.0,5.0,2.0,9.0,3.0,2.0,0.4,0.1,50.0,336,1848.4979823202648,0,0,78,3,78
78579,2.0,5.0,2.0,9.0,3.0,2.0,0.4,0.1,50.0,337,1950.622477900331,0,0,75,3,75
78579,2.0,5.0,2.0,9.0,3.0,2.0,0.4,0.1,50.0,338,2038.2780973754138,0,0,74,3,74
78579,2.0,5.0,2.0,9.0,3.0,2.0,0.4,0.1,50.0,339,2107.8476217192674,0,0,73,3,73
78579,2.0,5.0,2.0,9.0,3.0,2.0,0.4,0.1,50.0,340,2154.8095271490843,0,0,74,3,74
78579,2.0,5.0,2.0,9.0,3.0,2.0,0.4,0.1,50.0,341,2153.511908936355,0,0,73,3,73
78579,2.0,5.0,2.0,9.0,3.0,2.0,0.4,0.1,50.0,342,2141.889886170444,0,0,72,3,72
78579,2.0,5.0,2.0,9.0,3.0,2.0,0.4,0.1,50.0,343,2067.3623577130547,0,0,72,3,72
78579,2.0,5.0,2.0,9.0,3.0,2.0,0.4,0.1,50.0,344,1894.2029471413184,0,0,75,3,75
78579,2.0,5.0,2.0,9.0,3.0,2.0,0.4,0.1,50.0,345,1657.7536839266481,0,0,74,3,74
78579,2.0,5.0,2.0,9.0,3.0,2.0,0.4,0.1,50.0,346,1482.1921049083103,0,0,75,2,75
78579,2.0,5.0,2.0,9.0,3.0,2.0,0.4,0.1,50.0,347,1422.7401311353879,0,0,73,2,73
78579,2.0,5.0,2.0,9.0,3.0,2.0,0.4,0.1,50.0,348,1418.4251639192348,0,0,69,2,69
78579,2.0,5.0,2.0,9.0,3.0,2.0,0.4,0.1,50.0,349,1423.0314548990436,0,0,72,1,72
78579,2.0,5.0,2.0,9.0,3.0,2.0,0.4,0.1,50.0,350,1398.7893186238045,0,0,70,1,70
78579,2.0,5.0,2.0,9.0,3.0,2.0,0.4,0.1,50.0,351,1378.4866482797556,0,0,70,1,70
78579,2.0,5.0,2.0,9.0,3.0,2.0,0.4,0.1,50.0,352,1383.1083103496944,0,0,69,1,69
78579,2.0,5.0,2.0,9.0,3.0,2.0,0.4,0.1,50.0,353,1368.8853879371181,0,0,69,1,69
78579,2.0,5.0,2.0,9.0,3.0,2.0,0.4,0.1,50.0,354,1361.1067349213977,0,0,67,1,67
78579,2.0,5.0,2.0,9.0,3.0,2.0,0.4,0.1,50.0,355,1391.383418651747,0,0,65,0,65
78579,2.0,5.0,2.0,9.0,3.0,2.0,0.4,0.1,50.0,356,1459.2292733146837,0,0,63,0,63
78579,2.0,5.0,2.0,9.0,3.0,2.0,0.4,0.1,50.0,357,1544.0365916433548,0,0,59,0,59
78579,2.0,5.0,2.0,9.0,3.0,2.0,0.4,0.1,50.0,358,1590.0457395541935,0,0,58,0,58
78579,2.0,5.0,2.0,9.0,3.0,2.0,0.4,0.1,50.0,359,1617.5571744427418,0,0,60,0,60
78579,2.0,5.0,2.0,9.0,3.0,2.0,0.4,0.1,50.0,360,1601.9464680534272,0,0,60,0,60
78579,2.0,5.0,2.0,9.0,3.0,2.0,0.4,0.1,50.0,361,1532.433085066784,0,0,59,0,59
78579,2.0,5.0,2.0,9.0,3.0,2.0,0.4,0.1,50.0,362,1385.54135633348,0,0,61,0,61
78579,2.0,5.0,2.0,9.0,3.0,2.0,0.4,0.1,50.0,363,1211.9266954168502,0,0,62,0,62
78579,2.0,5.0,2.0,9.0,3.0,2.0,0.4,0.1,50.0,364,1174.9083692710628,0,0,63,0,63
78579,2.0,5.0,2.0,9.0,3.0,2.0,0.4,0.1,50.0,365,1178.6354615888285,0,0,63,0,63
78579,2.0,5.0,2.0,9.0,3.0,2.0,0.4,0.1,50.0,366,1223.2943269860357,0,0,61,0,61
78579,2.0,5.0,2.0,9.0,3.0,2.0,0.4,0.1,50.0,367,1369.1179087325445,0,0,59,0,59
78579,2.0,5.0,2.0,9.0,3.0,2.0,0.4,0.1,50.0,368,1531.3973859156806,0,0,58,0,58
78579,2.0,5.0,2.0,9.0,3.0,2.0,0.4,0.1,50.0,369,1644.2467323946007,0,0,56,0,56
78579,2.0,5.0,2.0,9.0,3.0,2.0,0.4,0.1,50.0,370,1745.3084154932508,0,0,55,0,55
78579,2.0,5.0,2.0,9.0,3.0,2.0,0.4,0.1,50.0,371,1831.6355193665636,0,0,57,0,57
78579,2.0,5.0,2.0,9.0,3.0,2.0,0.4,0.1,50.0,372,1849.5443992082046,0,0,58,0,58
78579,2.0,5.0,2.0,9.0,3.0,2.0,0.4,0.1,50.0,373,1791.9304990102555,0,0,60,0,60
78579,2.0,5.0,2.0,9.0,3.0,2.0,0.4,0.1,50.0,374,1649.9131237628194,0,0,61,0,61
78579,2.0,5.0,2.0,9.0,3.0,2.0,0.4,0.1,50.0,375,1472.3914047035241,0,0,60,0,60
78579,2.0,5.0,2.0,9.0,3.0,2.0,0.4,0.1,50.0,376,1250.4892558794052,0,0,62,0,62
78579,2.0,5.0,2.0,9.0,3.0,2.0,0.4,0.1,50.0,377,1153.1115698492565,0,0,58,0,58
78579,2.0,5.0,2.0,9.0,3.0,2.0,0.4,0.1,50.0,378,1111.3894623115707,0,0,57,0,57
78579,2.0,5.0,2.0,9.0,3.0,2.0,0.4,0.1,50.0,379,1069.2368278894633,0,0,58,0,58
78579,2.0,5.0,2.0,9.0,3.0,2.0,0.4,0.1,50.0,380,1066.546034861829,0,0,58,0,58
78579,2.0,5.0,2.0,9.0,3.0,2.0,0.4,0.1,50.0,381,1123.1825435772862,0,0,57,0,57
78579,2.0,5.0,2.0,9.0,3.0,2.0,0.4,0.1,50.0,382,1223.9781794716077,0,0,57,0,57
78579,2.0,5.0,2.0,9.0,3.0,2.0,0.4,0.1,50.0,383,1349.9727243395096,0,0,56,0,56
78579,2.0,5.0,2.0,9.0,3.0,2.0,0.4,0.1,50.0,384,1467.465905424387,0,0,55,0,55
78579,2.0,5.0,2.0,9.0,3.0,2.0,0.4,0.1,50.0,385,1574.332381780484,0,0,55,0,55
78579,2.0,5.0,2.0,9.0,3.0,2.0,0.4,0.1,50.0,386,1607.915477225605,0,0,55,0,55
78579,2.0,5.0,2.0,9.0,3.0,2.0,0.4,0.1,50.0,387,1609.8943465320062,0,0,53,0,53
78579,2.0,5.0,2.0,9.0,3.0,2.0,0.4,0.1,50.0,388,1542.3679331650078,0,0,53,0,53
78579,2.0,5.0,2.0,9.0,3.0,2.0,0.4,0.1,50.0,389,1447.9599164562596,0,0,54,0,54
78579,2.0,5.0,2.0,9.0,3.0,2.0,0.4,0.1,50.0,390,1309.9498955703245,0,0,56,0,56
78579,2.0,5.0,2.0,9.0,3.0,2.0,0.4,0.1,50.0,391,1117.4373694629057,0,0,57,0,57
78579,2.0,5.0,2.0,9.0,3.0,2.0,0.4,0.1,50.0,392,1026.7967118286322,0,0,56,0,56
78579,2.0,5.0,2.0,9.0,3.0,2.0,0.4,0.1,50.0,393,1003.4958897857903,0,0,55,0,55
78579,2.0,5.0,2.0,9.0,3.0,2.0,0.4,0.1,50.0,394,1064.369862232238,0,0,54,0,54
78579,2.0,5.0,2.0,9.0,3.0,2.0,0.4,0.1,50.0,395,1140.4623277902974,0,0,51,0,51
78579,2.0,5.0,2.0,9.0,3.0,2.0,0.4,0.1,50.0,396,1205.5779097378718,0,0,49,0,49
78579,2.0,5.0,2.0,9.0,3.0,2.0,0.4,0.1,50.0,397,1296.9723871723397,0,0,46,0,46
78579,2.0,5.0,2.0,9.0,3.0,2.0,0.4,0.1,50.0,398,1351.2154839654247,0,0,49,0,49
78579,2.0,5.0,2.0,9.0,3.0,2.0,0.4,0.1,50.0,399,1379.019354956781,0,0,48,0,48
78579,2.0,5.0,2.0,9.0,3.0,2.0,0.4,0.1,50.0,400,1363.7741936959762,0,0,46,0,46
78579,2.0,5.0,2.0,9.0,3.0,2.0,0.4,0.1,50.0,401,1334.7177421199704,0,0,46,0,46
78579,2.0,5.0,2.0,9.0,3.0,2.0,0.4,0.1,50.0,402,1248.397177649963,0,0,46,0,46
78579,2.0,5.0,2.0,9.0,3.0,2.0,0.4,0.1,50.0,403,1140.4964720624537,0,0,46,0,46
78579,2.0,5.0,2.0,9.0,3.0,2.0,0.4,0.1,50.0,404,1005.6205900780672,0,0,46,0,46
78579,2.0,5.0,2.0,9.0,3.0,2.0,0.4,0.1,50.0,405,867.0257375975839,0,0,47,0,47
78579,2.0,5.0,2.0,9.0,3.0,2.0,0.4,0.1,50.0,406,843.7821719969797,0,0,47,0,47
78579,2.0,5.0,2.0,9.0,3.0,2.0,0.4,0.1,50.0,407,904.7277149962247,0,0,48,0,48
78579,2.0,5.0,2.0,9.0,3.0,2.0,0.4,0.1,50.0,408,970.9096437452808,0,0,47,0,47
78579,2.0,5.0,2.0,9.0,3.0,2.0,0.4,0.1,50.0,409,1103.637054681601,0,0,47,0,47
78579,2.0,5.0,2.0,9.0,3.0,2.0,0.4,0.1,50.0,410,1239.5463183520014,0,0,45,0,45
78579,2.0,5.0,2.0,9.0,3.0,2.0,0.4,0.1,50.0,411,1309.4328979400018,0,0,43,0,43
78579,2.0,5.0,2.0,9.0,3.0,2.0,0.4,0.1,50.0,412,1346.7911224250022,0,0,44,0,44
78579,2.0,5.0,2.0,9.0,3.0,2.0,0.4,0.1,50.0,413,1343.4889030312527,0,0,43,0,43
78579,2.0,5.0,2.0,9.0,3.0,2.0,0.4,0.1,50.0,414,1299.3611287890658,0,0,43,0,43
78579,2.0,5.0,2.0,9.0,3.0,2.0,0.4,0.1,50.0,415,1224.2014109863321,0,0,41,0,41
78579,2.0,5.0,2.0,9.0,3.0,2.0,0.4,0.1,50.0,416,1130.2517637329152,0,0,42,0,42
78579,2.0,5.0,2.0,9.0,3.0,2.0,0.4,0.1,50.0,417,992.8147046661438,0,0,42,0,42
78579,2.0,5.0,2.0,9.0,3.0,2.0,0.4,0.1,50.0,418,831.0183808326797,0,0,44,0,44
78579,2.0,5.0,2.0,9.0,3.0,2.0,0.4,0.1,50.0,419,788.7729760408497,0,0,45,0,45
78579,2.0,5.0,2.0,9.0,3.0,2.0,0.4,0.1,50.0,420,825.9662200510621,0,0,44,0,44
78579,2.0,5.0,2.0,9.0,3.0,2.0,0.4,0.1,50.0,421,892.4577750638277,0,0,43,0,43
78579,2.0,5.0,2.0,9.0,3.0,2.0,0.4,0.1,50.0,422,1005.5722188297846,0,0,42,0,42
78579,2.0,5.0,2.0,9.0,3.0,2.0,0.4,0.1,50.0,423,1136.9652735372306,0,0,40,0,40
78579,2.0,5.0,2.0,9.0,3.0,2.0,0.4,0.1,50.0,424,1221.2065919215383,0,0,40,0,40
78579,2.0,5.0,2.0,9.0,3.0,2.0,0.4,0.1,50.0,425,1276.508239901923,0,0,39,0,39
78579,2.0,5.0,2.0,9.0,3.0,2.0,0.4,0.1,50.0,426,1305.6352998774037,0,0,40,0,40
78579,2.0,5.0,2.0,9.0,3.0,2.0,0.4,0.1,50.0,427,1282.0441248467546,0,0,39,0,39
78579,2.0,5.0,2.0,9.0,3.0,2.0,0.4,0.1,50.0,428,1242.5551560584431,0,0,39,0,39
78579,2.0,5.0,2.0,9.0,3.0,2.0,0.4,0.1,50.0,429,1173.1939450730538,0,0,39,0,39
78579,2.0,5.0,2.0,9.0,3.0,2.0,0.4,0.1,50.0,430,1086.4924313413171,0,0,38,0,38
78579,2.0,5.0,2.0,9.0,3.0,2.0,0.4,0.1,50.0,431,988.1155391766465,0,0,39,0,39
78579,2.0,5.0,2.0,9.0,3.0,2.0,0.4,0.1,50.0,432,855.144423970808,0,0,39,0,39
78579,2.0,5.0,2.0,9.0,3.0,2.0,0.4,0.1,50.0,433,718.93052996351,0,0,39,0,39
78579,2.0,5.0,2.0,9.0,3.0,2.0,0.4,0.1,50.0,434,698.6631624543875,0,0,40,0,40
78579,2.0,5.0,2.0,9.0,3.0,2.0,0.4,0.1,50.0,435,753.3289530679843,0,0,40,0,40
78579,2.0,5.0,2.0,9.0,3.0,2.0,0.4,0.1,50.0,436,861.6611913349805,0,0,39,0,39
78579,2.0,5.0,2.0,9.0,3.0,2.0,0.4,0.1,50.0,437,967.0764891687256,0,0,39,0,39
78579,2.0,5.0,2.0,9.0,3.0,2.0,0.4,0.1,50.0,438,1108.845611460907,0,0,39,0,39
78579,2.0,5.0,2.0,9.0,3.0,2.0,0.4,0.1,50.0,439,1216.0570143261339,0,0,38,0,38
78579,2.0,5.0,2.0,9.0,3.0,2.0,0.4,0.1,50.0,440,1320.0712679076673,0,0,38,0,38
78579,2.0,5.0,2.0,9.0,3.0,2.0,0.4,0.1,50.0,441,1360.0890848845843,0,0,37,0,37
78579,2.0,5.0,2.0,9.0,3.0,2.0,0.4,0.1,50.0,442,1380.1113561057305,0,0,37,0,37
78579,2.0,5.0,2.0,9.0,3.0,2.0,0.4,0.1,50.0,443,1405.139195132163,0,0,35,0,35
78579,2.0,5.0,2.0,9.0,3.0,2.0,0.4,0.1,50.0,444,1406.4239939152037,0,0,35,0,35
78579,2.0,5.0,2.0,9.0,3.0,2.0,0.4,0.1,50.0,445,1408.0299923940047,0,0,35,0,35
78579,2.0,5.0,2.0,9.0,3.0,2.0,0.4,0.1,50.0,446,1410.0374904925059,0,0,36,0,36
78579,2.0,5.0,2.0,9.0,3.0,2.0,0.4,0.1,50.0,447,1422.5468631156323,0,0,35,0,35
78579,2.0,5.0,2.0,9.0,3.0,2.0,0.4,0.1,50.0,448,1438.1835788945405,0,0,35,0,35
78579,2.0,5.0,2.0,9.0,3.0,2.0,0.4,0.1,50.0,449,1457.7294736181757,0,0,36,0,36
78579,2.0,5.0,2.0,9.0,3.0,2.0,0.4,0.1,50.0,450,1462.1618420227196,0,0,36,0,36
78579,2.0,5.0,2.0,9.0,3.0,2.0,0.4,0.1,50.0,451,1477.7023025283995,0,0,37,0,37
78579,2.0,5.0,2.0,9.0,3.0,2.0,0.4,0.1,50.0,452,1477.1278781604994,0,0,40,0,40
78579,2.0,5.0,2.0,9.0,3.0,2.0,0.4,0.1,50.0,453,1446.4098477006244,0,0,40,0,40
78579,2.0,5.0,2.0,9.0,3.0,2.0,0.4,0.1,50.0,454,1418.0123096257805,0,0,40,0,40
78579,2.0,5.0,2.0,9.0,3.0,2.0,0.4,0.1,50.0,455,1392.5153870322256,0,0,40,0,40
78579,2.0,5.0,2.0,9.0,3.0,2.0,0.4,0.1,50.0,456,1350.644233790282,0,0,39,0,39
78579,2.0,5.0,2.0,9.0,3.0,2.0,0.4,0.1,50.0,457,1308.3052922378524,0,0,41,0,41
78579,2.0,5.0,2.0,9.0,3.0,2.0,0.4,0.1,50.0,458,1225.3816152973154,0,0,44,0,44
78579,2.0,5.0,2.0,9.0,3.0,2.0,0.4,0.1,50.0,459,1101.7270191216444,0,0,44,0,44
78579,2.0,5.0,2.0,9.0,3.0,2.0,0.4,0.1,50.0,460,937.1587739020556,0,0,47,0,47
78579,2.0,5.0,2.0,9.0,3.0,2.0,0.4,0.1,50.0,461,821.4484673775696,0,0,47,0,47
78579,2.0,5.0,2.0,9.0,3.0,2.0,0.4,0.1,50.0,462,876.810584221962,0,0,47,0,47
78579,2.0,5.0,2.0,9.0,3.0,2.0,0.4,0.1,50.0,463,936.0132302774525,0,0,47,0,47
78579,2.0,5.0,2.0,9.0,3.0,2.0,0.4,0.1,50.0,464,1030.0165378468157,0,0,46,0,46
78579,2.0,5.0,2.0,9.0,3.0,2.0,0.4,0.1,50.0,465,1167.5206723085196,0,0,46,0,46
78579,2.0,5.0,2.0,9.0,3.0,2.0,0.4,0.1,50.0,466,1349.4008403856494,0,0,45,0,45
78579,2.0,5.0,2.0,9.0,3.0,2.0,0.4,0.1,50.0,467,1516.7510504820618,0,0,45,0,45
78579,2.0,5.0,2.0,9.0,3.0,2.0,0.4,0.1,50.0,468,1635.9388131025773,0,0,46,0,46
78579,2.0,5.0,2.0,9.0,3.0,2.0,0.4,0.1,50.0,469,1714.9235163782216,0,0,44,0,44
78579,2.0,5.0,2.0,9.0,3.0,2.0,0.4,0.1,50.0,470,1783.6543954727772,0,0,45,0,45
78579,2.0,5.0,2.0,9.0,3.0,2.0,0.4,0.1,50.0,471,1779.5679943409714,0,0,45,0,45
78579,2.0,5.0,2.0,9.0,3.0,2.0,0.4,0.1,50.0,472,1774.459992926214,0,0,46,0,46
78579,2.0,5.0,2.0,9.0,3.0,2.0,0.4,0.1,50.0,473,1758.0749911577677,0,0,46,0,46
78579,2.0,5.0,2.0,9.0,3.0,2.0,0.4,0.1,50.0,474,1737.5937389472097,0,0,47,0,47
78579,2.0,5.0,2.0,9.0,3.0,2.0,0.4,0.1,50.0,475,1701.992173684012,0,0,47,0,47
78579,2.0,5.0,2.0,9.0,3.0,2.0,0.4,0.1,50.0,476,1667.4902171050148,0,0,47,0,47
78579,2.0,5.0,2.0,9.0,3.0,2.0,0.4,0.1,50.0,477,1614.3627713812684,0,0,50,0,50
78579,2.0,5.0,2.0,9.0,3.0,2.0,0.4,0.1,50.0,478,1527.9534642265855,0,0,52,0,52
78579,2.0,5.0,2.0,9.0,3.0,2.0,0.4,0.1,50.0,479,1399.9418302832319,0,0,56,0,56
78579,2.0,5.0,2.0,9.0,3.0,2.0,0.4,0.1,50.0,480,1199.9272878540398,0,0,56,0,56
78579,2.0,5.0,2.0,9.0,3.0,2.0,0.4,0.1,50.0,481,1039.9091098175497,0,0,58,0,58
78579,2.0,5.0,2.0,9.0,3.0,2.0,0.4,0.1,50.0,482,1019.8863872719371,0,0,57,0,57
78579,2.0,5.0,2.0,9.0,3.0,2.0,0.4,0.1,50.0,483,1094.8579840899215,0,0,58,0,58
78579,2.0,5.0,2.0,9.0,3.0,2.0,0.4,0.1,50.0,484,1138.572480112402,0,0,57,0,57
78579,2.0,5.0,2.0,9.0,3.0,2.0,0.4,0.1,50.0,485,1273.2156001405024,0,0,55,0,55
78579,2.0,5.0,2.0,9.0,3.0,2.0,0.4,0.1,50.0,486,1381.5195001756279,0,0,56,0,56
78579,2.0,5.0,2.0,9.0,3.0,2.0,0.4,0.1,50.0,487,1516.8993752195347,0,0,57,0,57
78579,2.0,5.0,2.0,9.0,3.0,2.0,0.4,0.1,50.0,488,1606.1242190244184,0,0,57,0,57
78579,2.0,5.0,2.0,9.0,3.0,2.0,0.4,0.1,50.0,489,1637.655273780523,0,0,58,0,58
78579,2.0,5.0,2.0,9.0,3.0,2.0,0.4,0.1,50.0,490,1637.0690922256538,0,0,58,0,58
78579,2.0,5.0,2.0,9.0,3.0,2.0,0.4,0.1,50.0,491,1566.3363652820672,0,0,60,0,60
78579,2.0,5.0,2.0,9.0,3.0,2.0,0.4,0.1,50.0,492,1437.920456602584,0,0,61,0,61
78579,2.0,5.0,2.0,9.0,3.0,2.0,0.4,0.1,50.0,493,1287.4005707532299,0,0,60,0,60
78579,2.0,5.0,2.0,9.0,3.0,2.0,0.4,0.1,50.0,494,1139.2507134415373,0,0,60,0,60
78579,2.0,5.0,2.0,9.0,3.0,2.0,0.4,0.1,50.0,495,1084.0633918019216,0,0,59,0,59
78579,2.0,5.0,2.0,9.0,3.0,2.0,0.4,0.1,50.0,496,1165.079239752402,0,0,60,0,60
78579,2.0,5.0,2.0,9.0,3.0,2.0,0.4,0.1,50.0,497,1206.3490496905024,0,0,60,0,60
78579,2.0,5.0,2.0,9.0,3.0,2.0,0.4,0.1,50.0,498,1287.936312113128,0,0,60,0,60
78579,2.0,5.0,2.0,9.0,3.0,2.0,0.4,0.1,50.0,499,1429.92039014141,0,0,58,0,58