Exp Num,agent:svo_convergence_factor,agent:params:metabolism,agent:params:consumption_factor,agent:params:procreate_cost_factor,agent:params:procreate_req_factor,agent:params:start_energy_factor,agent:params:caught_chance,agent:params:caught_cooldown_factor,agent:params:maximum_age,Epoch,Resource,A,B,C,D,E
82813,2.0,5.0,3.0,7.0,2.0,3.0,0.30000000000000004,0.30000000000000004,40.0,0,3500.0,13,27,13,31,69
82813,2.0,5.0,3.0,7.0,2.0,3.0,0.30000000000000004,0.30000000000000004,40.0,1,2950.0,13,27,13,31,69
82813,2.0,5.0,3.0,7.0,2.0,3.0,0.30000000000000004,0.30000000000000004,40.0,2,2727.5,13,27,13,31,69
82813,2.0,5.0,3.0,7.0,2.0,3.0,0.30000000000000004,0.30000000000000004,40.0,3,2824.375,13,27,13,31,69
82813,2.0,5.0,3.0,7.0,2.0,3.0,0.30000000000000004,0.30000000000000004,40.0,4,2900.46875,13,27,13,31,69
82813,2.0,5.0,3.0,7.0,2.0,3.0,0.30000000000000004,0.30000000000000004,40.0,5,3130.5859375,15,30,16,33,77
82813,2.0,5.0,3.0,7.0,2.0,3.0,0.30000000000000004,0.30000000000000004,40.0,6,3238.232421875,17,33,18,35,84
82813,2.0,5.0,3.0,7.0,2.0,3.0,0.30000000000000004,0.30000000000000004,40.0,7,3492.79052734375,17,35,20,35,88
82813,2.0,5.0,3.0,7.0,2.0,3.0,0.30000000000000004,0.30000000000000004,40.0,8,3765.9881591796875,16,35,21,30,88
82813,2.0,5.0,3.0,7.0,2.0,3.0,0.30000000000000004,0.30000000000000004,40.0,9,4017.4851989746094,15,37,25,31,93
82813,2.0,5.0,3.0,7.0,2.0,3.0,0.30000000000000004,0.30000000000000004,40.0,10,4271.856498718262,15,40,28,32,99
82813,2.0,5.0,3.0,7.0,2.0,3.0,0.30000000000000004,0.30000000000000004,40.0,11,4469.820623397827,16,36,28,24,95
82813,2.0,5.0,3.0,7.0,2.0,3.0,0.30000000000000004,0.30000000000000004,40.0,12,4612.275779247284,17,46,29,23,107
82813,2.0,5.0,3.0,7.0,2.0,3.0,0.30000000000000004,0.30000000000000004,40.0,13,4595.344724059105,19,55,34,24,124
82813,2.0,5.0,3.0,7.0,2.0,3.0,0.30000000000000004,0.30000000000000004,40.0,14,4334.180905073881,21,56,36,25,127
82813,2.0,5.0,3.0,7.0,2.0,3.0,0.30000000000000004,0.30000000000000004,40.0,15,4127.726131342351,18,61,37,26,130
82813,2.0,5.0,3.0,7.0,2.0,3.0,0.30000000000000004,0.30000000000000004,40.0,16,4259.657664177939,16,66,40,25,136
82813,2.0,5.0,3.0,7.0,2.0,3.0,0.30000000000000004,0.30000000000000004,40.0,17,4409.572080222424,16,68,43,26,141
82813,2.0,5.0,3.0,7.0,2.0,3.0,0.30000000000000004,0.30000000000000004,40.0,18,4761.96510027803,16,72,48,25,150
82813,2.0,5.0,3.0,7.0,2.0,3.0,0.30000000000000004,0.30000000000000004,40.0,19,5112.456375347538,15,76,51,24,156
82813,2.0,5.0,3.0,7.0,2.0,3.0,0.30000000000000004,0.30000000000000004,40.0,20,5340.570469184422,16,78,53,24,161
82813,2.0,5.0,3.0,7.0,2.0,3.0,0.30000000000000004,0.30000000000000004,40.0,21,5850.713086480528,17,81,58,23,170
82813,2.0,5.0,3.0,7.0,2.0,3.0,0.30000000000000004,0.30000000000000004,40.0,22,6338.39135810066,17,82,61,22,174
82813,2.0,5.0,3.0,7.0,2.0,3.0,0.30000000000000004,0.30000000000000004,40.0,23,6827.989197625825,16,82,63,21,175
82813,2.0,5.0,3.0,7.0,2.0,3.0,0.30000000000000004,0.30000000000000004,40.0,24,7349.9864970322815,17,89,65,19,185
82813,2.0,5.0,3.0,7.0,2.0,3.0,0.30000000000000004,0.30000000000000004,40.0,25,7822.483121290352,17,99,67,18,197
82813,2.0,5.0,3.0,7.0,2.0,3.0,0.30000000000000004,0.30000000000000004,40.0,26,8023.10390161294,17,108,71,15,210
82813,2.0,5.0,3.0,7.0,2.0,3.0,0.30000000000000004,0.30000000000000004,40.0,27,8215.0,14,115,74,12,217
82813,2.0,5.0,3.0,7.0,2.0,3.0,0.30000000000000004,0.30000000000000004,40.0,28,7930.0,13,122,82,11,230
82813,2.0,5.0,3.0,7.0,2.0,3.0,0.30000000000000004,0.30000000000000004,40.0,29,7287.5,12,135,93,11,253
82813,2.0,5.0,3.0,7.0,2.0,3.0,0.30000000000000004,0.30000000000000004,40.0,30,7024.375,12,145,96,10,266
82813,2.0,5.0,3.0,7.0,2.0,3.0,0.30000000000000004,0.30000000000000004,40.0,31,7220.46875,10,153,99,10,275
82813,2.0,5.0,3.0,7.0,2.0,3.0,0.30000000000000004,0.30000000000000004,40.0,32,7675.5859375,9,162,100,8,284
82813,2.0,5.0,3.0,7.0,2.0,3.0,0.30000000000000004,0.30000000000000004,40.0,33,8079.482421875,8,174,105,8,300
82813,2.0,5.0,3.0,7.0,2.0,3.0,0.30000000000000004,0.30000000000000004,40.0,34,8755.0,8,182,107,7,310
82813,2.0,5.0,3.0,7.0,2.0,3.0,0.30000000000000004,0.30000000000000004,40.0,35,8770.0,7,190,109,7,318
82813,2.0,5.0,3.0,7.0,2.0,3.0,0.30000000000000004,0.30000000000000004,40.0,36,8995.0,7,193,108,5,320
82813,2.0,5.0,3.0,7.0,2.0,3.0,0.30000000000000004,0.30000000000000004,40.0,37,9145.0,6,198,108,4,324
82813,2.0,5.0,3.0,7.0,2.0,3.0,0.30000000000000004,0.30000000000000004,40.0,38,9130.0,6,196,106,3,318
82813,2.0,5.0,3.0,7.0,2.0,3.0,0.30000000000000004,0.30000000000000004,40.0,39,9355.0,6,188,101,3,305
82813,2.0,5.0,3.0,7.0,2.0,3.0,0.30000000000000004,0.30000000000000004,40.0,40,9250.0,6,180,93,3,285
82813,2.0,5.0,3.0,7.0,2.0,3.0,0.30000000000000004,0.30000000000000004,40.0,41,9355.0,5,168,87,3,264
82813,2.0,5.0,3.0,7.0,2.0,3.0,0.30000000000000004,0.30000000000000004,40.0,42,9295.0,3,164,81,3,250
82813,2.0,5.0,3.0,7.0,2.0,3.0,0.30000000000000004,0.30000000000000004,40.0,43,9250.0,1,157,74,3,234
82813,2.0,5.0,3.0,7.0,2.0,3.0,0.30000000000000004,0.30000000000000004,40.0,44,9280.0,0,137,75,2,213
82813,2.0,5.0,3.0,7.0,2.0,3.0,0.30000000000000004,0.30000000000000004,40.0,45,8920.0,0,131,72,1,204
82813,2.0,5.0,3.0,7.0,2.0,3.0,0.30000000000000004,0.30000000000000004,40.0,46,8770.0,0,124,78,1,203
82813,2.0,5.0,3.0,7.0,2.0,3.0,0.30000000000000004,0.30000000000000004,40.0,47,8620.0,0,120,77,1,198
82813,2.0,5.0,3.0,7.0,2.0,3.0,0.30000000000000004,0.30000000000000004,40.0,48,8275.0,0,122,79,0,202
82813,2.0,5.0,3.0,7.0,2.0,3.0,0.30000000000000004,0.30000000000000004,40.0,49,7945.0,0,124,88,0,213
82813,2.0,5.0,3.0,7.0,2.0,3.0,0.30000000000000004,0.30000000000000004,40.0,50,7636.25,0,129,96,1,226
82813,2.0,5.0,3.0,7.0,2.0,3.0,0.30000000000000004,0.30000000000000004,40.0,51,6650.3125,0,143,112,1,256
82813,2.0,5.0,3.0,7.0,2.0,3.0,0.30000000000000004,0.30000000000000004,40.0,52,6557.890625,0,147,116,1,264
82813,2.0,5.0,3.0,7.0,2.0,3.0,0.30000000000000004,0.30000000000000004,40.0,53,6817.36328125,0,157,123,1,281
82813,2.0,5.0,3.0,7.0,2.0,3.0,0.30000000000000004,0.30000000000000004,40.0,54,7321.7041015625,0,163,126,1,290
82813,2.0,5.0,3.0,7.0,2.0,3.0,0.30000000000000004,0.30000000000000004,40.0,55,8042.130126953125,0,169,128,1,297
82813,2.0,5.0,3.0,7.0,2.0,3.0,0.30000000000000004,0.30000000000000004,40.0,56,8860.0,0,175,131,1,306
82813,2.0,5.0,3.0,7.0,2.0,3.0,0.30000000000000004,0.30000000000000004,40.0,57,8890.0,0,179,137,1,316
82813,2.0,5.0,3.0,7.0,2.0,3.0,0.30000000000000004,0.30000000000000004,40.0,58,9175.0,0,186,134,1,320
82813,2.0,5.0,3.0,7.0,2.0,3.0,0.30000000000000004,0.30000000000000004,40.0,59,9220.0,0,191,129,1,320
82813,2.0,5.0,3.0,7.0,2.0,3.0,0.30000000000000004,0.30000000000000004,40.0,60,9190.0,0,186,121,1,307
82813,2.0,5.0,3.0,7.0,2.0,3.0,0.30000000000000004,0.30000000000000004,40.0,61,9175.0,0,180,117,1,297
82813,2.0,5.0,3.0,7.0,2.0,3.0,0.30000000000000004,0.30000000000000004,40.0,62,9175.0,0,178,105,1,283
82813,2.0,5.0,3.0,7.0,2.0,3.0,0.30000000000000004,0.30000000000000004,40.0,63,9025.0,0,176,96,1,272
82813,2.0,5.0,3.0,7.0,2.0,3.0,0.30000000000000004,0.30000000000000004,40.0,64,8980.0,0,171,86,1,257
82813,2.0,5.0,3.0,7.0,2.0,3.0,0.30000000000000004,0.30000000000000004,40.0,65,8935.0,0,162,76,1,238
82813,2.0,5.0,3.0,7.0,2.0,3.0,0.30000000000000004,0.30000000000000004,40.0,66,8695.0,0,156,64,1,220
82813,2.0,5.0,3.0,7.0,2.0,3.0,0.30000000000000004,0.30000000000000004,40.0,67,8470.0,0,170,52,1,222
82813,2.0,5.0,3.0,7.0,2.0,3.0,0.30000000000000004,0.30000000000000004,40.0,68,8275.0,0,180,44,1,224
82813,2.0,5.0,3.0,7.0,2.0,3.0,0.30000000000000004,0.30000000000000004,40.0,69,7825.0,0,191,47,1,238
82813,2.0,5.0,3.0,7.0,2.0,3.0,0.30000000000000004,0.30000000000000004,40.0,70,7276.25,0,215,47,1,262
82813,2.0,5.0,3.0,7.0,2.0,3.0,0.30000000000000004,0.30000000000000004,40.0,71,7100.3125,0,234,38,1,272
82813,2.0,5.0,3.0,7.0,2.0,3.0,0.30000000000000004,0.30000000000000004,40.0,72,7285.390625,0,240,33,1,273
82813,2.0,5.0,3.0,7.0,2.0,3.0,0.30000000000000004,0.30000000000000004,40.0,73,7501.73828125,0,249,35,1,284
82813,2.0,5.0,3.0,7.0,2.0,3.0,0.30000000000000004,0.30000000000000004,40.0,74,7847.1728515625,0,263,33,1,296
82813,2.0,5.0,3.0,7.0,2.0,3.0,0.30000000000000004,0.30000000000000004,40.0,75,8443.966064453125,0,280,33,1,313
82813,2.0,5.0,3.0,7.0,2.0,3.0,0.30000000000000004,0.30000000000000004,40.0,76,8800.0,0,294,31,1,325
82813,2.0,5.0,3.0,7.0,2.0,3.0,0.30000000000000004,0.30000000000000004,40.0,77,9085.0,0,296,30,1,326
82813,2.0,5.0,3.0,7.0,2.0,3.0,0.30000000000000004,0.30000000000000004,40.0,78,9115.0,0,299,31,1,330
82813,2.0,5.0,3.0,7.0,2.0,3.0,0.30000000000000004,0.30000000000000004,40.0,79,9340.0,0,292,28,1,320
82813,2.0,5.0,3.0,7.0,2.0,3.0,0.30000000000000004,0.30000000000000004,40.0,80,9295.0,0,284,26,1,310
82813,2.0,5.0,3.0,7.0,2.0,3.0,0.30000000000000004,0.30000000000000004,40.0,81,9340.0,0,273,23,1,296
82813,2.0,5.0,3.0,7.0,2.0,3.0,0.30000000000000004,0.30000000000000004,40.0,82,9295.0,0,260,22,1,282
82813,2.0,5.0,3.0,7.0,2.0,3.0,0.30000000000000004,0.30000000000000004,40.0,83,9265.0,0,250,18,1,268
82813,2.0,5.0,3.0,7.0,2.0,3.0,0.30000000000000004,0.30000000000000004,40.0,84,9265.0,0,230,16,1,246
82813,2.0,5.0,3.0,7.0,2.0,3.0,0.30000000000000004,0.30000000000000004,40.0,85,9295.0,0,210,13,1,223
82813,2.0,5.0,3.0,7.0,2.0,3.0,0.30000000000000004,0.30000000000000004,40.0,86,9025.0,0,204,11,1,215
82813,2.0,5.0,3.0,7.0,2.0,3.0,0.30000000000000004,0.30000000000000004,40.0,87,8830.0,0,199,9,1,208
82813,2.0,5.0,3.0,7.0,2.0,3.0,0.30000000000000004,0.30000000000000004,40.0,88,8605.0,0,193,6,1,199
82813,2.0,5.0,3.0,7.0,2.0,3.0,0.30000000000000004,0.30000000000000004,40.0,89,8470.0,0,189,4,1,193
82813,2.0,5.0,3.0,7.0,2.0,3.0,0.30000000000000004,0.30000000000000004,40.0,90,8125.0,0,198,4,1,202
82813,2.0,5.0,3.0,7.0,2.0,3.0,0.30000000000000004,0.30000000000000004,40.0,91,7690.0,0,216,4,1,220
82813,2.0,5.0,3.0,7.0,2.0,3.0,0.30000000000000004,0.30000000000000004,40.0,92,6957.5,0,234,4,1,238
82813,2.0,5.0,3.0,7.0,2.0,3.0,0.30000000000000004,0.30000000000000004,40.0,93,6371.875,0,258,3,1,261
82813,2.0,5.0,3.0,7.0,2.0,3.0,0.30000000000000004,0.30000000000000004,40.0,94,6749.84375,0,268,3,1,271
82813,2.0,5.0,3.0,7.0,2.0,3.0,0.30000000000000004,0.30000000000000004,40.0,95,7042.3046875,0,277,4,1,281
82813,2.0,5.0,3.0,7.0,2.0,3.0,0.30000000000000004,0.30000000000000004,40.0,96,7662.880859375,0,285,5,0,290
82813,2.0,5.0,3.0,7.0,2.0,3.0,0.30000000000000004,0.30000000000000004,40.0,97,8558.60107421875,0,295,5,0,300
82813,2.0,5.0,3.0,7.0,2.0,3.0,0.30000000000000004,0.30000000000000004,40.0,98,8995.0,0,303,4,0,307
82813,2.0,5.0,3.0,7.0,2.0,3.0,0.30000000000000004,0.30000000000000004,40.0,99,8995.0,0,311,4,0,315
82813,2.0,5.0,3.0,7.0,2.0,3.0,0.30000000000000004,0.30000000000000004,40.0,100,8980.0,0,316,4,0,320
82813,2.0,5.0,3.0,7.0,2.0,3.0,0.30000000000000004,0.30000000000000004,40.0,101,9085.0,0,310,4,0,314
82813,2.0,5.0,3.0,7.0,2.0,3.0,0.30000000000000004,0.30000000000000004,40.0,102,9010.0,0,304,4,0,308
82813,2.0,5.0,3.0,7.0,2.0,3.0,0.30000000000000004,0.30000000000000004,40.0,103,8980.0,0,291,4,0,295
82813,2.0,5.0,3.0,7.0,2.0,3.0,0.30000000000000004,0.30000000000000004,40.0,104,8830.0,0,290,3,0,293
82813,2.0,5.0,3.0,7.0,2.0,3.0,0.30000000000000004,0.30000000000000004,40.0,105,8605.0,0,275,3,0,278
82813,2.0,5.0,3.0,7.0,2.0,3.0,0.30000000000000004,0.30000000000000004,40.0,106,8590.0,0,259,3,0,262
82813,2.0,5.0,3.0,7.0,2.0,3.0,0.30000000000000004,0.30000000000000004,40.0,107,8395.0,0,252,3,0,255
82813,2.0,5.0,3.0,7.0,2.0,3.0,0.30000000000000004,0.30000000000000004,40.0,108,8095.0,0,258,3,0,261
82813,2.0,5.0,3.0,7.0,2.0,3.0,0.30000000000000004,0.30000000000000004,40.0,109,7705.0,0,262,3,0,265
82813,2.0,5.0,3.0,7.0,2.0,3.0,0.30000000000000004,0.30000000000000004,40.0,110,7351.25,0,278,3,0,281
82813,2.0,5.0,3.0,7.0,2.0,3.0,0.30000000000000004,0.30000000000000004,40.0,111,7509.0625,0,285,3,0,288
82813,2.0,5.0,3.0,7.0,2.0,3.0,0.30000000000000004,0.30000000000000004,40.0,112,7856.328125,0,297,3,0,300
82813,2.0,5.0,3.0,7.0,2.0,3.0,0.30000000000000004,0.30000000000000004,40.0,113,8230.41015625,0,307,3,0,310
82813,2.0,5.0,3.0,7.0,2.0,3.0,0.30000000000000004,0.30000000000000004,40.0,114,8635.0,0,312,3,0,315
82813,2.0,5.0,3.0,7.0,2.0,3.0,0.30000000000000004,0.30000000000000004,40.0,115,8725.0,0,320,3,0,323
82813,2.0,5.0,3.0,7.0,2.0,3.0,0.30000000000000004,0.30000000000000004,40.0,116,8875.0,0,329,3,0,332
82813,2.0,5.0,3.0,7.0,2.0,3.0,0.30000000000000004,0.30000000000000004,40.0,117,9025.0,0,330,3,0,333
82813,2.0,5.0,3.0,7.0,2.0,3.0,0.30000000000000004,0.30000000000000004,40.0,118,9175.0,0,324,3,0,327
82813,2.0,5.0,3.0,7.0,2.0,3.0,0.30000000000000004,0.30000000000000004,40.0,119,9265.0,0,316,3,0,319
82813,2.0,5.0,3.0,7.0,2.0,3.0,0.30000000000000004,0.30000000000000004,40.0,120,9400.0,0,294,3,0,297
82813,2.0,5.0,3.0,7.0,2.0,3.0,0.30000000000000004,0.30000000000000004,40.0,121,9430.0,0,278,1,0,279
82813,2.0,5.0,3.0,7.0,2.0,3.0,0.30000000000000004,0.30000000000000004,40.0,122,9295.0,0,258,1,0,259
82813,2.0,5.0,3.0,7.0,2.0,3.0,0.30000000000000004,0.30000000000000004,40.0,123,9325.0,0,241,0,0,241
82813,2.0,5.0,3.0,7.0,2.0,3.0,0.30000000000000004,0.30000000000000004,40.0,124,9220.0,0,225,0,0,225
82813,2.0,5.0,3.0,7.0,2.0,3.0,0.30000000000000004,0.30000000000000004,40.0,125,9220.0,0,215,0,0,215
82813,2.0,5.0,3.0,7.0,2.0,3.0,0.30000000000000004,0.30000000000000004,40.0,126,8935.0,0,210,0,0,210
82813,2.0,5.0,3.0,7.0,2.0,3.0,0.30000000000000004,0.30000000000000004,40.0,127,8785.0,0,197,0,0,197
82813,2.0,5.0,3.0,7.0,2.0,3.0,0.30000000000000004,0.30000000000000004,40.0,128,8605.0,0,192,0,0,192
82813,2.0,5.0,3.0,7.0,2.0,3.0,0.30000000000000004,0.30000000000000004,40.0,129,8275.0,0,203,0,0,203
82813,2.0,5.0,3.0,7.0,2.0,3.0,0.30000000000000004,0.30000000000000004,40.0,130,7945.0,0,215,0,0,215
82813,2.0,5.0,3.0,7.0,2.0,3.0,0.30000000000000004,0.30000000000000004,40.0,131,7531.25,0,232,0,0,232
82813,2.0,5.0,3.0,7.0,2.0,3.0,0.30000000000000004,0.30000000000000004,40.0,132,6654.0625,0,259,0,0,259
82813,2.0,5.0,3.0,7.0,2.0,3.0,0.30000000000000004,0.30000000000000004,40.0,133,6472.578125,0,273,0,0,273
82813,2.0,5.0,3.0,7.0,2.0,3.0,0.30000000000000004,0.30000000000000004,40.0,134,6710.72265625,0,284,0,0,284
82813,2.0,5.0,3.0,7.0,2.0,3.0,0.30000000000000004,0.30000000000000004,40.0,135,6948.4033203125,0,293,0,0,293
82813,2.0,5.0,3.0,7.0,2.0,3.0,0.30000000000000004,0.30000000000000004,40.0,136,7515.504150390625,0,300,0,0,300
82813,2.0,5.0,3.0,7.0,2.0,3.0,0.30000000000000004,0.30000000000000004,40.0,137,8329.380187988281,0,305,0,0,305
82813,2.0,5.0,3.0,7.0,2.0,3.0,0.30000000000000004,0.30000000000000004,40.0,138,9025.0,0,311,0,0,311
82813,2.0,5.0,3.0,7.0,2.0,3.0,0.30000000000000004,0.30000000000000004,40.0,139,9070.0,0,312,0,0,312
82813,2.0,5.0,3.0,7.0,2.0,3.0,0.30000000000000004,0.30000000000000004,40.0,140,9025.0,0,315,0,0,315
82813,2.0,5.0,3.0,7.0,2.0,3.0,0.30000000000000004,0.30000000000000004,40.0,141,9160.0,0,312,0,0,312
82813,2.0,5.0,3.0,7.0,2.0,3.0,0.30000000000000004,0.30000000000000004,40.0,142,9025.0,0,304,0,0,304
82813,2.0,5.0,3.0,7.0,2.0,3.0,0.30000000000000004,0.30000000000000004,40.0,143,8935.0,0,291,0,0,291
82813,2.0,5.0,3.0,7.0,2.0,3.0,0.30000000000000004,0.30000000000000004,40.0,144,8905.0,0,286,0,0,286
82813,2.0,5.0,3.0,7.0,2.0,3.0,0.30000000000000004,0.30000000000000004,40.0,145,8680.0,0,275,0,0,275
82813,2.0,5.0,3.0,7.0,2.0,3.0,0.30000000000000004,0.30000000000000004,40.0,146,8710.0,0,265,0,0,265
82813,2.0,5.0,3.0,7.0,2.0,3.0,0.30000000000000004,0.30000000000000004,40.0,147,8395.0,0,259,0,0,259
82813,2.0,5.0,3.0,7.0,2.0,3.0,0.30000000000000004,0.30000000000000004,40.0,148,8320.0,0,255,0,0,255
82813,2.0,5.0,3.0,7.0,2.0,3.0,0.30000000000000004,0.30000000000000004,40.0,149,7960.0,0,262,0,0,262
82813,2.0,5.0,3.0,7.0,2.0,3.0,0.30000000000000004,0.30000000000000004,40.0,150,7520.0,0,266,0,0,266
82813,2.0,5.0,3.0,7.0,2.0,3.0,0.30000000000000004,0.30000000000000004,40.0,151,7405.0,0,284,0,0,284
82813,2.0,5.0,3.0,7.0,2.0,3.0,0.30000000000000004,0.30000000000000004,40.0,152,7696.25,0,293,0,0,293
82813,2.0,5.0,3.0,7.0,2.0,3.0,0.30000000000000004,0.30000000000000004,40.0,153,8015.3125,0,301,0,0,301
82813,2.0,5.0,3.0,7.0,2.0,3.0,0.30000000000000004,0.30000000000000004,40.0,154,8485.0,0,308,0,0,308
82813,2.0,5.0,3.0,7.0,2.0,3.0,0.30000000000000004,0.30000000000000004,40.0,155,8650.0,0,316,0,0,316
82813,2.0,5.0,3.0,7.0,2.0,3.0,0.30000000000000004,0.30000000000000004,40.0,156,8815.0,0,322,0,0,322
82813,2.0,5.0,3.0,7.0,2.0,3.0,0.30000000000000004,0.30000000000000004,40.0,157,8830.0,0,325,0,0,325
82813,2.0,5.0,3.0,7.0,2.0,3.0,0.30000000000000004,0.30000000000000004,40.0,158,9115.0,0,328,0,0,328
82813,2.0,5.0,3.0,7.0,2.0,3.0,0.30000000000000004,0.30000000000000004,40.0,159,9130.0,0,317,0,0,317
82813,2.0,5.0,3.0,7.0,2.0,3.0,0.30000000000000004,0.30000000000000004,40.0,160,9265.0,0,311,0,0,311
82813,2.0,5.0,3.0,7.0,2.0,3.0,0.30000000000000004,0.30000000000000004,40.0,161,9250.0,0,302,0,0,302
82813,2.0,5.0,3.0,7.0,2.0,3.0,0.30000000000000004,0.30000000000000004,40.0,162,9220.0,0,289,0,0,289
82813,2.0,5.0,3.0,7.0,2.0,3.0,0.30000000000000004,0.30000000000000004,40.0,163,9145.0,0,278,0,0,278
82813,2.0,5.0,3.0,7.0,2.0,3.0,0.30000000000000004,0.30000000000000004,40.0,164,9085.0,0,266,0,0,266
82813,2.0,5.0,3.0,7.0,2.0,3.0,0.30000000000000004,0.30000000000000004,40.0,165,9085.0,0,244,0,0,244
82813,2.0,5.0,3.0,7.0,2.0,3.0,0.30000000000000004,0.30000000000000004,40.0,166,8935.0,0,235,0,0,235
82813,2.0,5.0,3.0,7.0,2.0,3.0,0.30000000000000004,0.30000000000000004,40.0,167,8770.0,0,224,0,0,224
82813,2.0,5.0,3.0,7.0,2.0,3.0,0.30000000000000004,0.30000000000000004,40.0,168,8560.0,0,226,0,0,226
82813,2.0,5.0,3.0,7.0,2.0,3.0,0.30000000000000004,0.30000000000000004,40.0,169,8350.0,0,229,0,0,229
82813,2.0,5.0,3.0,7.0,2.0,3.0,0.30000000000000004,0.30000000000000004,40.0,170,8110.0,0,232,0,0,232
82813,2.0,5.0,3.0,7.0,2.0,3.0,0.30000000000000004,0.30000000000000004,40.0,171,7765.0,0,243,0,0,243
82813,2.0,5.0,3.0,7.0,2.0,3.0,0.30000000000000004,0.30000000000000004,40.0,172,7066.25,0,264,0,0,264
82813,2.0,5.0,3.0,7.0,2.0,3.0,0.30000000000000004,0.30000000000000004,40.0,173,6897.8125,0,277,0,0,277
82813,2.0,5.0,3.0,7.0,2.0,3.0,0.30000000000000004,0.30000000000000004,40.0,174,7032.265625,0,288,0,0,288
82813,2.0,5.0,3.0,7.0,2.0,3.0,0.30000000000000004,0.30000000000000004,40.0,175,7485.33203125,0,295,0,0,295
82813,2.0,5.0,3.0,7.0,2.0,3.0,0.30000000000000004,0.30000000000000004,40.0,176,8036.6650390625,0,301,0,0,301
82813,2.0,5.0,3.0,7.0,2.0,3.0,0.30000000000000004,0.30000000000000004,40.0,177,8755.0,0,312,0,0,312
82813,2.0,5.0,3.0,7.0,2.0,3.0,0.30000000000000004,0.30000000000000004,40.0,178,8875.0,0,320,0,0,320
82813,2.0,5.0,3.0,7.0,2.0,3.0,0.30000000000000004,0.30000000000000004,40.0,179,9145.0,0,324,0,0,324
82813,2.0,5.0,3.0,7.0,2.0,3.0,0.30000000000000004,0.30000000000000004,40.0,180,9130.0,0,321,0,0,321
82813,2.0,5.0,3.0,7.0,2.0,3.0,0.30000000000000004,0.30000000000000004,40.0,181,9205.0,0,315,0,0,315
82813,2.0,5.0,3.0,7.0,2.0,3.0,0.30000000000000004,0.30000000000000004,40.0,182,9160.0,0,308,0,0,308
82813,2.0,5.0,3.0,7.0,2.0,3.0,0.30000000000000004,0.30000000000000004,40.0,183,9250.0,0,291,0,0,291
82813,2.0,5.0,3.0,7.0,2.0,3.0,0.30000000000000004,0.30000000000000004,40.0,184,9175.0,0,282,0,0,282
82813,2.0,5.0,3.0,7.0,2.0,3.0,0.30000000000000004,0.30000000000000004,40.0,185,9100.0,0,268,0,0,268
82813,2.0,5.0,3.0,7.0,2.0,3.0,0.30000000000000004,0.30000000000000004,40.0,186,9025.0,0,249,0,0,249
82813,2.0,5.0,3.0,7.0,2.0,3.0,0.30000000000000004,0.30000000000000004,40.0,187,8935.0,0,229,0,0,229
82813,2.0,5.0,3.0,7.0,2.0,3.0,0.30000000000000004,0.30000000000000004,40.0,188,8710.0,0,223,0,0,223
82813,2.0,5.0,3.0,7.0,2.0,3.0,0.30000000000000004,0.30000000000000004,40.0,189,8410.0,0,225,0,0,225
82813,2.0,5.0,3.0,7.0,2.0,3.0,0.30000000000000004,0.30000000000000004,40.0,190,8215.0,0,225,0,0,225
82813,2.0,5.0,3.0,7.0,2.0,3.0,0.30000000000000004,0.30000000000000004,40.0,191,7900.0,0,240,0,0,240
82813,2.0,5.0,3.0,7.0,2.0,3.0,0.30000000000000004,0.30000000000000004,40.0,192,7445.0,0,263,0,0,263
82813,2.0,5.0,3.0,7.0,2.0,3.0,0.30000000000000004,0.30000000000000004,40.0,193,6981.25,0,278,0,0,278
82813,2.0,5.0,3.0,7.0,2.0,3.0,0.30000000000000004,0.30000000000000004,40.0,194,7166.5625,0,282,0,0,282
82813,2.0,5.0,3.0,7.0,2.0,3.0,0.30000000000000004,0.30000000000000004,40.0,195,7413.203125,0,294,0,0,294
82813,2.0,5.0,3.0,7.0,2.0,3.0,0.30000000000000004,0.30000000000000004,40.0,196,7901.50390625,0,301,0,0,301
82813,2.0,5.0,3.0,7.0,2.0,3.0,0.30000000000000004,0.30000000000000004,40.0,197,8556.8798828125,0,311,0,0,311
82813,2.0,5.0,3.0,7.0,2.0,3.0,0.30000000000000004,0.30000000000000004,40.0,198,8665.0,0,320,0,0,320
82813,2.0,5.0,3.0,7.0,2.0,3.0,0.30000000000000004,0.30000000000000004,40.0,199,8905.0,0,324,0,0,324
82813,2.0,5.0,3.0,7.0,2.0,3.0,0.30000000000000004,0.30000000000000004,40.0,200,8980.0,0,327,0,0,327
82813,2.0,5.0,3.0,7.0,2.0,3.0,0.30000000000000004,0.30000000000000004,40.0,201,9085.0,0,326,0,0,326
82813,2.0,5.0,3.0,7.0,2.0,3.0,0.30000000000000004,0.30000000000000004,40.0,202,9265.0,0,315,0,0,315
82813,2.0,5.0,3.0,7.0,2.0,3.0,0.30000000000000004,0.30000000000000004,40.0,203,9295.0,0,305,0,0,305
82813,2.0,5.0,3.0,7.0,2.0,3.0,0.30000000000000004,0.30000000000000004,40.0,204,9250.0,0,284,0,0,284
82813,2.0,5.0,3.0,7.0,2.0,3.0,0.30000000000000004,0.30000000000000004,40.0,205,9100.0,0,275,0,0,275
82813,2.0,5.0,3.0,7.0,2.0,3.0,0.30000000000000004,0.30000000000000004,40.0,206,9040.0,0,265,0,0,265
82813,2.0,5.0,3.0,7.0,2.0,3.0,0.30000000000000004,0.30000000000000004,40.0,207,9055.0,0,250,0,0,250
82813,2.0,5.0,3.0,7.0,2.0,3.0,0.30000000000000004,0.30000000000000004,40.0,208,8890.0,0,242,0,0,242
82813,2.0,5.0,3.0,7.0,2.0,3.0,0.30000000000000004,0.30000000000000004,40.0,209,8830.0,0,226,0,0,226
82813,2.0,5.0,3.0,7.0,2.0,3.0,0.30000000000000004,0.30000000000000004,40.0,210,8605.0,0,224,0,0,224
82813,2.0,5.0,3.0,7.0,2.0,3.0,0.30000000000000004,0.30000000000000004,40.0,211,8395.0,0,223,0,0,223
82813,2.0,5.0,3.0,7.0,2.0,3.0,0.30000000000000004,0.30000000000000004,40.0,212,8080.0,0,230,0,0,230
82813,2.0,5.0,3.0,7.0,2.0,3.0,0.30000000000000004,0.30000000000000004,40.0,213,7825.0,0,243,0,0,243
82813,2.0,5.0,3.0,7.0,2.0,3.0,0.30000000000000004,0.30000000000000004,40.0,214,7246.25,0,263,0,0,263
82813,2.0,5.0,3.0,7.0,2.0,3.0,0.30000000000000004,0.30000000000000004,40.0,215,6882.8125,0,277,0,0,277
82813,2.0,5.0,3.0,7.0,2.0,3.0,0.30000000000000004,0.30000000000000004,40.0,216,7058.515625,0,283,0,0,283
82813,2.0,5.0,3.0,7.0,2.0,3.0,0.30000000000000004,0.30000000000000004,40.0,217,7623.14453125,0,293,0,0,293
82813,2.0,5.0,3.0,7.0,2.0,3.0,0.30000000000000004,0.30000000000000004,40.0,218,8343.9306640625,0,301,0,0,301
82813,2.0,5.0,3.0,7.0,2.0,3.0,0.30000000000000004,0.30000000000000004,40.0,219,8800.0,0,307,0,0,307
82813,2.0,5.0,3.0,7.0,2.0,3.0,0.30000000000000004,0.30000000000000004,40.0,220,8815.0,0,315,0,0,315
82813,2.0,5.0,3.0,7.0,2.0,3.0,0.30000000000000004,0.30000000000000004,40.0,221,9085.0,0,323,0,0,323
82813,2.0,5.0,3.0,7.0,2.0,3.0,0.30000000000000004,0.30000000000000004,40.0,222,9130.0,0,322,0,0,322
82813,2.0,5.0,3.0,7.0,2.0,3.0,0.30000000000000004,0.30000000000000004,40.0,223,9205.0,0,313,0,0,313
82813,2.0,5.0,3.0,7.0,2.0,3.0,0.30000000000000004,0.30000000000000004,40.0,224,9205.0,0,304,0,0,304
82813,2.0,5.0,3.0,7.0,2.0,3.0,0.30000000000000004,0.30000000000000004,40.0,225,9070.0,0,298,0,0,298
82813,2.0,5.0,3.0,7.0,2.0,3.0,0.30000000000000004,0.30000000000000004,40.0,226,9055.0,0,287,0,0,287
82813,2.0,5.0,3.0,7.0,2.0,3.0,0.30000000000000004,0.30000000000000004,40.0,227,8845.0,0,272,0,0,272
82813,2.0,5.0,3.0,7.0,2.0,3.0,0.30000000000000004,0.30000000000000004,40.0,228,8920.0,0,251,0,0,251
82813,2.0,5.0,3.0,7.0,2.0,3.0,0.30000000000000004,0.30000000000000004,40.0,229,8725.0,0,234,0,0,234
82813,2.0,5.0,3.0,7.0,2.0,3.0,0.30000000000000004,0.30000000000000004,40.0,230,8560.0,0,230,0,0,230
82813,2.0,5.0,3.0,7.0,2.0,3.0,0.30000000000000004,0.30000000000000004,40.0,231,8170.0,0,236,0,0,236
82813,2.0,5.0,3.0,7.0,2.0,3.0,0.30000000000000004,0.30000000000000004,40.0,232,7915.0,0,246,0,0,246
82813,2.0,5.0,3.0,7.0,2.0,3.0,0.30000000000000004,0.30000000000000004,40.0,233,7478.75,0,264,0,0,264
82813,2.0,5.0,3.0,7.0,2.0,3.0,0.30000000000000004,0.30000000000000004,40.0,234,7173.4375,0,271,0,0,271
82813,2.0,5.0,3.0,7.0,2.0,3.0,0.30000000000000004,0.30000000000000004,40.0,235,7271.796875,0,284,0,0,284
82813,2.0,5.0,3.0,7.0,2.0,3.0,0.30000000000000004,0.30000000000000004,40.0,236,7544.74609375,0,294,0,0,294
82813,2.0,5.0,3.0,7.0,2.0,3.0,0.30000000000000004,0.30000000000000004,40.0,237,7825.9326171875,0,307,0,0,307
82813,2.0,5.0,3.0,7.0,2.0,3.0,0.30000000000000004,0.30000000000000004,40.0,238,8357.415771484375,0,321,0,0,321
82813,2.0,5.0,3.0,7.0,2.0,3.0,0.30000000000000004,0.30000000000000004,40.0,239,8860.0,0,329,0,0,329
82813,2.0,5.0,3.0,7.0,2.0,3.0,0.30000000000000004,0.30000000000000004,40.0,240,8935.0,0,332,0,0,332
82813,2.0,5.0,3.0,7.0,2.0,3.0,0.30000000000000004,0.30000000000000004,40.0,241,9130.0,0,329,0,0,329
82813,2.0,5.0,3.0,7.0,2.0,3.0,0.30000000000000004,0.30000000000000004,40.0,242,9175.0,0,327,0,0,327
82813,2.0,5.0,3.0,7.0,2.0,3.0,0.30000000000000004,0.30000000000000004,40.0,243,9340.0,0,323,0,0,323
82813,2.0,5.0,3.0,7.0,2.0,3.0,0.30000000000000004,0.30000000000000004,40.0,244,9370.0,0,304,0,0,304
82813,2.0,5.0,3.0,7.0,2.0,3.0,0.30000000000000004,0.30000000000000004,40.0,245,9265.0,0,292,0,0,292
82813,2.0,5.0,3.0,7.0,2.0,3.0,0.30000000000000004,0.30000000000000004,40.0,246,9280.0,0,271,0,0,271
82813,2.0,5.0,3.0,7.0,2.0,3.0,0.30000000000000004,0.30000000000000004,40.0,247,9265.0,0,251,0,0,251
82813,2.0,5.0,3.0,7.0,2.0,3.0,0.30000000000000004,0.30000000000000004,40.0,248,9160.0,0,231,0,0,231
82813,2.0,5.0,3.0,7.0,2.0,3.0,0.30000000000000004,0.30000000000000004,40.0,249,9085.0,0,212,0,0,212
82813,2.0,5.0,3.0,7.0,2.0,3.0,0.30000000000000004,0.30000000000000004,40.0,250,8770.0,0,203,0,0,203
82813,2.0,5.0,3.0,7.0,2.0,3.0,0.30000000000000004,0.30000000000000004,40.0,251,8560.0,0,202,0,0,202
82813,2.0,5.0,3.0,7.0,2.0,3.0,0.30000000000000004,0.30000000000000004,40.0,252,8230.0,0,211,0,0,211
82813,2.0,5.0,3.0,7.0,2.0,3.0,0.30000000000000004,0.30000000000000004,40.0,253,7990.0,0,216,0,0,216
82813,2.0,5.0,3.0,7.0,2.0,3.0,0.30000000000000004,0.30000000000000004,40.0,254,7632.5,0,231,0,0,231
82813,2.0,5.0,3.0,7.0,2.0,3.0,0.30000000000000004,0.30000000000000004,40.0,255,6750.625,0,258,0,0,258
82813,2.0,5.0,3.0,7.0,2.0,3.0,0.30000000000000004,0.30000000000000004,40.0,256,6503.28125,0,273,0,0,273
82813,2.0,5.0,3.0,7.0,2.0,3.0,0.30000000000000004,0.30000000000000004,40.0,257,6824.1015625,0,280,0,0,280
82813,2.0,5.0,3.0,7.0,2.0,3.0,0.30000000000000004,0.30000000000000004,40.0,258,7150.126953125,0,290,0,0,290
82813,2.0,5.0,3.0,7.0,2.0,3.0,0.30000000000000004,0.30000000000000004,40.0,259,7707.65869140625,0,299,0,0,299
82813,2.0,5.0,3.0,7.0,2.0,3.0,0.30000000000000004,0.30000000000000004,40.0,260,8389.573364257812,0,307,0,0,307
82813,2.0,5.0,3.0,7.0,2.0,3.0,0.30000000000000004,0.30000000000000004,40.0,261,9040.0,0,318,0,0,318
82813,2.0,5.0,3.0,7.0,2.0,3.0,0.30000000000000004,0.30000000000000004,40.0,262,9085.0,0,324,0,0,324
82813,2.0,5.0,3.0,7.0,2.0,3.0,0.30000000000000004,0.30000000000000004,40.0,263,9130.0,0,325,0,0,325
82813,2.0,5.0,3.0,7.0,2.0,3.0,0.30000000000000004,0.30000000000000004,40.0,264,9235.0,0,314,0,0,314
82813,2.0,5.0,3.0,7.0,2.0,3.0,0.30000000000000004,0.30000000000000004,40.0,265,9220.0,0,304,0,0,304
82813,2.0,5.0,3.0,7.0,2.0,3.0,0.30000000000000004,0.30000000000000004,40.0,266,9235.0,0,292,0,0,292
82813,2.0,5.0,3.0,7.0,2.0,3.0,0.30000000000000004,0.30000000000000004,40.0,267,9070.0,0,280,0,0,280
82813,2.0,5.0,3.0,7.0,2.0,3.0,0.30000000000000004,0.30000000000000004,40.0,268,9100.0,0,266,0,0,266
82813,2.0,5.0,3.0,7.0,2.0,3.0,0.30000000000000004,0.30000000000000004,40.0,269,8905.0,0,256,0,0,256
82813,2.0,5.0,3.0,7.0,2.0,3.0,0.30000000000000004,0.30000000000000004,40.0,270,8845.0,0,230,0,0,230
82813,2.0,5.0,3.0,7.0,2.0,3.0,0.30000000000000004,0.30000000000000004,40.0,271,8695.0,0,230,0,0,230
82813,2.0,5.0,3.0,7.0,2.0,3.0,0.30000000000000004,0.30000000000000004,40.0,272,8530.0,0,226,0,0,226
82813,2.0,5.0,3.0,7.0,2.0,3.0,0.30000000000000004,0.30000000000000004,40.0,273,8260.0,0,223,0,0,223
82813,2.0,5.0,3.0,7.0,2.0,3.0,0.30000000000000004,0.30000000000000004,40.0,274,7885.0,0,237,0,0,237
82813,2.0,5.0,3.0,7.0,2.0,3.0,0.30000000000000004,0.30000000000000004,40.0,275,7426.25,0,253,0,0,253
82813,2.0,5.0,3.0,7.0,2.0,3.0,0.30000000000000004,0.30000000000000004,40.0,276,6942.8125,0,273,0,0,273
82813,2.0,5.0,3.0,7.0,2.0,3.0,0.30000000000000004,0.30000000000000004,40.0,277,6983.515625,0,283,0,0,283
82813,2.0,5.0,3.0,7.0,2.0,3.0,0.30000000000000004,0.30000000000000004,40.0,278,7514.39453125,0,284,0,0,284
82813,2.0,5.0,3.0,7.0,2.0,3.0,0.30000000000000004,0.30000000000000004,40.0,279,7952.9931640625,0,294,0,0,294
82813,2.0,5.0,3.0,7.0,2.0,3.0,0.30000000000000004,0.30000000000000004,40.0,280,8546.241455078125,0,307,0,0,307
82813,2.0,5.0,3.0,7.0,2.0,3.0,0.30000000000000004,0.30000000000000004,40.0,281,8695.0,0,317,0,0,317
82813,2.0,5.0,3.0,7.0,2.0,3.0,0.30000000000000004,0.30000000000000004,40.0,282,8890.0,0,325,0,0,325
82813,2.0,5.0,3.0,7.0,2.0,3.0,0.30000000000000004,0.30000000000000004,40.0,283,9175.0,0,328,0,0,328
82813,2.0,5.0,3.0,7.0,2.0,3.0,0.30000000000000004,0.30000000000000004,40.0,284,9205.0,0,323,0,0,323
82813,2.0,5.0,3.0,7.0,2.0,3.0,0.30000000000000004,0.30000000000000004,40.0,285,9160.0,0,317,0,0,317
82813,2.0,5.0,3.0,7.0,2.0,3.0,0.30000000000000004,0.30000000000000004,40.0,286,9295.0,0,299,0,0,299
82813,2.0,5.0,3.0,7.0,2.0,3.0,0.30000000000000004,0.30000000000000004,40.0,287,9160.0,0,280,0,0,280
82813,2.0,5.0,3.0,7.0,2.0,3.0,0.30000000000000004,0.30000000000000004,40.0,288,9220.0,0,272,0,0,272
82813,2.0,5.0,3.0,7.0,2.0,3.0,0.30000000000000004,0.30000000000000004,40.0,289,9175.0,0,261,0,0,261
82813,2.0,5.0,3.0,7.0,2.0,3.0,0.30000000000000004,0.30000000000000004,40.0,290,9025.0,0,236,0,0,236
82813,2.0,5.0,3.0,7.0,2.0,3.0,0.30000000000000004,0.30000000000000004,40.0,291,8980.0,0,221,0,0,221
82813,2.0,5.0,3.0,7.0,2.0,3.0,0.30000000000000004,0.30000000000000004,40.0,292,8875.0,0,216,0,0,216
82813,2.0,5.0,3.0,7.0,2.0,3.0,0.30000000000000004,0.30000000000000004,40.0,293,8620.0,0,215,0,0,215
82813,2.0,5.0,3.0,7.0,2.0,3.0,0.30000000000000004,0.30000000000000004,40.0,294,8305.0,0,223,0,0,223
82813,2.0,5.0,3.0,7.0,2.0,3.0,0.30000000000000004,0.30000000000000004,40.0,295,8110.0,0,230,0,0,230
82813,2.0,5.0,3.0,7.0,2.0,3.0,0.30000000000000004,0.30000000000000004,40.0,296,7795.0,0,245,0,0,245
82813,2.0,5.0,3.0,7.0,2.0,3.0,0.30000000000000004,0.30000000000000004,40.0,297,7058.75,0,263,0,0,263
82813,2.0,5.0,3.0,7.0,2.0,3.0,0.30000000000000004,0.30000000000000004,40.0,298,6798.4375,0,274,0,0,274
82813,2.0,5.0,3.0,7.0,2.0,3.0,0.30000000000000004,0.30000000000000004,40.0,299,7118.046875,0,280,0,0,280
82813,2.0,5.0,3.0,7.0,2.0,3.0,0.30000000000000004,0.30000000000000004,40.0,300,7457.55859375,0,296,0,0,296
82813,2.0,5.0,3.0,7.0,2.0,3.0,0.30000000000000004,0.30000000000000004,40.0,301,7956.9482421875,0,302,0,0,302
82813,2.0,5.0,3.0,7.0,2.0,3.0,0.30000000000000004,0.30000000000000004,40.0,302,8656.185302734375,0,309,0,0,309
82813,2.0,5.0,3.0,7.0,2.0,3.0,0.30000000000000004,0.30000000000000004,40.0,303,8545.0,0,321,0,0,321
82813,2.0,5.0,3.0,7.0,2.0,3.0,0.30000000000000004,0.30000000000000004,40.0,304,8935.0,0,325,0,0,325
82813,2.0,5.0,3.0,7.0,2.0,3.0,0.30000000000000004,0.30000000000000004,40.0,305,8980.0,0,330,0,0,330
82813,2.0,5.0,3.0,7.0,2.0,3.0,0.30000000000000004,0.30000000000000004,40.0,306,9070.0,0,327,0,0,327
82813,2.0,5.0,3.0,7.0,2.0,3.0,0.30000000000000004,0.30000000000000004,40.0,307,9085.0,0,316,0,0,316
82813,2.0,5.0,3.0,7.0,2.0,3.0,0.30000000000000004,0.30000000000000004,40.0,308,9265.0,0,305,0,0,305
82813,2.0,5.0,3.0,7.0,2.0,3.0,0.30000000000000004,0.30000000000000004,40.0,309,9265.0,0,286,0,0,286
82813,2.0,5.0,3.0,7.0,2.0,3.0,0.30000000000000004,0.30000000000000004,40.0,310,9175.0,0,274,0,0,274
82813,2.0,5.0,3.0,7.0,2.0,3.0,0.30000000000000004,0.30000000000000004,40.0,311,9085.0,0,261,0,0,261
82813,2.0,5.0,3.0,7.0,2.0,3.0,0.30000000000000004,0.30000000000000004,40.0,312,9205.0,0,237,0,0,237
82813,2.0,5.0,3.0,7.0,2.0,3.0,0.30000000000000004,0.30000000000000004,40.0,313,9010.0,0,232,0,0,232
82813,2.0,5.0,3.0,7.0,2.0,3.0,0.30000000000000004,0.30000000000000004,40.0,314,8935.0,0,219,0,0,219
82813,2.0,5.0,3.0,7.0,2.0,3.0,0.30000000000000004,0.30000000000000004,40.0,315,8770.0,0,214,0,0,214
82813,2.0,5.0,3.0,7.0,2.0,3.0,0.30000000000000004,0.30000000000000004,40.0,316,8455.0,0,212,0,0,212
82813,2.0,5.0,3.0,7.0,2.0,3.0,0.30000000000000004,0.30000000000000004,40.0,317,8080.0,0,222,0,0,222
82813,2.0,5.0,3.0,7.0,2.0,3.0,0.30000000000000004,0.30000000000000004,40.0,318,7720.0,0,239,0,0,239
82813,2.0,5.0,3.0,7.0,2.0,3.0,0.30000000000000004,0.30000000000000004,40.0,319,7055.0,0,260,0,0,260
82813,2.0,5.0,3.0,7.0,2.0,3.0,0.30000000000000004,0.30000000000000004,40.0,320,6733.75,0,270,0,0,270
82813,2.0,5.0,3.0,7.0,2.0,3.0,0.30000000000000004,0.30000000000000004,40.0,321,6782.1875,0,279,0,0,279
82813,2.0,5.0,3.0,7.0,2.0,3.0,0.30000000000000004,0.30000000000000004,40.0,322,6902.734375,0,295,0,0,295
82813,2.0,5.0,3.0,7.0,2.0,3.0,0.30000000000000004,0.30000000000000004,40.0,323,7398.41796875,0,301,0,0,301
82813,2.0,5.0,3.0,7.0,2.0,3.0,0.30000000000000004,0.30000000000000004,40.0,324,8258.0224609375,0,308,0,0,308
82813,2.0,5.0,3.0,7.0,2.0,3.0,0.30000000000000004,0.30000000000000004,40.0,325,8935.0,0,316,0,0,316
82813,2.0,5.0,3.0,7.0,2.0,3.0,0.30000000000000004,0.30000000000000004,40.0,326,8980.0,0,323,0,0,323
82813,2.0,5.0,3.0,7.0,2.0,3.0,0.30000000000000004,0.30000000000000004,40.0,327,9100.0,0,328,0,0,328
82813,2.0,5.0,3.0,7.0,2.0,3.0,0.30000000000000004,0.30000000000000004,40.0,328,9145.0,0,326,0,0,326
82813,2.0,5.0,3.0,7.0,2.0,3.0,0.30000000000000004,0.30000000000000004,40.0,329,9250.0,0,313,0,0,313
82813,2.0,5.0,3.0,7.0,2.0,3.0,0.30000000000000004,0.30000000000000004,40.0,330,9145.0,0,296,0,0,296
82813,2.0,5.0,3.0,7.0,2.0,3.0,0.30000000000000004,0.30000000000000004,40.0,331,9235.0,0,276,0,0,276
82813,2.0,5.0,3.0,7.0,2.0,3.0,0.30000000000000004,0.30000000000000004,40.0,332,9085.0,0,261,0,0,261
82813,2.0,5.0,3.0,7.0,2.0,3.0,0.30000000000000004,0.30000000000000004,40.0,333,9085.0,0,250,0,0,250
82813,2.0,5.0,3.0,7.0,2.0,3.0,0.30000000000000004,0.30000000000000004,40.0,334,8965.0,0,237,0,0,237
82813,2.0,5.0,3.0,7.0,2.0,3.0,0.30000000000000004,0.30000000000000004,40.0,335,8890.0,0,225,0,0,225
82813,2.0,5.0,3.0,7.0,2.0,3.0,0.30000000000000004,0.30000000000000004,40.0,336,8755.0,0,219,0,0,219
82813,2.0,5.0,3.0,7.0,2.0,3.0,0.30000000000000004,0.30000000000000004,40.0,337,8515.0,0,215,0,0,215
82813,2.0,5.0,3.0,7.0,2.0,3.0,0.30000000000000004,0.30000000000000004,40.0,338,8170.0,0,222,0,0,222
82813,2.0,5.0,3.0,7.0,2.0,3.0,0.30000000000000004,0.30000000000000004,40.0,339,7930.0,0,229,0,0,229
82813,2.0,5.0,3.0,7.0,2.0,3.0,0.30000000000000004,0.30000000000000004,40.0,340,7437.5,0,256,0,0,256
82813,2.0,5.0,3.0,7.0,2.0,3.0,0.30000000000000004,0.30000000000000004,40.0,341,6911.875,0,271,0,0,271
82813,2.0,5.0,3.0,7.0,2.0,3.0,0.30000000000000004,0.30000000000000004,40.0,342,6944.84375,0,286,0,0,286
82813,2.0,5.0,3.0,7.0,2.0,3.0,0.30000000000000004,0.30000000000000004,40.0,343,7151.0546875,0,294,0,0,294
82813,2.0,5.0,3.0,7.0,2.0,3.0,0.30000000000000004,0.30000000000000004,40.0,344,7738.818359375,0,298,0,0,298
82813,2.0,5.0,3.0,7.0,2.0,3.0,0.30000000000000004,0.30000000000000004,40.0,345,8398.52294921875,0,303,0,0,303
82813,2.0,5.0,3.0,7.0,2.0,3.0,0.30000000000000004,0.30000000000000004,40.0,346,8695.0,0,314,0,0,314
82813,2.0,5.0,3.0,7.0,2.0,3.0,0.30000000000000004,0.30000000000000004,40.0,347,8725.0,0,324,0,0,324
82813,2.0,5.0,3.0,7.0,2.0,3.0,0.30000000000000004,0.30000000000000004,40.0,348,9115.0,0,328,0,0,328
82813,2.0,5.0,3.0,7.0,2.0,3.0,0.30000000000000004,0.30000000000000004,40.0,349,9145.0,0,325,0,0,325
82813,2.0,5.0,3.0,7.0,2.0,3.0,0.30000000000000004,0.30000000000000004,40.0,350,9310.0,0,318,0,0,318
82813,2.0,5.0,3.0,7.0,2.0,3.0,0.30000000000000004,0.30000000000000004,40.0,351,9325.0,0,304,0,0,304
82813,2.0,5.0,3.0,7.0,2.0,3.0,0.30000000000000004,0.30000000000000004,40.0,352,9310.0,0,292,0,0,292
82813,2.0,5.0,3.0,7.0,2.0,3.0,0.30000000000000004,0.30000000000000004,40.0,353,9280.0,0,269,0,0,269
82813,2.0,5.0,3.0,7.0,2.0,3.0,0.30000000000000004,0.30000000000000004,40.0,354,9130.0,0,261,0,0,261
82813,2.0,5.0,3.0,7.0,2.0,3.0,0.30000000000000004,0.30000000000000004,40.0,355,9100.0,0,247,0,0,247
82813,2.0,5.0,3.0,7.0,2.0,3.0,0.30000000000000004,0.30000000000000004,40.0,356,8980.0,0,227,0,0,227
82813,2.0,5.0,3.0,7.0,2.0,3.0,0.30000000000000004,0.30000000000000004,40.0,357,8890.0,0,213,0,0,213
82813,2.0,5.0,3.0,7.0,2.0,3.0,0.30000000000000004,0.30000000000000004,40.0,358,8665.0,0,211,0,0,211
82813,2.0,5.0,3.0,7.0,2.0,3.0,0.30000000000000004,0.30000000000000004,40.0,359,8350.0,0,212,0,0,212
82813,2.0,5.0,3.0,7.0,2.0,3.0,0.30000000000000004,0.30000000000000004,40.0,360,8035.0,0,219,0,0,219
82813,2.0,5.0,3.0,7.0,2.0,3.0,0.30000000000000004,0.30000000000000004,40.0,361,7765.0,0,229,0,0,229
82813,2.0,5.0,3.0,7.0,2.0,3.0,0.30000000000000004,0.30000000000000004,40.0,362,7066.25,0,254,0,0,254
82813,2.0,5.0,3.0,7.0,2.0,3.0,0.30000000000000004,0.30000000000000004,40.0,363,6687.8125,0,270,0,0,270
82813,2.0,5.0,3.0,7.0,2.0,3.0,0.30000000000000004,0.30000000000000004,40.0,364,7009.765625,0,273,0,0,273
82813,2.0,5.0,3.0,7.0,2.0,3.0,0.30000000000000004,0.30000000000000004,40.0,365,7457.20703125,0,285,0,0,285
82813,2.0,5.0,3.0,7.0,2.0,3.0,0.30000000000000004,0.30000000000000004,40.0,366,7971.5087890625,0,298,0,0,298
82813,2.0,5.0,3.0,7.0,2.0,3.0,0.30000000000000004,0.30000000000000004,40.0,367,8764.385986328125,0,310,0,0,310
82813,2.0,5.0,3.0,7.0,2.0,3.0,0.30000000000000004,0.30000000000000004,40.0,368,8890.0,0,321,0,0,321
82813,2.0,5.0,3.0,7.0,2.0,3.0,0.30000000000000004,0.30000000000000004,40.0,369,9025.0,0,322,0,0,322
82813,2.0,5.0,3.0,7.0,2.0,3.0,0.30000000000000004,0.30000000000000004,40.0,370,9145.0,0,326,0,0,326
82813,2.0,5.0,3.0,7.0,2.0,3.0,0.30000000000000004,0.30000000000000004,40.0,371,9025.0,0,321,0,0,321
82813,2.0,5.0,3.0,7.0,2.0,3.0,0.30000000000000004,0.30000000000000004,40.0,372,9265.0,0,315,0,0,315
82813,2.0,5.0,3.0,7.0,2.0,3.0,0.30000000000000004,0.30000000000000004,40.0,373,9325.0,0,297,0,0,297
82813,2.0,5.0,3.0,7.0,2.0,3.0,0.30000000000000004,0.30000000000000004,40.0,374,9085.0,0,284,0,0,284
82813,2.0,5.0,3.0,7.0,2.0,3.0,0.30000000000000004,0.30000000000000004,40.0,375,9130.0,0,263,0,0,263
82813,2.0,5.0,3.0,7.0,2.0,3.0,0.30000000000000004,0.30000000000000004,40.0,376,9070.0,0,240,0,0,240
82813,2.0,5.0,3.0,7.0,2.0,3.0,0.30000000000000004,0.30000000000000004,40.0,377,8920.0,0,230,0,0,230
82813,2.0,5.0,3.0,7.0,2.0,3.0,0.30000000000000004,0.30000000000000004,40.0,378,8860.0,0,220,0,0,220
82813,2.0,5.0,3.0,7.0,2.0,3.0,0.30000000000000004,0.30000000000000004,40.0,379,8725.0,0,217,0,0,217
82813,2.0,5.0,3.0,7.0,2.0,3.0,0.30000000000000004,0.30000000000000004,40.0,380,8440.0,0,217,0,0,217
82813,2.0,5.0,3.0,7.0,2.0,3.0,0.30000000000000004,0.30000000000000004,40.0,381,8080.0,0,228,0,0,228
82813,2.0,5.0,3.0,7.0,2.0,3.0,0.30000000000000004,0.30000000000000004,40.0,382,7870.0,0,235,0,0,235
82813,2.0,5.0,3.0,7.0,2.0,3.0,0.30000000000000004,0.30000000000000004,40.0,383,7317.5,0,259,0,0,259
82813,2.0,5.0,3.0,7.0,2.0,3.0,0.30000000000000004,0.30000000000000004,40.0,384,6926.875,0,275,0,0,275
82813,2.0,5.0,3.0,7.0,2.0,3.0,0.30000000000000004,0.30000000000000004,40.0,385,7023.59375,0,283,0,0,283
82813,2.0,5.0,3.0,7.0,2.0,3.0,0.30000000000000004,0.30000000000000004,40.0,386,7519.4921875,0,289,0,0,289
82813,2.0,5.0,3.0,7.0,2.0,3.0,0.30000000000000004,0.30000000000000004,40.0,387,8019.365234375,0,300,0,0,300
82813,2.0,5.0,3.0,7.0,2.0,3.0,0.30000000000000004,0.30000000000000004,40.0,388,8755.0,0,306,0,0,306
82813,2.0,5.0,3.0,7.0,2.0,3.0,0.30000000000000004,0.30000000000000004,40.0,389,8815.0,0,317,0,0,317
82813,2.0,5.0,3.0,7.0,2.0,3.0,0.30000000000000004,0.30000000000000004,40.0,390,8950.0,0,321,0,0,321
82813,2.0,5.0,3.0,7.0,2.0,3.0,0.30000000000000004,0.30000000000000004,40.0,391,9025.0,0,322,0,0,322
82813,2.0,5.0,3.0,7.0,2.0,3.0,0.30000000000000004,0.30000000000000004,40.0,392,9205.0,0,318,0,0,318
82813,2.0,5.0,3.0,7.0,2.0,3.0,0.30000000000000004,0.30000000000000004,40.0,393,9130.0,0,307,0,0,307
82813,2.0,5.0,3.0,7.0,2.0,3.0,0.30000000000000004,0.30000000000000004,40.0,394,9055.0,0,296,0,0,296
82813,2.0,5.0,3.0,7.0,2.0,3.0,0.30000000000000004,0.30000000000000004,40.0,395,9085.0,0,285,0,0,285
82813,2.0,5.0,3.0,7.0,2.0,3.0,0.30000000000000004,0.30000000000000004,40.0,396,9040.0,0,269,0,0,269
82813,2.0,5.0,3.0,7.0,2.0,3.0,0.30000000000000004,0.30000000000000004,40.0,397,8920.0,0,257,0,0,257
82813,2.0,5.0,3.0,7.0,2.0,3.0,0.30000000000000004,0.30000000000000004,40.0,398,8860.0,0,247,0,0,247
82813,2.0,5.0,3.0,7.0,2.0,3.0,0.30000000000000004,0.30000000000000004,40.0,399,8710.0,0,238,0,0,238
82813,2.0,5.0,3.0,7.0,2.0,3.0,0.30000000000000004,0.30000000000000004,40.0,400,8485.0,0,235,0,0,235
82813,2.0,5.0,3.0,7.0,2.0,3.0,0.30000000000000004,0.30000000000000004,40.0,401,8230.0,0,241,0,0,241
82813,2.0,5.0,3.0,7.0,2.0,3.0,0.30000000000000004,0.30000000000000004,40.0,402,8005.0,0,251,0,0,251
82813,2.0,5.0,3.0,7.0,2.0,3.0,0.30000000000000004,0.30000000000000004,40.0,403,7525.0,0,265,0,0,265
82813,2.0,5.0,3.0,7.0,2.0,3.0,0.30000000000000004,0.30000000000000004,40.0,404,7216.25,0,275,0,0,275
82813,2.0,5.0,3.0,7.0,2.0,3.0,0.30000000000000004,0.30000000000000004,40.0,405,7325.3125,0,286,0,0,286
82813,2.0,5.0,3.0,7.0,2.0,3.0,0.30000000000000004,0.30000000000000004,40.0,406,7521.640625,0,296,0,0,296
82813,2.0,5.0,3.0,7.0,2.0,3.0,0.30000000000000004,0.30000000000000004,40.0,407,7962.05078125,0,308,0,0,308
82813,2.0,5.0,3.0,7.0,2.0,3.0,0.30000000000000004,0.30000000000000004,40.0,408,8812.5634765625,0,315,0,0,315
82813,2.0,5.0,3.0,7.0,2.0,3.0,0.30000000000000004,0.30000000000000004,40.0,409,8830.0,0,322,0,0,322
82813,2.0,5.0,3.0,7.0,2.0,3.0,0.30000000000000004,0.30000000000000004,40.0,410,9025.0,0,324,0,0,324
82813,2.0,5.0,3.0,7.0,2.0,3.0,0.30000000000000004,0.30000000000000004,40.0,411,9055.0,0,327,0,0,327
82813,2.0,5.0,3.0,7.0,2.0,3.0,0.30000000000000004,0.30000000000000004,40.0,412,9235.0,0,321,0,0,321
82813,2.0,5.0,3.0,7.0,2.0,3.0,0.30000000000000004,0.30000000000000004,40.0,413,9220.0,0,313,0,0,313
82813,2.0,5.0,3.0,7.0,2.0,3.0,0.30000000000000004,0.30000000000000004,40.0,414,9205.0,0,299,0,0,299
82813,2.0,5.0,3.0,7.0,2.0,3.0,0.30000000000000004,0.30000000000000004,40.0,415,9085.0,0,280,0,0,280
82813,2.0,5.0,3.0,7.0,2.0,3.0,0.30000000000000004,0.30000000000000004,40.0,416,8950.0,0,273,0,0,273
82813,2.0,5.0,3.0,7.0,2.0,3.0,0.30000000000000004,0.30000000000000004,40.0,417,8965.0,0,260,0,0,260
82813,2.0,5.0,3.0,7.0,2.0,3.0,0.30000000000000004,0.30000000000000004,40.0,418,8830.0,0,245,0,0,245
82813,2.0,5.0,3.0,7.0,2.0,3.0,0.30000000000000004,0.30000000000000004,40.0,419,8770.0,0,238,0,0,238
82813,2.0,5.0,3.0,7.0,2.0,3.0,0.30000000000000004,0.30000000000000004,40.0,420,8455.0,0,235,0,0,235
82813,2.0,5.0,3.0,7.0,2.0,3.0,0.30000000000000004,0.30000000000000004,40.0,421,8275.0,0,239,0,0,239
82813,2.0,5.0,3.0,7.0,2.0,3.0,0.30000000000000004,0.30000000000000004,40.0,422,7945.0,0,242,0,0,242
82813,2.0,5.0,3.0,7.0,2.0,3.0,0.30000000000000004,0.30000000000000004,40.0,423,7606.25,0,260,0,0,260
82813,2.0,5.0,3.0,7.0,2.0,3.0,0.30000000000000004,0.30000000000000004,40.0,424,7122.8125,0,276,0,0,276
82813,2.0,5.0,3.0,7.0,2.0,3.0,0.30000000000000004,0.30000000000000004,40.0,425,7148.515625,0,281,0,0,281
82813,2.0,5.0,3.0,7.0,2.0,3.0,0.30000000000000004,0.30000000000000004,40.0,426,7555.64453125,0,297,0,0,297
82813,2.0,5.0,3.0,7.0,2.0,3.0,0.30000000000000004,0.30000000000000004,40.0,427,8124.5556640625,0,305,0,0,305
82813,2.0,5.0,3.0,7.0,2.0,3.0,0.30000000000000004,0.30000000000000004,40.0,428,8785.0,0,312,0,0,312
82813,2.0,5.0,3.0,7.0,2.0,3.0,0.30000000000000004,0.30000000000000004,40.0,429,8995.0,0,318,0,0,318
82813,2.0,5.0,3.0,7.0,2.0,3.0,0.30000000000000004,0.30000000000000004,40.0,430,9055.0,0,320,0,0,320
82813,2.0,5.0,3.0,7.0,2.0,3.0,0.30000000000000004,0.30000000000000004,40.0,431,9070.0,0,319,0,0,319
82813,2.0,5.0,3.0,7.0,2.0,3.0,0.30000000000000004,0.30000000000000004,40.0,432,9220.0,0,321,0,0,321
82813,2.0,5.0,3.0,7.0,2.0,3.0,0.30000000000000004,0.30000000000000004,40.0,433,9115.0,0,310,0,0,310
82813,2.0,5.0,3.0,7.0,2.0,3.0,0.30000000000000004,0.30000000000000004,40.0,434,9115.0,0,296,0,0,296
82813,2.0,5.0,3.0,7.0,2.0,3.0,0.30000000000000004,0.30000000000000004,40.0,435,9085.0,0,287,0,0,287
82813,2.0,5.0,3.0,7.0,2.0,3.0,0.30000000000000004,0.30000000000000004,40.0,436,8935.0,0,267,0,0,267
82813,2.0,5.0,3.0,7.0,2.0,3.0,0.30000000000000004,0.30000000000000004,40.0,437,8950.0,0,260,0,0,260
82813,2.0,5.0,3.0,7.0,2.0,3.0,0.30000000000000004,0.30000000000000004,40.0,438,8725.0,0,248,0,0,248
82813,2.0,5.0,3.0,7.0,2.0,3.0,0.30000000000000004,0.30000000000000004,40.0,439,8605.0,0,229,0,0,229
82813,2.0,5.0,3.0,7.0,2.0,3.0,0.30000000000000004,0.30000000000000004,40.0,440,8395.0,0,227,0,0,227
82813,2.0,5.0,3.0,7.0,2.0,3.0,0.30000000000000004,0.30000000000000004,40.0,441,8035.0,0,236,0,0,236
82813,2.0,5.0,3.0,7.0,2.0,3.0,0.30000000000000004,0.30000000000000004,40.0,442,7645.0,0,255,0,0,255
82813,2.0,5.0,3.0,7.0,2.0,3.0,0.30000000000000004,0.30000000000000004,40.0,443,7141.25,0,271,0,0,271
82813,2.0,5.0,3.0,7.0,2.0,3.0,0.30000000000000004,0.30000000000000004,40.0,444,7111.5625,0,282,0,0,282
82813,2.0,5.0,3.0,7.0,2.0,3.0,0.30000000000000004,0.30000000000000004,40.0,445,7614.453125,0,290,0,0,290
82813,2.0,5.0,3.0,7.0,2.0,3.0,0.30000000000000004,0.30000000000000004,40.0,446,8033.06640625,0,303,0,0,303
82813,2.0,5.0,3.0,7.0,2.0,3.0,0.30000000000000004,0.30000000000000004,40.0,447,8590.0,0,306,0,0,306
82813,2.0,5.0,3.0,7.0,2.0,3.0,0.30000000000000004,0.30000000000000004,40.0,448,8710.0,0,306,0,0,306
82813,2.0,5.0,3.0,7.0,2.0,3.0,0.30000000000000004,0.30000000000000004,40.0,449,8920.0,0,315,0,0,315
82813,2.0,5.0,3.0,7.0,2.0,3.0,0.30000000000000004,0.30000000000000004,40.0,450,8980.0,0,321,0,0,321
82813,2.0,5.0,3.0,7.0,2.0,3.0,0.30000000000000004,0.30000000000000004,40.0,451,8920.0,0,327,0,0,327
82813,2.0,5.0,3.0,7.0,2.0,3.0,0.30000000000000004,0.30000000000000004,40.0,452,9190.0,0,322,0,0,322
82813,2.0,5.0,3.0,7.0,2.0,3.0,0.30000000000000004,0.30000000000000004,40.0,453,9250.0,0,307,0,0,307
82813,2.0,5.0,3.0,7.0,2.0,3.0,0.30000000000000004,0.30000000000000004,40.0,454,9115.0,0,294,0,0,294
82813,2.0,5.0,3.0,7.0,2.0,3.0,0.30000000000000004,0.30000000000000004,40.0,455,9130.0,0,280,0,0,280
82813,2.0,5.0,3.0,7.0,2.0,3.0,0.30000000000000004,0.30000000000000004,40.0,456,8980.0,0,268,0,0,268
82813,2.0,5.0,3.0,7.0,2.0,3.0,0.30000000000000004,0.30000000000000004,40.0,457,8890.0,0,262,0,0,262
82813,2.0,5.0,3.0,7.0,2.0,3.0,0.30000000000000004,0.30000000000000004,40.0,458,8845.0,0,253,0,0,253
82813,2.0,5.0,3.0,7.0,2.0,3.0,0.30000000000000004,0.30000000000000004,40.0,459,8680.0,0,245,0,0,245
82813,2.0,5.0,3.0,7.0,2.0,3.0,0.30000000000000004,0.30000000000000004,40.0,460,8755.0,0,228,0,0,228
82813,2.0,5.0,3.0,7.0,2.0,3.0,0.30000000000000004,0.30000000000000004,40.0,461,8275.0,0,235,0,0,235
82813,2.0,5.0,3.0,7.0,2.0,3.0,0.30000000000000004,0.30000000000000004,40.0,462,7945.0,0,241,0,0,241
82813,2.0,5.0,3.0,7.0,2.0,3.0,0.30000000000000004,0.30000000000000004,40.0,463,7636.25,0,255,0,0,255
82813,2.0,5.0,3.0,7.0,2.0,3.0,0.30000000000000004,0.30000000000000004,40.0,464,7025.3125,0,276,0,0,276
82813,2.0,5.0,3.0,7.0,2.0,3.0,0.30000000000000004,0.30000000000000004,40.0,465,7056.640625,0,283,0,0,283
82813,2.0,5.0,3.0,7.0,2.0,3.0,0.30000000000000004,0.30000000000000004,40.0,466,7365.80078125,0,291,0,0,291
82813,2.0,5.0,3.0,7.0,2.0,3.0,0.30000000000000004,0.30000000000000004,40.0,467,7872.2509765625,0,298,0,0,298
82813,2.0,5.0,3.0,7.0,2.0,3.0,0.30000000000000004,0.30000000000000004,40.0,468,8370.313720703125,0,313,0,0,313
82813,2.0,5.0,3.0,7.0,2.0,3.0,0.30000000000000004,0.30000000000000004,40.0,469,8905.0,0,320,0,0,320
82813,2.0,5.0,3.0,7.0,2.0,3.0,0.30000000000000004,0.30000000000000004,40.0,470,8995.0,0,321,0,0,321
82813,2.0,5.0,3.0,7.0,2.0,3.0,0.30000000000000004,0.30000000000000004,40.0,471,9130.0,0,325,0,0,325
82813,2.0,5.0,3.0,7.0,2.0,3.0,0.30000000000000004,0.30000000000000004,40.0,472,9250.0,0,323,0,0,323
82813,2.0,5.0,3.0,7.0,2.0,3.0,0.30000000000000004,0.30000000000000004,40.0,473,9145.0,0,317,0,0,317
82813,2.0,5.0,3.0,7.0,2.0,3.0,0.30000000000000004,0.30000000000000004,40.0,474,9205.0,0,306,0,0,306
82813,2.0,5.0,3.0,7.0,2.0,3.0,0.30000000000000004,0.30000000000000004,40.0,475,9265.0,0,287,0,0,287
82813,2.0,5.0,3.0,7.0,2.0,3.0,0.30000000000000004,0.30000000000000004,40.0,476,9160.0,0,272,0,0,272
82813,2.0,5.0,3.0,7.0,2.0,3.0,0.30000000000000004,0.30000000000000004,40.0,477,9025.0,0,263,0,0,263
82813,2.0,5.0,3.0,7.0,2.0,3.0,0.30000000000000004,0.30000000000000004,40.0,478,8965.0,0,252,0,0,252
82813,2.0,5.0,3.0,7.0,2.0,3.0,0.30000000000000004,0.30000000000000004,40.0,479,8785.0,0,235,0,0,235
82813,2.0,5.0,3.0,7.0,2.0,3.0,0.30000000000000004,0.30000000000000004,40.0,480,8605.0,0,225,0,0,225
82813,2.0,5.0,3.0,7.0,2.0,3.0,0.30000000000000004,0.30000000000000004,40.0,481,8395.0,0,219,0,0,219
82813,2.0,5.0,3.0,7.0,2.0,3.0,0.30000000000000004,0.30000000000000004,40.0,482,8110.0,0,229,0,0,229
82813,2.0,5.0,3.0,7.0,2.0,3.0,0.30000000000000004,0.30000000000000004,40.0,483,7795.0,0,238,0,0,238
82813,2.0,5.0,3.0,7.0,2.0,3.0,0.30000000000000004,0.30000000000000004,40.0,484,7103.75,0,259,0,0,259
82813,2.0,5.0,3.0,7.0,2.0,3.0,0.30000000000000004,0.30000000000000004,40.0,485,6749.6875,0,273,0,0,273
82813,2.0,5.0,3.0,7.0,2.0,3.0,0.30000000000000004,0.30000000000000004,40.0,486,6922.109375,0,280,0,0,280
82813,2.0,5.0,3.0,7.0,2.0,3.0,0.30000000000000004,0.30000000000000004,40.0,487,7257.63671875,0,290,0,0,290
82813,2.0,5.0,3.0,7.0,2.0,3.0,0.30000000000000004,0.30000000000000004,40.0,488,7962.0458984375,0,298,0,0,298
82813,2.0,5.0,3.0,7.0,2.0,3.0,0.30000000000000004,0.30000000000000004,40.0,489,8707.557373046875,0,308,0,0,308
82813,2.0,5.0,3.0,7.0,2.0,3.0,0.30000000000000004,0.30000000000000004,40.0,490,8845.0,0,317,0,0,317
82813,2.0,5.0,3.0,7.0,2.0,3.0,0.30000000000000004,0.30000000000000004,40.0,491,9205.0,0,322,0,0,322
82813,2.0,5.0,3.0,7.0,2.0,3.0,0.30000000000000004,0.30000000000000004,40.0,492,9190.0,0,326,0,0,326
82813,2.0,5.0,3.0,7.0,2.0,3.0,0.30000000000000004,0.30000000000000004,40.0,493,9265.0,0,320,0,0,320
82813,2.0,5.0,3.0,7.0,2.0,3.0,0.30000000000000004,0.30000000000000004,40.0,494,9265.0,0,311,0,0,311
82813,2.0,5.0,3.0,7.0,2.0,3.0,0.30000000000000004,0.30000000000000004,40.0,495,9280.0,0,297,0,0,297
82813,2.0,5.0,3.0,7.0,2.0,3.0,0.30000000000000004,0.30000000000000004,40.0,496,9175.0,0,281,0,0,281
82813,2.0,5.0,3.0,7.0,2.0,3.0,0.30000000000000004,0.30000000000000004,40.0,497,9250.0,0,261,0,0,261
82813,2.0,5.0,3.0,7.0,2.0,3.0,0.30000000000000004,0.30000000000000004,40.0,498,9310.0,0,240,0,0,240
82813,2.0,5.0,3.0,7.0,2.0,3.0,0.30000000000000004,0.30000000000000004,40.0,499,9145.0,0,225,0,0,225