Exp Num,agent:svo_convergence_factor,agent:params:metabolism,agent:params:consumption_factor,agent:params:procreate_cost_factor,agent:params:procreate_req_factor,agent:params:start_energy_factor,agent:params:caught_chance,agent:params:caught_cooldown_factor,agent:params:maximum_age,Epoch,Resource,A,B,C,D,E
83114,2.0,5.0,3.0,7.0,3.0,2.0,0.5,0.30000000000000004,50.0,0,3500.0,15,20,16,27,73
83114,2.0,5.0,3.0,7.0,3.0,2.0,0.5,0.30000000000000004,50.0,1,2995.0,15,20,16,27,73
83114,2.0,5.0,3.0,7.0,3.0,2.0,0.5,0.30000000000000004,50.0,2,2828.75,15,20,16,27,73
83114,2.0,5.0,3.0,7.0,3.0,2.0,0.5,0.30000000000000004,50.0,3,2905.9375,15,20,16,27,73
83114,2.0,5.0,3.0,7.0,3.0,2.0,0.5,0.30000000000000004,50.0,4,3092.421875,14,18,14,27,68
83114,2.0,5.0,3.0,7.0,3.0,2.0,0.5,0.30000000000000004,50.0,5,3295.52734375,14,18,14,27,68
83114,2.0,5.0,3.0,7.0,3.0,2.0,0.5,0.30000000000000004,50.0,6,3609.4091796875,14,18,14,27,68
83114,2.0,5.0,3.0,7.0,3.0,2.0,0.5,0.30000000000000004,50.0,7,3761.761474609375,12,17,11,20,62
83114,2.0,5.0,3.0,7.0,3.0,2.0,0.5,0.30000000000000004,50.0,8,3907.2018432617188,12,16,10,18,59
83114,2.0,5.0,3.0,7.0,3.0,2.0,0.5,0.30000000000000004,50.0,9,4029.0023040771484,15,20,10,22,67
83114,2.0,5.0,3.0,7.0,3.0,2.0,0.5,0.30000000000000004,50.0,10,4151.252880096436,12,15,11,19,61
83114,2.0,5.0,3.0,7.0,3.0,2.0,0.5,0.30000000000000004,50.0,11,4154.066100120544,12,13,13,19,60
83114,2.0,5.0,3.0,7.0,3.0,2.0,0.5,0.30000000000000004,50.0,12,4097.5826251506805,13,15,14,22,64
83114,2.0,5.0,3.0,7.0,3.0,2.0,0.5,0.30000000000000004,50.0,13,3921.9782814383507,14,18,18,25,73
83114,2.0,5.0,3.0,7.0,3.0,2.0,0.5,0.30000000000000004,50.0,14,3462.4728517979383,14,18,20,25,76
83114,2.0,5.0,3.0,7.0,3.0,2.0,0.5,0.30000000000000004,50.0,15,2963.091064747423,14,18,20,28,76
83114,2.0,5.0,3.0,7.0,3.0,2.0,0.5,0.30000000000000004,50.0,16,2983.8638309342787,15,21,21,31,81
83114,2.0,5.0,3.0,7.0,3.0,2.0,0.5,0.30000000000000004,50.0,17,3054.8297886678483,14,22,25,34,85
83114,2.0,5.0,3.0,7.0,3.0,2.0,0.5,0.30000000000000004,50.0,18,3428.5372358348104,14,22,26,35,86
83114,2.0,5.0,3.0,7.0,3.0,2.0,0.5,0.30000000000000004,50.0,19,3865.671544793513,14,22,26,37,86
83114,2.0,5.0,3.0,7.0,3.0,2.0,0.5,0.30000000000000004,50.0,20,4412.089430991891,14,23,26,37,89
83114,2.0,5.0,3.0,7.0,3.0,2.0,0.5,0.30000000000000004,50.0,21,5080.111788739864,14,23,28,37,91
83114,2.0,5.0,3.0,7.0,3.0,2.0,0.5,0.30000000000000004,50.0,22,5600.13973592483,14,23,30,37,93
83114,2.0,5.0,3.0,7.0,3.0,2.0,0.5,0.30000000000000004,50.0,23,6040.174669906038,15,23,31,40,95
83114,2.0,5.0,3.0,7.0,3.0,2.0,0.5,0.30000000000000004,50.0,24,6515.218337382547,15,24,33,40,102
83114,2.0,5.0,3.0,7.0,3.0,2.0,0.5,0.30000000000000004,50.0,25,7004.022921728184,15,24,35,46,108
83114,2.0,5.0,3.0,7.0,3.0,2.0,0.5,0.30000000000000004,50.0,26,7435.02865216023,15,24,37,53,110
83114,2.0,5.0,3.0,7.0,3.0,2.0,0.5,0.30000000000000004,50.0,27,7838.785815200288,15,26,40,57,117
83114,2.0,5.0,3.0,7.0,3.0,2.0,0.5,0.30000000000000004,50.0,28,8178.48226900036,15,27,45,60,125
83114,2.0,5.0,3.0,7.0,3.0,2.0,0.5,0.30000000000000004,50.0,29,8215.0,15,27,47,66,133
83114,2.0,5.0,3.0,7.0,3.0,2.0,0.5,0.30000000000000004,50.0,30,8035.0,15,27,51,71,139
83114,2.0,5.0,3.0,7.0,3.0,2.0,0.5,0.30000000000000004,50.0,31,7870.0,12,27,51,77,139
83114,2.0,5.0,3.0,7.0,3.0,2.0,0.5,0.30000000000000004,50.0,32,7347.5,11,28,53,85,146
83114,2.0,5.0,3.0,7.0,3.0,2.0,0.5,0.30000000000000004,50.0,33,6694.375,11,26,56,99,148
83114,2.0,5.0,3.0,7.0,3.0,2.0,0.5,0.30000000000000004,50.0,34,7077.96875,11,27,59,99,154
83114,2.0,5.0,3.0,7.0,3.0,2.0,0.5,0.30000000000000004,50.0,35,7332.4609375,9,26,64,100,155
83114,2.0,5.0,3.0,7.0,3.0,2.0,0.5,0.30000000000000004,50.0,36,7575.576171875,9,24,65,101,156
83114,2.0,5.0,3.0,7.0,3.0,2.0,0.5,0.30000000000000004,50.0,37,7879.47021484375,9,25,66,109,158
83114,2.0,5.0,3.0,7.0,3.0,2.0,0.5,0.30000000000000004,50.0,38,8094.3377685546875,8,27,70,115,166
83114,2.0,5.0,3.0,7.0,3.0,2.0,0.5,0.30000000000000004,50.0,39,8245.0,8,28,71,118,171
83114,2.0,5.0,3.0,7.0,3.0,2.0,0.5,0.30000000000000004,50.0,40,8485.0,8,28,72,125,173
83114,2.0,5.0,3.0,7.0,3.0,2.0,0.5,0.30000000000000004,50.0,41,8740.0,8,28,75,129,177
83114,2.0,5.0,3.0,7.0,3.0,2.0,0.5,0.30000000000000004,50.0,42,8965.0,8,28,76,130,179
83114,2.0,5.0,3.0,7.0,3.0,2.0,0.5,0.30000000000000004,50.0,43,9160.0,7,28,78,133,181
83114,2.0,5.0,3.0,7.0,3.0,2.0,0.5,0.30000000000000004,50.0,44,9250.0,7,29,77,136,182
83114,2.0,5.0,3.0,7.0,3.0,2.0,0.5,0.30000000000000004,50.0,45,9310.0,7,29,78,137,184
83114,2.0,5.0,3.0,7.0,3.0,2.0,0.5,0.30000000000000004,50.0,46,9460.0,7,29,77,136,183
83114,2.0,5.0,3.0,7.0,3.0,2.0,0.5,0.30000000000000004,50.0,47,9505.0,7,28,77,129,182
83114,2.0,5.0,3.0,7.0,3.0,2.0,0.5,0.30000000000000004,50.0,48,9475.0,6,26,76,123,175
83114,2.0,5.0,3.0,7.0,3.0,2.0,0.5,0.30000000000000004,50.0,49,9400.0,5,25,72,122,163
83114,2.0,5.0,3.0,7.0,3.0,2.0,0.5,0.30000000000000004,50.0,50,9340.0,5,25,68,116,154
83114,2.0,5.0,3.0,7.0,3.0,2.0,0.5,0.30000000000000004,50.0,51,9325.0,5,24,64,116,145
83114,2.0,5.0,3.0,7.0,3.0,2.0,0.5,0.30000000000000004,50.0,52,9235.0,5,24,60,113,136
83114,2.0,5.0,3.0,7.0,3.0,2.0,0.5,0.30000000000000004,50.0,53,9205.0,5,22,57,109,130
83114,2.0,5.0,3.0,7.0,3.0,2.0,0.5,0.30000000000000004,50.0,54,9250.0,5,22,54,105,125
83114,2.0,5.0,3.0,7.0,3.0,2.0,0.5,0.30000000000000004,50.0,55,9025.0,5,22,51,107,123
83114,2.0,5.0,3.0,7.0,3.0,2.0,0.5,0.30000000000000004,50.0,56,8920.0,4,22,50,104,119
83114,2.0,5.0,3.0,7.0,3.0,2.0,0.5,0.30000000000000004,50.0,57,8920.0,3,21,47,101,114
83114,2.0,5.0,3.0,7.0,3.0,2.0,0.5,0.30000000000000004,50.0,58,8590.0,3,20,46,99,111
83114,2.0,5.0,3.0,7.0,3.0,2.0,0.5,0.30000000000000004,50.0,59,8335.0,2,20,44,99,107
83114,2.0,5.0,3.0,7.0,3.0,2.0,0.5,0.30000000000000004,50.0,60,8095.0,2,19,44,99,106
83114,2.0,5.0,3.0,7.0,3.0,2.0,0.5,0.30000000000000004,50.0,61,7870.0,2,17,44,103,104
83114,2.0,5.0,3.0,7.0,3.0,2.0,0.5,0.30000000000000004,50.0,62,7527.5,2,16,48,106,109
83114,2.0,5.0,3.0,7.0,3.0,2.0,0.5,0.30000000000000004,50.0,63,6844.375,1,16,51,111,110
83114,2.0,5.0,3.0,7.0,3.0,2.0,0.5,0.30000000000000004,50.0,64,6425.46875,1,17,51,120,111
83114,2.0,5.0,3.0,7.0,3.0,2.0,0.5,0.30000000000000004,50.0,65,6651.8359375,1,16,54,127,114
83114,2.0,5.0,3.0,7.0,3.0,2.0,0.5,0.30000000000000004,50.0,66,6889.794921875,1,16,55,126,114
83114,2.0,5.0,3.0,7.0,3.0,2.0,0.5,0.30000000000000004,50.0,67,7112.24365234375,0,16,58,127,116
83114,2.0,5.0,3.0,7.0,3.0,2.0,0.5,0.30000000000000004,50.0,68,7375.3045654296875,0,15,62,131,120
83114,2.0,5.0,3.0,7.0,3.0,2.0,0.5,0.30000000000000004,50.0,69,7584.130706787109,0,15,64,142,123
83114,2.0,5.0,3.0,7.0,3.0,2.0,0.5,0.30000000000000004,50.0,70,7770.163383483887,0,15,69,143,129
83114,2.0,5.0,3.0,7.0,3.0,2.0,0.5,0.30000000000000004,50.0,71,8092.704229354858,0,16,73,146,133
83114,2.0,5.0,3.0,7.0,3.0,2.0,0.5,0.30000000000000004,50.0,72,8305.0,0,16,74,157,138
83114,2.0,5.0,3.0,7.0,3.0,2.0,0.5,0.30000000000000004,50.0,73,8680.0,0,15,76,163,140
83114,2.0,5.0,3.0,7.0,3.0,2.0,0.5,0.30000000000000004,50.0,74,8890.0,0,14,81,163,144
83114,2.0,5.0,3.0,7.0,3.0,2.0,0.5,0.30000000000000004,50.0,75,9055.0,0,14,81,166,143
83114,2.0,5.0,3.0,7.0,3.0,2.0,0.5,0.30000000000000004,50.0,76,9160.0,0,14,82,172,143
83114,2.0,5.0,3.0,7.0,3.0,2.0,0.5,0.30000000000000004,50.0,77,9220.0,0,14,85,170,145
83114,2.0,5.0,3.0,7.0,3.0,2.0,0.5,0.30000000000000004,50.0,78,9190.0,0,14,83,166,142
83114,2.0,5.0,3.0,7.0,3.0,2.0,0.5,0.30000000000000004,50.0,79,9130.0,0,12,80,165,137
83114,2.0,5.0,3.0,7.0,3.0,2.0,0.5,0.30000000000000004,50.0,80,9085.0,0,11,75,163,126
83114,2.0,5.0,3.0,7.0,3.0,2.0,0.5,0.30000000000000004,50.0,81,8980.0,0,11,77,159,126
83114,2.0,5.0,3.0,7.0,3.0,2.0,0.5,0.30000000000000004,50.0,82,8830.0,0,11,77,156,125
83114,2.0,5.0,3.0,7.0,3.0,2.0,0.5,0.30000000000000004,50.0,83,8755.0,0,10,74,153,122
83114,2.0,5.0,3.0,7.0,3.0,2.0,0.5,0.30000000000000004,50.0,84,8590.0,0,10,76,152,122
83114,2.0,5.0,3.0,7.0,3.0,2.0,0.5,0.30000000000000004,50.0,85,8500.0,0,10,78,152,124
83114,2.0,5.0,3.0,7.0,3.0,2.0,0.5,0.30000000000000004,50.0,86,8350.0,0,9,78,153,121
83114,2.0,5.0,3.0,7.0,3.0,2.0,0.5,0.30000000000000004,50.0,87,8275.0,0,8,77,154,115
83114,2.0,5.0,3.0,7.0,3.0,2.0,0.5,0.30000000000000004,50.0,88,8140.0,0,8,80,153,116
83114,2.0,5.0,3.0,7.0,3.0,2.0,0.5,0.30000000000000004,50.0,89,7900.0,0,7,77,158,109
83114,2.0,5.0,3.0,7.0,3.0,2.0,0.5,0.30000000000000004,50.0,90,7760.0,0,6,77,166,109
83114,2.0,5.0,3.0,7.0,3.0,2.0,0.5,0.30000000000000004,50.0,91,7780.0,0,6,77,172,106
83114,2.0,5.0,3.0,7.0,3.0,2.0,0.5,0.30000000000000004,50.0,92,7760.0,0,6,72,173,99
83114,2.0,5.0,3.0,7.0,3.0,2.0,0.5,0.30000000000000004,50.0,93,7765.0,0,5,77,176,101
83114,2.0,5.0,3.0,7.0,3.0,2.0,0.5,0.30000000000000004,50.0,94,7876.25,0,4,74,181,96
83114,2.0,5.0,3.0,7.0,3.0,2.0,0.5,0.30000000000000004,50.0,95,8075.3125,0,4,73,190,94
83114,2.0,5.0,3.0,7.0,3.0,2.0,0.5,0.30000000000000004,50.0,96,8260.0,0,3,78,193,97
83114,2.0,5.0,3.0,7.0,3.0,2.0,0.5,0.30000000000000004,50.0,97,8425.0,0,3,80,200,98
83114,2.0,5.0,3.0,7.0,3.0,2.0,0.5,0.30000000000000004,50.0,98,8635.0,0,2,81,203,97
83114,2.0,5.0,3.0,7.0,3.0,2.0,0.5,0.30000000000000004,50.0,99,8755.0,0,2,83,205,99
83114,2.0,5.0,3.0,7.0,3.0,2.0,0.5,0.30000000000000004,50.0,100,8935.0,0,2,84,209,100
83114,2.0,5.0,3.0,7.0,3.0,2.0,0.5,0.30000000000000004,50.0,101,9055.0,0,2,83,211,99
83114,2.0,5.0,3.0,7.0,3.0,2.0,0.5,0.30000000000000004,50.0,102,9175.0,0,2,84,213,99
83114,2.0,5.0,3.0,7.0,3.0,2.0,0.5,0.30000000000000004,50.0,103,9220.0,0,2,86,213,101
83114,2.0,5.0,3.0,7.0,3.0,2.0,0.5,0.30000000000000004,50.0,104,9220.0,0,2,87,210,102
83114,2.0,5.0,3.0,7.0,3.0,2.0,0.5,0.30000000000000004,50.0,105,9130.0,0,2,86,208,101
83114,2.0,5.0,3.0,7.0,3.0,2.0,0.5,0.30000000000000004,50.0,106,9070.0,0,2,84,206,99
83114,2.0,5.0,3.0,7.0,3.0,2.0,0.5,0.30000000000000004,50.0,107,9040.0,0,2,86,207,101
83114,2.0,5.0,3.0,7.0,3.0,2.0,0.5,0.30000000000000004,50.0,108,8965.0,0,2,84,206,98
83114,2.0,5.0,3.0,7.0,3.0,2.0,0.5,0.30000000000000004,50.0,109,8935.0,0,2,85,199,97
83114,2.0,5.0,3.0,7.0,3.0,2.0,0.5,0.30000000000000004,50.0,110,8770.0,0,2,86,190,97
83114,2.0,5.0,3.0,7.0,3.0,2.0,0.5,0.30000000000000004,50.0,111,8710.0,0,2,83,189,93
83114,2.0,5.0,3.0,7.0,3.0,2.0,0.5,0.30000000000000004,50.0,112,8560.0,0,2,81,187,91
83114,2.0,5.0,3.0,7.0,3.0,2.0,0.5,0.30000000000000004,50.0,113,8455.0,0,0,74,180,82
83114,2.0,5.0,3.0,7.0,3.0,2.0,0.5,0.30000000000000004,50.0,114,8215.0,0,0,76,180,83
83114,2.0,5.0,3.0,7.0,3.0,2.0,0.5,0.30000000000000004,50.0,115,8020.0,0,0,75,177,82
83114,2.0,5.0,3.0,7.0,3.0,2.0,0.5,0.30000000000000004,50.0,116,7930.0,0,0,73,177,79
83114,2.0,5.0,3.0,7.0,3.0,2.0,0.5,0.30000000000000004,50.0,117,7497.5,0,0,72,187,77
83114,2.0,5.0,3.0,7.0,3.0,2.0,0.5,0.30000000000000004,50.0,118,7436.875,0,0,72,192,77
83114,2.0,5.0,3.0,7.0,3.0,2.0,0.5,0.30000000000000004,50.0,119,7736.09375,0,0,73,191,78
83114,2.0,5.0,3.0,7.0,3.0,2.0,0.5,0.30000000000000004,50.0,120,7900.1171875,0,0,73,192,78
83114,2.0,5.0,3.0,7.0,3.0,2.0,0.5,0.30000000000000004,50.0,121,8150.146484375,0,0,74,201,78
83114,2.0,5.0,3.0,7.0,3.0,2.0,0.5,0.30000000000000004,50.0,122,8155.0,0,0,73,210,77
83114,2.0,5.0,3.0,7.0,3.0,2.0,0.5,0.30000000000000004,50.0,123,8215.0,0,0,73,211,77
83114,2.0,5.0,3.0,7.0,3.0,2.0,0.5,0.30000000000000004,50.0,124,8440.0,0,0,73,220,77
83114,2.0,5.0,3.0,7.0,3.0,2.0,0.5,0.30000000000000004,50.0,125,8635.0,0,0,72,224,76
83114,2.0,5.0,3.0,7.0,3.0,2.0,0.5,0.30000000000000004,50.0,126,8875.0,0,0,72,229,76
83114,2.0,5.0,3.0,7.0,3.0,2.0,0.5,0.30000000000000004,50.0,127,8905.0,0,0,73,233,77
83114,2.0,5.0,3.0,7.0,3.0,2.0,0.5,0.30000000000000004,50.0,128,9055.0,0,0,75,233,79
83114,2.0,5.0,3.0,7.0,3.0,2.0,0.5,0.30000000000000004,50.0,129,9175.0,0,0,74,232,78
83114,2.0,5.0,3.0,7.0,3.0,2.0,0.5,0.30000000000000004,50.0,130,9145.0,0,0,72,235,76
83114,2.0,5.0,3.0,7.0,3.0,2.0,0.5,0.30000000000000004,50.0,131,9205.0,0,0,73,236,77
83114,2.0,5.0,3.0,7.0,3.0,2.0,0.5,0.30000000000000004,50.0,132,9025.0,0,0,72,229,76
83114,2.0,5.0,3.0,7.0,3.0,2.0,0.5,0.30000000000000004,50.0,133,9055.0,0,0,68,226,72
83114,2.0,5.0,3.0,7.0,3.0,2.0,0.5,0.30000000000000004,50.0,134,9010.0,0,0,67,225,71
83114,2.0,5.0,3.0,7.0,3.0,2.0,0.5,0.30000000000000004,50.0,135,8845.0,0,0,67,225,70
83114,2.0,5.0,3.0,7.0,3.0,2.0,0.5,0.30000000000000004,50.0,136,8725.0,0,0,66,219,69
83114,2.0,5.0,3.0,7.0,3.0,2.0,0.5,0.30000000000000004,50.0,137,8680.0,0,0,66,216,68
83114,2.0,5.0,3.0,7.0,3.0,2.0,0.5,0.30000000000000004,50.0,138,8500.0,0,0,67,219,69
83114,2.0,5.0,3.0,7.0,3.0,2.0,0.5,0.30000000000000004,50.0,139,8305.0,0,0,70,213,72
83114,2.0,5.0,3.0,7.0,3.0,2.0,0.5,0.30000000000000004,50.0,140,8200.0,0,0,68,210,70
83114,2.0,5.0,3.0,7.0,3.0,2.0,0.5,0.30000000000000004,50.0,141,7990.0,0,0,65,211,67
83114,2.0,5.0,3.0,7.0,3.0,2.0,0.5,0.30000000000000004,50.0,142,7917.5,0,0,69,214,70
83114,2.0,5.0,3.0,7.0,3.0,2.0,0.5,0.30000000000000004,50.0,143,8006.875,0,0,69,211,70
83114,2.0,5.0,3.0,7.0,3.0,2.0,0.5,0.30000000000000004,50.0,144,8005.0,0,0,68,211,68
83114,2.0,5.0,3.0,7.0,3.0,2.0,0.5,0.30000000000000004,50.0,145,7945.0,0,0,66,220,66
83114,2.0,5.0,3.0,7.0,3.0,2.0,0.5,0.30000000000000004,50.0,146,8026.25,0,0,67,221,67
83114,2.0,5.0,3.0,7.0,3.0,2.0,0.5,0.30000000000000004,50.0,147,8275.0,0,0,65,224,65
83114,2.0,5.0,3.0,7.0,3.0,2.0,0.5,0.30000000000000004,50.0,148,8365.0,0,0,67,221,67
83114,2.0,5.0,3.0,7.0,3.0,2.0,0.5,0.30000000000000004,50.0,149,8275.0,0,0,66,225,66
83114,2.0,5.0,3.0,7.0,3.0,2.0,0.5,0.30000000000000004,50.0,150,8530.0,0,0,68,229,68
83114,2.0,5.0,3.0,7.0,3.0,2.0,0.5,0.30000000000000004,50.0,151,8605.0,0,0,65,233,65
83114,2.0,5.0,3.0,7.0,3.0,2.0,0.5,0.30000000000000004,50.0,152,8620.0,0,0,67,236,67
83114,2.0,5.0,3.0,7.0,3.0,2.0,0.5,0.30000000000000004,50.0,153,8845.0,0,0,68,234,68
83114,2.0,5.0,3.0,7.0,3.0,2.0,0.5,0.30000000000000004,50.0,154,8830.0,0,0,70,236,70
83114,2.0,5.0,3.0,7.0,3.0,2.0,0.5,0.30000000000000004,50.0,155,8950.0,0,0,69,237,69
83114,2.0,5.0,3.0,7.0,3.0,2.0,0.5,0.30000000000000004,50.0,156,8920.0,0,0,69,236,69
83114,2.0,5.0,3.0,7.0,3.0,2.0,0.5,0.30000000000000004,50.0,157,8920.0,0,0,70,237,70
83114,2.0,5.0,3.0,7.0,3.0,2.0,0.5,0.30000000000000004,50.0,158,9025.0,0,0,69,237,69
83114,2.0,5.0,3.0,7.0,3.0,2.0,0.5,0.30000000000000004,50.0,159,9040.0,0,0,66,233,66
83114,2.0,5.0,3.0,7.0,3.0,2.0,0.5,0.30000000000000004,50.0,160,8875.0,0,0,66,235,66
83114,2.0,5.0,3.0,7.0,3.0,2.0,0.5,0.30000000000000004,50.0,161,8830.0,0,0,68,229,68
83114,2.0,5.0,3.0,7.0,3.0,2.0,0.5,0.30000000000000004,50.0,162,8665.0,0,0,69,228,69
83114,2.0,5.0,3.0,7.0,3.0,2.0,0.5,0.30000000000000004,50.0,163,8710.0,0,0,66,230,66
83114,2.0,5.0,3.0,7.0,3.0,2.0,0.5,0.30000000000000004,50.0,164,8470.0,0,0,65,231,65
83114,2.0,5.0,3.0,7.0,3.0,2.0,0.5,0.30000000000000004,50.0,165,8485.0,0,0,64,230,64
83114,2.0,5.0,3.0,7.0,3.0,2.0,0.5,0.30000000000000004,50.0,166,8425.0,0,0,63,227,63
83114,2.0,5.0,3.0,7.0,3.0,2.0,0.5,0.30000000000000004,50.0,167,8245.0,0,0,62,233,62
83114,2.0,5.0,3.0,7.0,3.0,2.0,0.5,0.30000000000000004,50.0,168,8410.0,0,0,60,235,60
83114,2.0,5.0,3.0,7.0,3.0,2.0,0.5,0.30000000000000004,50.0,169,8455.0,0,0,58,230,58
83114,2.0,5.0,3.0,7.0,3.0,2.0,0.5,0.30000000000000004,50.0,170,8290.0,0,0,54,232,54
83114,2.0,5.0,3.0,7.0,3.0,2.0,0.5,0.30000000000000004,50.0,171,8440.0,0,0,54,236,54
83114,2.0,5.0,3.0,7.0,3.0,2.0,0.5,0.30000000000000004,50.0,172,8365.0,0,0,50,239,50
83114,2.0,5.0,3.0,7.0,3.0,2.0,0.5,0.30000000000000004,50.0,173,8350.0,0,0,48,239,48
83114,2.0,5.0,3.0,7.0,3.0,2.0,0.5,0.30000000000000004,50.0,174,8350.0,0,0,51,241,51
83114,2.0,5.0,3.0,7.0,3.0,2.0,0.5,0.30000000000000004,50.0,175,8425.0,0,0,53,245,53
83114,2.0,5.0,3.0,7.0,3.0,2.0,0.5,0.30000000000000004,50.0,176,8635.0,0,0,53,248,53
83114,2.0,5.0,3.0,7.0,3.0,2.0,0.5,0.30000000000000004,50.0,177,8725.0,0,0,52,242,52
83114,2.0,5.0,3.0,7.0,3.0,2.0,0.5,0.30000000000000004,50.0,178,8605.0,0,0,52,244,52
83114,2.0,5.0,3.0,7.0,3.0,2.0,0.5,0.30000000000000004,50.0,179,8575.0,0,0,51,248,51
83114,2.0,5.0,3.0,7.0,3.0,2.0,0.5,0.30000000000000004,50.0,180,8710.0,0,0,52,245,52
83114,2.0,5.0,3.0,7.0,3.0,2.0,0.5,0.30000000000000004,50.0,181,8680.0,0,0,53,242,53
83114,2.0,5.0,3.0,7.0,3.0,2.0,0.5,0.30000000000000004,50.0,182,8665.0,0,0,49,250,49
83114,2.0,5.0,3.0,7.0,3.0,2.0,0.5,0.30000000000000004,50.0,183,8710.0,0,0,48,251,48
83114,2.0,5.0,3.0,7.0,3.0,2.0,0.5,0.30000000000000004,50.0,184,8755.0,0,0,49,250,49
83114,2.0,5.0,3.0,7.0,3.0,2.0,0.5,0.30000000000000004,50.0,185,8695.0,0,0,49,250,49
83114,2.0,5.0,3.0,7.0,3.0,2.0,0.5,0.30000000000000004,50.0,186,8635.0,0,0,48,255,48
83114,2.0,5.0,3.0,7.0,3.0,2.0,0.5,0.30000000000000004,50.0,187,8755.0,0,0,49,252,49
83114,2.0,5.0,3.0,7.0,3.0,2.0,0.5,0.30000000000000004,50.0,188,8695.0,0,0,49,250,49
83114,2.0,5.0,3.0,7.0,3.0,2.0,0.5,0.30000000000000004,50.0,189,8605.0,0,0,49,249,49
83114,2.0,5.0,3.0,7.0,3.0,2.0,0.5,0.30000000000000004,50.0,190,8605.0,0,0,47,249,47
83114,2.0,5.0,3.0,7.0,3.0,2.0,0.5,0.30000000000000004,50.0,191,8665.0,0,0,43,241,43
83114,2.0,5.0,3.0,7.0,3.0,2.0,0.5,0.30000000000000004,50.0,192,8530.0,0,0,39,239,39
83114,2.0,5.0,3.0,7.0,3.0,2.0,0.5,0.30000000000000004,50.0,193,8260.0,0,0,40,241,40
83114,2.0,5.0,3.0,7.0,3.0,2.0,0.5,0.30000000000000004,50.0,194,8185.0,0,0,37,244,37
83114,2.0,5.0,3.0,7.0,3.0,2.0,0.5,0.30000000000000004,50.0,195,7990.0,0,0,34,243,34
83114,2.0,5.0,3.0,7.0,3.0,2.0,0.5,0.30000000000000004,50.0,196,7827.5,0,0,34,248,34
83114,2.0,5.0,3.0,7.0,3.0,2.0,0.5,0.30000000000000004,50.0,197,8104.375,0,0,33,258,33
83114,2.0,5.0,3.0,7.0,3.0,2.0,0.5,0.30000000000000004,50.0,198,8350.0,0,0,31,262,31
83114,2.0,5.0,3.0,7.0,3.0,2.0,0.5,0.30000000000000004,50.0,199,8530.0,0,0,31,266,31
83114,2.0,5.0,3.0,7.0,3.0,2.0,0.5,0.30000000000000004,50.0,200,8470.0,0,0,32,264,32
83114,2.0,5.0,3.0,7.0,3.0,2.0,0.5,0.30000000000000004,50.0,201,8695.0,0,0,32,269,32
83114,2.0,5.0,3.0,7.0,3.0,2.0,0.5,0.30000000000000004,50.0,202,8620.0,0,0,29,271,29
83114,2.0,5.0,3.0,7.0,3.0,2.0,0.5,0.30000000000000004,50.0,203,8725.0,0,0,27,272,27
83114,2.0,5.0,3.0,7.0,3.0,2.0,0.5,0.30000000000000004,50.0,204,8695.0,0,0,25,267,25
83114,2.0,5.0,3.0,7.0,3.0,2.0,0.5,0.30000000000000004,50.0,205,8545.0,0,0,24,276,24
83114,2.0,5.0,3.0,7.0,3.0,2.0,0.5,0.30000000000000004,50.0,206,8710.0,0,0,24,275,24
83114,2.0,5.0,3.0,7.0,3.0,2.0,0.5,0.30000000000000004,50.0,207,8755.0,0,0,23,283,23
83114,2.0,5.0,3.0,7.0,3.0,2.0,0.5,0.30000000000000004,50.0,208,9010.0,0,0,23,285,23
83114,2.0,5.0,3.0,7.0,3.0,2.0,0.5,0.30000000000000004,50.0,209,9055.0,0,0,22,289,22
83114,2.0,5.0,3.0,7.0,3.0,2.0,0.5,0.30000000000000004,50.0,210,9070.0,0,0,19,289,19
83114,2.0,5.0,3.0,7.0,3.0,2.0,0.5,0.30000000000000004,50.0,211,9040.0,0,0,18,284,18
83114,2.0,5.0,3.0,7.0,3.0,2.0,0.5,0.30000000000000004,50.0,212,8950.0,0,0,16,282,16
83114,2.0,5.0,3.0,7.0,3.0,2.0,0.5,0.30000000000000004,50.0,213,8845.0,0,0,15,281,15
83114,2.0,5.0,3.0,7.0,3.0,2.0,0.5,0.30000000000000004,50.0,214,8680.0,0,0,13,279,13
83114,2.0,5.0,3.0,7.0,3.0,2.0,0.5,0.30000000000000004,50.0,215,8665.0,0,0,12,273,12
83114,2.0,5.0,3.0,7.0,3.0,2.0,0.5,0.30000000000000004,50.0,216,8545.0,0,0,10,268,10
83114,2.0,5.0,3.0,7.0,3.0,2.0,0.5,0.30000000000000004,50.0,217,8320.0,0,0,10,272,10
83114,2.0,5.0,3.0,7.0,3.0,2.0,0.5,0.30000000000000004,50.0,218,8125.0,0,0,10,275,10
83114,2.0,5.0,3.0,7.0,3.0,2.0,0.5,0.30000000000000004,50.0,219,8065.0,0,0,10,275,10
83114,2.0,5.0,3.0,7.0,3.0,2.0,0.5,0.30000000000000004,50.0,220,8170.0,0,0,9,274,9
83114,2.0,5.0,3.0,7.0,3.0,2.0,0.5,0.30000000000000004,50.0,221,8230.0,0,0,10,281,10
83114,2.0,5.0,3.0,7.0,3.0,2.0,0.5,0.30000000000000004,50.0,222,8200.0,0,0,9,275,9
83114,2.0,5.0,3.0,7.0,3.0,2.0,0.5,0.30000000000000004,50.0,223,8245.0,0,0,8,279,8
83114,2.0,5.0,3.0,7.0,3.0,2.0,0.5,0.30000000000000004,50.0,224,8200.0,0,0,7,284,7
83114,2.0,5.0,3.0,7.0,3.0,2.0,0.5,0.30000000000000004,50.0,225,8260.0,0,0,5,284,5
83114,2.0,5.0,3.0,7.0,3.0,2.0,0.5,0.30000000000000004,50.0,226,8350.0,0,0,4,283,4
83114,2.0,5.0,3.0,7.0,3.0,2.0,0.5,0.30000000000000004,50.0,227,8335.0,0,0,4,290,4
83114,2.0,5.0,3.0,7.0,3.0,2.0,0.5,0.30000000000000004,50.0,228,8500.0,0,0,4,296,4
83114,2.0,5.0,3.0,7.0,3.0,2.0,0.5,0.30000000000000004,50.0,229,8695.0,0,0,4,298,4
83114,2.0,5.0,3.0,7.0,3.0,2.0,0.5,0.30000000000000004,50.0,230,8830.0,0,0,4,300,4
83114,2.0,5.0,3.0,7.0,3.0,2.0,0.5,0.30000000000000004,50.0,231,8860.0,0,0,4,304,4
83114,2.0,5.0,3.0,7.0,3.0,2.0,0.5,0.30000000000000004,50.0,232,9010.0,0,0,3,303,3
83114,2.0,5.0,3.0,7.0,3.0,2.0,0.5,0.30000000000000004,50.0,233,9040.0,0,0,3,304,3
83114,2.0,5.0,3.0,7.0,3.0,2.0,0.5,0.30000000000000004,50.0,234,9025.0,0,0,3,303,3
83114,2.0,5.0,3.0,7.0,3.0,2.0,0.5,0.30000000000000004,50.0,235,8965.0,0,0,3,308,3
83114,2.0,5.0,3.0,7.0,3.0,2.0,0.5,0.30000000000000004,50.0,236,8920.0,0,0,3,301,3
83114,2.0,5.0,3.0,7.0,3.0,2.0,0.5,0.30000000000000004,50.0,237,8980.0,0,0,3,301,3
83114,2.0,5.0,3.0,7.0,3.0,2.0,0.5,0.30000000000000004,50.0,238,8995.0,0,0,3,305,3
83114,2.0,5.0,3.0,7.0,3.0,2.0,0.5,0.30000000000000004,50.0,239,8815.0,0,0,3,301,3
83114,2.0,5.0,3.0,7.0,3.0,2.0,0.5,0.30000000000000004,50.0,240,8665.0,0,0,3,291,3
83114,2.0,5.0,3.0,7.0,3.0,2.0,0.5,0.30000000000000004,50.0,241,8605.0,0,0,3,284,3
83114,2.0,5.0,3.0,7.0,3.0,2.0,0.5,0.30000000000000004,50.0,242,8605.0,0,0,3,284,3
83114,2.0,5.0,3.0,7.0,3.0,2.0,0.5,0.30000000000000004,50.0,243,8365.0,0,0,3,283,3
83114,2.0,5.0,3.0,7.0,3.0,2.0,0.5,0.30000000000000004,50.0,244,8170.0,0,0,3,268,3
83114,2.0,5.0,3.0,7.0,3.0,2.0,0.5,0.30000000000000004,50.0,245,7900.0,0,0,2,277,2
83114,2.0,5.0,3.0,7.0,3.0,2.0,0.5,0.30000000000000004,50.0,246,8075.0,0,0,1,285,1
83114,2.0,5.0,3.0,7.0,3.0,2.0,0.5,0.30000000000000004,50.0,247,8200.0,0,0,1,284,1
83114,2.0,5.0,3.0,7.0,3.0,2.0,0.5,0.30000000000000004,50.0,248,8185.0,0,0,1,277,1
83114,2.0,5.0,3.0,7.0,3.0,2.0,0.5,0.30000000000000004,50.0,249,8035.0,0,0,1,282,1
83114,2.0,5.0,3.0,7.0,3.0,2.0,0.5,0.30000000000000004,50.0,250,8110.0,0,0,1,285,1
83114,2.0,5.0,3.0,7.0,3.0,2.0,0.5,0.30000000000000004,50.0,251,8200.0,0,0,1,285,1
83114,2.0,5.0,3.0,7.0,3.0,2.0,0.5,0.30000000000000004,50.0,252,8200.0,0,0,2,288,2
83114,2.0,5.0,3.0,7.0,3.0,2.0,0.5,0.30000000000000004,50.0,253,8425.0,0,0,1,294,1
83114,2.0,5.0,3.0,7.0,3.0,2.0,0.5,0.30000000000000004,50.0,254,8620.0,0,0,1,297,1
83114,2.0,5.0,3.0,7.0,3.0,2.0,0.5,0.30000000000000004,50.0,255,8695.0,0,0,1,295,1
83114,2.0,5.0,3.0,7.0,3.0,2.0,0.5,0.30000000000000004,50.0,256,8665.0,0,0,1,303,1
83114,2.0,5.0,3.0,7.0,3.0,2.0,0.5,0.30000000000000004,50.0,257,8785.0,0,0,1,305,1
83114,2.0,5.0,3.0,7.0,3.0,2.0,0.5,0.30000000000000004,50.0,258,9025.0,0,0,1,307,1
83114,2.0,5.0,3.0,7.0,3.0,2.0,0.5,0.30000000000000004,50.0,259,9085.0,0,0,1,310,1
83114,2.0,5.0,3.0,7.0,3.0,2.0,0.5,0.30000000000000004,50.0,260,9100.0,0,0,1,309,1
83114,2.0,5.0,3.0,7.0,3.0,2.0,0.5,0.30000000000000004,50.0,261,9085.0,0,0,2,307,2
83114,2.0,5.0,3.0,7.0,3.0,2.0,0.5,0.30000000000000004,50.0,262,9145.0,0,0,2,303,2
83114,2.0,5.0,3.0,7.0,3.0,2.0,0.5,0.30000000000000004,50.0,263,8950.0,0,0,2,305,2
83114,2.0,5.0,3.0,7.0,3.0,2.0,0.5,0.30000000000000004,50.0,264,8875.0,0,0,2,299,2
83114,2.0,5.0,3.0,7.0,3.0,2.0,0.5,0.30000000000000004,50.0,265,8815.0,0,0,2,293,2
83114,2.0,5.0,3.0,7.0,3.0,2.0,0.5,0.30000000000000004,50.0,266,8710.0,0,0,2,286,2
83114,2.0,5.0,3.0,7.0,3.0,2.0,0.5,0.30000000000000004,50.0,267,8560.0,0,0,2,287,2
83114,2.0,5.0,3.0,7.0,3.0,2.0,0.5,0.30000000000000004,50.0,268,8425.0,0,0,2,281,2
83114,2.0,5.0,3.0,7.0,3.0,2.0,0.5,0.30000000000000004,50.0,269,8260.0,0,0,2,277,2
83114,2.0,5.0,3.0,7.0,3.0,2.0,0.5,0.30000000000000004,50.0,270,7975.0,0,0,2,276,2
83114,2.0,5.0,3.0,7.0,3.0,2.0,0.5,0.30000000000000004,50.0,271,8003.75,0,0,2,282,2
83114,2.0,5.0,3.0,7.0,3.0,2.0,0.5,0.30000000000000004,50.0,272,7990.0,0,0,1,281,1
83114,2.0,5.0,3.0,7.0,3.0,2.0,0.5,0.30000000000000004,50.0,273,8037.5,0,0,1,279,1
83114,2.0,5.0,3.0,7.0,3.0,2.0,0.5,0.30000000000000004,50.0,274,8020.0,0,0,1,283,1
83114,2.0,5.0,3.0,7.0,3.0,2.0,0.5,0.30000000000000004,50.0,275,8125.0,0,0,1,290,1
83114,2.0,5.0,3.0,7.0,3.0,2.0,0.5,0.30000000000000004,50.0,276,8350.0,0,0,1,288,1
83114,2.0,5.0,3.0,7.0,3.0,2.0,0.5,0.30000000000000004,50.0,277,8440.0,0,0,1,291,1
83114,2.0,5.0,3.0,7.0,3.0,2.0,0.5,0.30000000000000004,50.0,278,8470.0,0,0,1,295,1
83114,2.0,5.0,3.0,7.0,3.0,2.0,0.5,0.30000000000000004,50.0,279,8575.0,0,0,1,296,1
83114,2.0,5.0,3.0,7.0,3.0,2.0,0.5,0.30000000000000004,50.0,280,8710.0,0,0,1,300,1
83114,2.0,5.0,3.0,7.0,3.0,2.0,0.5,0.30000000000000004,50.0,281,8815.0,0,0,1,302,1
83114,2.0,5.0,3.0,7.0,3.0,2.0,0.5,0.30000000000000004,50.0,282,8905.0,0,0,1,306,1
83114,2.0,5.0,3.0,7.0,3.0,2.0,0.5,0.30000000000000004,50.0,283,8935.0,0,0,1,304,1
83114,2.0,5.0,3.0,7.0,3.0,2.0,0.5,0.30000000000000004,50.0,284,8995.0,0,0,1,307,1
83114,2.0,5.0,3.0,7.0,3.0,2.0,0.5,0.30000000000000004,50.0,285,9025.0,0,0,1,308,1
83114,2.0,5.0,3.0,7.0,3.0,2.0,0.5,0.30000000000000004,50.0,286,9025.0,0,0,1,308,1
83114,2.0,5.0,3.0,7.0,3.0,2.0,0.5,0.30000000000000004,50.0,287,9040.0,0,0,1,309,1
83114,2.0,5.0,3.0,7.0,3.0,2.0,0.5,0.30000000000000004,50.0,288,8935.0,0,0,1,303,1
83114,2.0,5.0,3.0,7.0,3.0,2.0,0.5,0.30000000000000004,50.0,289,8845.0,0,0,1,297,1
83114,2.0,5.0,3.0,7.0,3.0,2.0,0.5,0.30000000000000004,50.0,290,8845.0,0,0,1,290,1
83114,2.0,5.0,3.0,7.0,3.0,2.0,0.5,0.30000000000000004,50.0,291,8680.0,0,0,1,285,1
83114,2.0,5.0,3.0,7.0,3.0,2.0,0.5,0.30000000000000004,50.0,292,8545.0,0,0,1,286,1
83114,2.0,5.0,3.0,7.0,3.0,2.0,0.5,0.30000000000000004,50.0,293,8410.0,0,0,1,284,1
83114,2.0,5.0,3.0,7.0,3.0,2.0,0.5,0.30000000000000004,50.0,294,8320.0,0,0,1,280,1
83114,2.0,5.0,3.0,7.0,3.0,2.0,0.5,0.30000000000000004,50.0,295,8080.0,0,0,1,281,1
83114,2.0,5.0,3.0,7.0,3.0,2.0,0.5,0.30000000000000004,50.0,296,7885.0,0,0,1,274,1
83114,2.0,5.0,3.0,7.0,3.0,2.0,0.5,0.30000000000000004,50.0,297,7906.25,0,0,1,281,1
83114,2.0,5.0,3.0,7.0,3.0,2.0,0.5,0.30000000000000004,50.0,298,8097.8125,0,0,1,281,1
83114,2.0,5.0,3.0,7.0,3.0,2.0,0.5,0.30000000000000004,50.0,299,8170.0,0,0,1,289,1
83114,2.0,5.0,3.0,7.0,3.0,2.0,0.5,0.30000000000000004,50.0,300,8365.0,0,0,1,287,1
83114,2.0,5.0,3.0,7.0,3.0,2.0,0.5,0.30000000000000004,50.0,301,8275.0,0,0,1,284,1
83114,2.0,5.0,3.0,7.0,3.0,2.0,0.5,0.30000000000000004,50.0,302,8365.0,0,0,1,288,1
83114,2.0,5.0,3.0,7.0,3.0,2.0,0.5,0.30000000000000004,50.0,303,8395.0,0,0,0,296,0
83114,2.0,5.0,3.0,7.0,3.0,2.0,0.5,0.30000000000000004,50.0,304,8545.0,0,0,0,298,0
83114,2.0,5.0,3.0,7.0,3.0,2.0,0.5,0.30000000000000004,50.0,305,8770.0,0,0,0,303,0
83114,2.0,5.0,3.0,7.0,3.0,2.0,0.5,0.30000000000000004,50.0,306,8755.0,0,0,0,301,0
83114,2.0,5.0,3.0,7.0,3.0,2.0,0.5,0.30000000000000004,50.0,307,8890.0,0,0,0,303,0
83114,2.0,5.0,3.0,7.0,3.0,2.0,0.5,0.30000000000000004,50.0,308,8845.0,0,0,0,309,0
83114,2.0,5.0,3.0,7.0,3.0,2.0,0.5,0.30000000000000004,50.0,309,9145.0,0,0,0,309,0
83114,2.0,5.0,3.0,7.0,3.0,2.0,0.5,0.30000000000000004,50.0,310,9040.0,0,0,0,309,0
83114,2.0,5.0,3.0,7.0,3.0,2.0,0.5,0.30000000000000004,50.0,311,8965.0,0,0,0,304,0
83114,2.0,5.0,3.0,7.0,3.0,2.0,0.5,0.30000000000000004,50.0,312,8950.0,0,0,0,298,0
83114,2.0,5.0,3.0,7.0,3.0,2.0,0.5,0.30000000000000004,50.0,313,8845.0,0,0,0,294,0
83114,2.0,5.0,3.0,7.0,3.0,2.0,0.5,0.30000000000000004,50.0,314,8755.0,0,0,0,295,0
83114,2.0,5.0,3.0,7.0,3.0,2.0,0.5,0.30000000000000004,50.0,315,8575.0,0,0,0,296,0
83114,2.0,5.0,3.0,7.0,3.0,2.0,0.5,0.30000000000000004,50.0,316,8560.0,0,0,0,295,0
83114,2.0,5.0,3.0,7.0,3.0,2.0,0.5,0.30000000000000004,50.0,317,8455.0,0,0,0,296,0
83114,2.0,5.0,3.0,7.0,3.0,2.0,0.5,0.30000000000000004,50.0,318,8470.0,0,0,0,295,0
83114,2.0,5.0,3.0,7.0,3.0,2.0,0.5,0.30000000000000004,50.0,319,8365.0,0,0,0,291,0
83114,2.0,5.0,3.0,7.0,3.0,2.0,0.5,0.30000000000000004,50.0,320,8275.0,0,0,0,286,0
83114,2.0,5.0,3.0,7.0,3.0,2.0,0.5,0.30000000000000004,50.0,321,8290.0,0,0,0,291,0
83114,2.0,5.0,3.0,7.0,3.0,2.0,0.5,0.30000000000000004,50.0,322,8230.0,0,0,0,284,0
83114,2.0,5.0,3.0,7.0,3.0,2.0,0.5,0.30000000000000004,50.0,323,8050.0,0,0,0,280,0
83114,2.0,5.0,3.0,7.0,3.0,2.0,0.5,0.30000000000000004,50.0,324,8020.0,0,0,0,285,0
83114,2.0,5.0,3.0,7.0,3.0,2.0,0.5,0.30000000000000004,50.0,325,8185.0,0,0,0,294,0
83114,2.0,5.0,3.0,7.0,3.0,2.0,0.5,0.30000000000000004,50.0,326,8365.0,0,0,0,297,0
83114,2.0,5.0,3.0,7.0,3.0,2.0,0.5,0.30000000000000004,50.0,327,8470.0,0,0,0,288,0
83114,2.0,5.0,3.0,7.0,3.0,2.0,0.5,0.30000000000000004,50.0,328,8395.0,0,0,0,290,0
83114,2.0,5.0,3.0,7.0,3.0,2.0,0.5,0.30000000000000004,50.0,329,8410.0,0,0,0,298,0
83114,2.0,5.0,3.0,7.0,3.0,2.0,0.5,0.30000000000000004,50.0,330,8635.0,0,0,0,302,0
83114,2.0,5.0,3.0,7.0,3.0,2.0,0.5,0.30000000000000004,50.0,331,8770.0,0,0,0,299,0
83114,2.0,5.0,3.0,7.0,3.0,2.0,0.5,0.30000000000000004,50.0,332,8800.0,0,0,0,305,0
83114,2.0,5.0,3.0,7.0,3.0,2.0,0.5,0.30000000000000004,50.0,333,8815.0,0,0,0,308,0
83114,2.0,5.0,3.0,7.0,3.0,2.0,0.5,0.30000000000000004,50.0,334,9025.0,0,0,0,307,0
83114,2.0,5.0,3.0,7.0,3.0,2.0,0.5,0.30000000000000004,50.0,335,9115.0,0,0,0,303,0
83114,2.0,5.0,3.0,7.0,3.0,2.0,0.5,0.30000000000000004,50.0,336,8950.0,0,0,0,304,0
83114,2.0,5.0,3.0,7.0,3.0,2.0,0.5,0.30000000000000004,50.0,337,8935.0,0,0,0,305,0
83114,2.0,5.0,3.0,7.0,3.0,2.0,0.5,0.30000000000000004,50.0,338,8935.0,0,0,0,297,0
83114,2.0,5.0,3.0,7.0,3.0,2.0,0.5,0.30000000000000004,50.0,339,8890.0,0,0,0,293,0
83114,2.0,5.0,3.0,7.0,3.0,2.0,0.5,0.30000000000000004,50.0,340,8845.0,0,0,0,294,0
83114,2.0,5.0,3.0,7.0,3.0,2.0,0.5,0.30000000000000004,50.0,341,8665.0,0,0,0,295,0
83114,2.0,5.0,3.0,7.0,3.0,2.0,0.5,0.30000000000000004,50.0,342,8545.0,0,0,0,289,0
83114,2.0,5.0,3.0,7.0,3.0,2.0,0.5,0.30000000000000004,50.0,343,8485.0,0,0,0,294,0
83114,2.0,5.0,3.0,7.0,3.0,2.0,0.5,0.30000000000000004,50.0,344,8395.0,0,0,0,293,0
83114,2.0,5.0,3.0,7.0,3.0,2.0,0.5,0.30000000000000004,50.0,345,8245.0,0,0,0,285,0
83114,2.0,5.0,3.0,7.0,3.0,2.0,0.5,0.30000000000000004,50.0,346,8275.0,0,0,0,282,0
83114,2.0,5.0,3.0,7.0,3.0,2.0,0.5,0.30000000000000004,50.0,347,8050.0,0,0,0,287,0
83114,2.0,5.0,3.0,7.0,3.0,2.0,0.5,0.30000000000000004,50.0,348,8155.0,0,0,0,286,0
83114,2.0,5.0,3.0,7.0,3.0,2.0,0.5,0.30000000000000004,50.0,349,8185.0,0,0,0,282,0
83114,2.0,5.0,3.0,7.0,3.0,2.0,0.5,0.30000000000000004,50.0,350,8095.0,0,0,0,289,0
83114,2.0,5.0,3.0,7.0,3.0,2.0,0.5,0.30000000000000004,50.0,351,8155.0,0,0,0,288,0
83114,2.0,5.0,3.0,7.0,3.0,2.0,0.5,0.30000000000000004,50.0,352,8260.0,0,0,0,290,0
83114,2.0,5.0,3.0,7.0,3.0,2.0,0.5,0.30000000000000004,50.0,353,8305.0,0,0,0,288,0
83114,2.0,5.0,3.0,7.0,3.0,2.0,0.5,0.30000000000000004,50.0,354,8425.0,0,0,0,295,0
83114,2.0,5.0,3.0,7.0,3.0,2.0,0.5,0.30000000000000004,50.0,355,8620.0,0,0,0,303,0
83114,2.0,5.0,3.0,7.0,3.0,2.0,0.5,0.30000000000000004,50.0,356,8770.0,0,0,0,300,0
83114,2.0,5.0,3.0,7.0,3.0,2.0,0.5,0.30000000000000004,50.0,357,8785.0,0,0,0,303,0
83114,2.0,5.0,3.0,7.0,3.0,2.0,0.5,0.30000000000000004,50.0,358,8845.0,0,0,0,304,0
83114,2.0,5.0,3.0,7.0,3.0,2.0,0.5,0.30000000000000004,50.0,359,8905.0,0,0,0,309,0
83114,2.0,5.0,3.0,7.0,3.0,2.0,0.5,0.30000000000000004,50.0,360,8995.0,0,0,0,310,0
83114,2.0,5.0,3.0,7.0,3.0,2.0,0.5,0.30000000000000004,50.0,361,9010.0,0,0,0,305,0
83114,2.0,5.0,3.0,7.0,3.0,2.0,0.5,0.30000000000000004,50.0,362,8980.0,0,0,0,307,0
83114,2.0,5.0,3.0,7.0,3.0,2.0,0.5,0.30000000000000004,50.0,363,8950.0,0,0,0,308,0
83114,2.0,5.0,3.0,7.0,3.0,2.0,0.5,0.30000000000000004,50.0,364,8920.0,0,0,0,305,0
83114,2.0,5.0,3.0,7.0,3.0,2.0,0.5,0.30000000000000004,50.0,365,8785.0,0,0,0,299,0
83114,2.0,5.0,3.0,7.0,3.0,2.0,0.5,0.30000000000000004,50.0,366,8815.0,0,0,0,295,0
83114,2.0,5.0,3.0,7.0,3.0,2.0,0.5,0.30000000000000004,50.0,367,8620.0,0,0,0,289,0
83114,2.0,5.0,3.0,7.0,3.0,2.0,0.5,0.30000000000000004,50.0,368,8500.0,0,0,0,287,0
83114,2.0,5.0,3.0,7.0,3.0,2.0,0.5,0.30000000000000004,50.0,369,8425.0,0,0,0,274,0
83114,2.0,5.0,3.0,7.0,3.0,2.0,0.5,0.30000000000000004,50.0,370,8215.0,0,0,0,281,0
83114,2.0,5.0,3.0,7.0,3.0,2.0,0.5,0.30000000000000004,50.0,371,8155.0,0,0,0,286,0
83114,2.0,5.0,3.0,7.0,3.0,2.0,0.5,0.30000000000000004,50.0,372,8170.0,0,0,0,282,0
83114,2.0,5.0,3.0,7.0,3.0,2.0,0.5,0.30000000000000004,50.0,373,8125.0,0,0,0,286,0
83114,2.0,5.0,3.0,7.0,3.0,2.0,0.5,0.30000000000000004,50.0,374,8035.0,0,0,0,283,0
83114,2.0,5.0,3.0,7.0,3.0,2.0,0.5,0.30000000000000004,50.0,375,7915.0,0,0,0,278,0
83114,2.0,5.0,3.0,7.0,3.0,2.0,0.5,0.30000000000000004,50.0,376,8003.75,0,0,0,286,0
83114,2.0,5.0,3.0,7.0,3.0,2.0,0.5,0.30000000000000004,50.0,377,8350.0,0,0,0,292,0
83114,2.0,5.0,3.0,7.0,3.0,2.0,0.5,0.30000000000000004,50.0,378,8395.0,0,0,0,290,0
83114,2.0,5.0,3.0,7.0,3.0,2.0,0.5,0.30000000000000004,50.0,379,8470.0,0,0,0,298,0
83114,2.0,5.0,3.0,7.0,3.0,2.0,0.5,0.30000000000000004,50.0,380,8575.0,0,0,0,300,0
83114,2.0,5.0,3.0,7.0,3.0,2.0,0.5,0.30000000000000004,50.0,381,8680.0,0,0,0,299,0
83114,2.0,5.0,3.0,7.0,3.0,2.0,0.5,0.30000000000000004,50.0,382,8755.0,0,0,0,305,0
83114,2.0,5.0,3.0,7.0,3.0,2.0,0.5,0.30000000000000004,50.0,383,8860.0,0,0,0,306,0
83114,2.0,5.0,3.0,7.0,3.0,2.0,0.5,0.30000000000000004,50.0,384,8980.0,0,0,0,309,0
83114,2.0,5.0,3.0,7.0,3.0,2.0,0.5,0.30000000000000004,50.0,385,9010.0,0,0,0,305,0
83114,2.0,5.0,3.0,7.0,3.0,2.0,0.5,0.30000000000000004,50.0,386,9010.0,0,0,0,313,0
83114,2.0,5.0,3.0,7.0,3.0,2.0,0.5,0.30000000000000004,50.0,387,9130.0,0,0,0,308,0
83114,2.0,5.0,3.0,7.0,3.0,2.0,0.5,0.30000000000000004,50.0,388,9205.0,0,0,0,310,0
83114,2.0,5.0,3.0,7.0,3.0,2.0,0.5,0.30000000000000004,50.0,389,9100.0,0,0,0,308,0
83114,2.0,5.0,3.0,7.0,3.0,2.0,0.5,0.30000000000000004,50.0,390,8980.0,0,0,0,303,0
83114,2.0,5.0,3.0,7.0,3.0,2.0,0.5,0.30000000000000004,50.0,391,9025.0,0,0,0,295,0
83114,2.0,5.0,3.0,7.0,3.0,2.0,0.5,0.30000000000000004,50.0,392,8770.0,0,0,0,296,0
83114,2.0,5.0,3.0,7.0,3.0,2.0,0.5,0.30000000000000004,50.0,393,8725.0,0,0,0,292,0
83114,2.0,5.0,3.0,7.0,3.0,2.0,0.5,0.30000000000000004,50.0,394,8635.0,0,0,0,284,0
83114,2.0,5.0,3.0,7.0,3.0,2.0,0.5,0.30000000000000004,50.0,395,8485.0,0,0,0,275,0
83114,2.0,5.0,3.0,7.0,3.0,2.0,0.5,0.30000000000000004,50.0,396,8290.0,0,0,0,281,0
83114,2.0,5.0,3.0,7.0,3.0,2.0,0.5,0.30000000000000004,50.0,397,8005.0,0,0,0,280,0
83114,2.0,5.0,3.0,7.0,3.0,2.0,0.5,0.30000000000000004,50.0,398,7960.0,0,0,0,277,0
83114,2.0,5.0,3.0,7.0,3.0,2.0,0.5,0.30000000000000004,50.0,399,7850.0,0,0,0,275,0
83114,2.0,5.0,3.0,7.0,3.0,2.0,0.5,0.30000000000000004,50.0,400,7607.5,0,0,0,282,0
83114,2.0,5.0,3.0,7.0,3.0,2.0,0.5,0.30000000000000004,50.0,401,8024.375,0,0,0,279,0
83114,2.0,5.0,3.0,7.0,3.0,2.0,0.5,0.30000000000000004,50.0,402,8350.0,0,0,0,275,0
83114,2.0,5.0,3.0,7.0,3.0,2.0,0.5,0.30000000000000004,50.0,403,8260.0,0,0,0,284,0
83114,2.0,5.0,3.0,7.0,3.0,2.0,0.5,0.30000000000000004,50.0,404,8155.0,0,0,0,289,0
83114,2.0,5.0,3.0,7.0,3.0,2.0,0.5,0.30000000000000004,50.0,405,8440.0,0,0,0,292,0
83114,2.0,5.0,3.0,7.0,3.0,2.0,0.5,0.30000000000000004,50.0,406,8470.0,0,0,0,291,0
83114,2.0,5.0,3.0,7.0,3.0,2.0,0.5,0.30000000000000004,50.0,407,8455.0,0,0,0,299,0
83114,2.0,5.0,3.0,7.0,3.0,2.0,0.5,0.30000000000000004,50.0,408,8740.0,0,0,0,301,0
83114,2.0,5.0,3.0,7.0,3.0,2.0,0.5,0.30000000000000004,50.0,409,8830.0,0,0,0,304,0
83114,2.0,5.0,3.0,7.0,3.0,2.0,0.5,0.30000000000000004,50.0,410,8860.0,0,0,0,308,0
83114,2.0,5.0,3.0,7.0,3.0,2.0,0.5,0.30000000000000004,50.0,411,9070.0,0,0,0,312,0
83114,2.0,5.0,3.0,7.0,3.0,2.0,0.5,0.30000000000000004,50.0,412,9175.0,0,0,0,313,0
83114,2.0,5.0,3.0,7.0,3.0,2.0,0.5,0.30000000000000004,50.0,413,9175.0,0,0,0,310,0
83114,2.0,5.0,3.0,7.0,3.0,2.0,0.5,0.30000000000000004,50.0,414,9115.0,0,0,0,306,0
83114,2.0,5.0,3.0,7.0,3.0,2.0,0.5,0.30000000000000004,50.0,415,9175.0,0,0,0,296,0
83114,2.0,5.0,3.0,7.0,3.0,2.0,0.5,0.30000000000000004,50.0,416,9010.0,0,0,0,292,0
83114,2.0,5.0,3.0,7.0,3.0,2.0,0.5,0.30000000000000004,50.0,417,8875.0,0,0,0,288,0
83114,2.0,5.0,3.0,7.0,3.0,2.0,0.5,0.30000000000000004,50.0,418,8800.0,0,0,0,282,0
83114,2.0,5.0,3.0,7.0,3.0,2.0,0.5,0.30000000000000004,50.0,419,8650.0,0,0,0,280,0
83114,2.0,5.0,3.0,7.0,3.0,2.0,0.5,0.30000000000000004,50.0,420,8560.0,0,0,0,274,0
83114,2.0,5.0,3.0,7.0,3.0,2.0,0.5,0.30000000000000004,50.0,421,8530.0,0,0,0,273,0
83114,2.0,5.0,3.0,7.0,3.0,2.0,0.5,0.30000000000000004,50.0,422,8320.0,0,0,0,269,0
83114,2.0,5.0,3.0,7.0,3.0,2.0,0.5,0.30000000000000004,50.0,423,7975.0,0,0,0,268,0
83114,2.0,5.0,3.0,7.0,3.0,2.0,0.5,0.30000000000000004,50.0,424,7898.75,0,0,0,271,0
83114,2.0,5.0,3.0,7.0,3.0,2.0,0.5,0.30000000000000004,50.0,425,7668.4375,0,0,0,275,0
83114,2.0,5.0,3.0,7.0,3.0,2.0,0.5,0.30000000000000004,50.0,426,7740.546875,0,0,0,277,0
83114,2.0,5.0,3.0,7.0,3.0,2.0,0.5,0.30000000000000004,50.0,427,7650.68359375,0,0,0,270,0
83114,2.0,5.0,3.0,7.0,3.0,2.0,0.5,0.30000000000000004,50.0,428,7673.3544921875,0,0,0,272,0
83114,2.0,5.0,3.0,7.0,3.0,2.0,0.5,0.30000000000000004,50.0,429,7926.693115234375,0,0,0,279,0
83114,2.0,5.0,3.0,7.0,3.0,2.0,0.5,0.30000000000000004,50.0,430,8153.366394042969,0,0,0,281,0
83114,2.0,5.0,3.0,7.0,3.0,2.0,0.5,0.30000000000000004,50.0,431,8200.0,0,0,0,288,0
83114,2.0,5.0,3.0,7.0,3.0,2.0,0.5,0.30000000000000004,50.0,432,8425.0,0,0,0,296,0
83114,2.0,5.0,3.0,7.0,3.0,2.0,0.5,0.30000000000000004,50.0,433,8620.0,0,0,0,301,0
83114,2.0,5.0,3.0,7.0,3.0,2.0,0.5,0.30000000000000004,50.0,434,8800.0,0,0,0,304,0
83114,2.0,5.0,3.0,7.0,3.0,2.0,0.5,0.30000000000000004,50.0,435,8845.0,0,0,0,305,0
83114,2.0,5.0,3.0,7.0,3.0,2.0,0.5,0.30000000000000004,50.0,436,9055.0,0,0,0,311,0
83114,2.0,5.0,3.0,7.0,3.0,2.0,0.5,0.30000000000000004,50.0,437,9160.0,0,0,0,313,0
83114,2.0,5.0,3.0,7.0,3.0,2.0,0.5,0.30000000000000004,50.0,438,9190.0,0,0,0,314,0
83114,2.0,5.0,3.0,7.0,3.0,2.0,0.5,0.30000000000000004,50.0,439,9250.0,0,0,0,311,0
83114,2.0,5.0,3.0,7.0,3.0,2.0,0.5,0.30000000000000004,50.0,440,9265.0,0,0,0,310,0
83114,2.0,5.0,3.0,7.0,3.0,2.0,0.5,0.30000000000000004,50.0,441,9235.0,0,0,0,309,0
83114,2.0,5.0,3.0,7.0,3.0,2.0,0.5,0.30000000000000004,50.0,442,9175.0,0,0,0,303,0
83114,2.0,5.0,3.0,7.0,3.0,2.0,0.5,0.30000000000000004,50.0,443,9085.0,0,0,0,291,0
83114,2.0,5.0,3.0,7.0,3.0,2.0,0.5,0.30000000000000004,50.0,444,8980.0,0,0,0,290,0
83114,2.0,5.0,3.0,7.0,3.0,2.0,0.5,0.30000000000000004,50.0,445,8845.0,0,0,0,283,0
83114,2.0,5.0,3.0,7.0,3.0,2.0,0.5,0.30000000000000004,50.0,446,8755.0,0,0,0,279,0
83114,2.0,5.0,3.0,7.0,3.0,2.0,0.5,0.30000000000000004,50.0,447,8620.0,0,0,0,271,0
83114,2.0,5.0,3.0,7.0,3.0,2.0,0.5,0.30000000000000004,50.0,448,8560.0,0,0,0,268,0
83114,2.0,5.0,3.0,7.0,3.0,2.0,0.5,0.30000000000000004,50.0,449,8290.0,0,0,0,266,0
83114,2.0,5.0,3.0,7.0,3.0,2.0,0.5,0.30000000000000004,50.0,450,8020.0,0,0,0,258,0
83114,2.0,5.0,3.0,7.0,3.0,2.0,0.5,0.30000000000000004,50.0,451,8035.0,0,0,0,255,0
83114,2.0,5.0,3.0,7.0,3.0,2.0,0.5,0.30000000000000004,50.0,452,7735.0,0,0,0,264,0
83114,2.0,5.0,3.0,7.0,3.0,2.0,0.5,0.30000000000000004,50.0,453,7253.75,0,0,0,260,0
83114,2.0,5.0,3.0,7.0,3.0,2.0,0.5,0.30000000000000004,50.0,454,7327.1875,0,0,0,261,0
83114,2.0,5.0,3.0,7.0,3.0,2.0,0.5,0.30000000000000004,50.0,455,7568.984375,0,0,0,266,0
83114,2.0,5.0,3.0,7.0,3.0,2.0,0.5,0.30000000000000004,50.0,456,7721.23046875,0,0,0,273,0
83114,2.0,5.0,3.0,7.0,3.0,2.0,0.5,0.30000000000000004,50.0,457,7956.5380859375,0,0,0,276,0
83114,2.0,5.0,3.0,7.0,3.0,2.0,0.5,0.30000000000000004,50.0,458,8220.672607421875,0,0,0,277,0
83114,2.0,5.0,3.0,7.0,3.0,2.0,0.5,0.30000000000000004,50.0,459,8125.0,0,0,0,285,0
83114,2.0,5.0,3.0,7.0,3.0,2.0,0.5,0.30000000000000004,50.0,460,8275.0,0,0,0,295,0
83114,2.0,5.0,3.0,7.0,3.0,2.0,0.5,0.30000000000000004,50.0,461,8620.0,0,0,0,295,0
83114,2.0,5.0,3.0,7.0,3.0,2.0,0.5,0.30000000000000004,50.0,462,8620.0,0,0,0,302,0
83114,2.0,5.0,3.0,7.0,3.0,2.0,0.5,0.30000000000000004,50.0,463,8890.0,0,0,0,306,0
83114,2.0,5.0,3.0,7.0,3.0,2.0,0.5,0.30000000000000004,50.0,464,8980.0,0,0,0,309,0
83114,2.0,5.0,3.0,7.0,3.0,2.0,0.5,0.30000000000000004,50.0,465,9130.0,0,0,0,311,0
83114,2.0,5.0,3.0,7.0,3.0,2.0,0.5,0.30000000000000004,50.0,466,9130.0,0,0,0,316,0
83114,2.0,5.0,3.0,7.0,3.0,2.0,0.5,0.30000000000000004,50.0,467,9295.0,0,0,0,313,0
83114,2.0,5.0,3.0,7.0,3.0,2.0,0.5,0.30000000000000004,50.0,468,9280.0,0,0,0,308,0
83114,2.0,5.0,3.0,7.0,3.0,2.0,0.5,0.30000000000000004,50.0,469,9265.0,0,0,0,301,0
83114,2.0,5.0,3.0,7.0,3.0,2.0,0.5,0.30000000000000004,50.0,470,9175.0,0,0,0,300,0
83114,2.0,5.0,3.0,7.0,3.0,2.0,0.5,0.30000000000000004,50.0,471,9145.0,0,0,0,290,0
83114,2.0,5.0,3.0,7.0,3.0,2.0,0.5,0.30000000000000004,50.0,472,8980.0,0,0,0,286,0
83114,2.0,5.0,3.0,7.0,3.0,2.0,0.5,0.30000000000000004,50.0,473,8890.0,0,0,0,283,0
83114,2.0,5.0,3.0,7.0,3.0,2.0,0.5,0.30000000000000004,50.0,474,8845.0,0,0,0,283,0
83114,2.0,5.0,3.0,7.0,3.0,2.0,0.5,0.30000000000000004,50.0,475,8755.0,0,0,0,279,0
83114,2.0,5.0,3.0,7.0,3.0,2.0,0.5,0.30000000000000004,50.0,476,8575.0,0,0,0,268,0
83114,2.0,5.0,3.0,7.0,3.0,2.0,0.5,0.30000000000000004,50.0,477,8455.0,0,0,0,269,0
83114,2.0,5.0,3.0,7.0,3.0,2.0,0.5,0.30000000000000004,50.0,478,8335.0,0,0,0,266,0
83114,2.0,5.0,3.0,7.0,3.0,2.0,0.5,0.30000000000000004,50.0,479,8020.0,0,0,0,262,0
83114,2.0,5.0,3.0,7.0,3.0,2.0,0.5,0.30000000000000004,50.0,480,7960.0,0,0,0,259,0
83114,2.0,5.0,3.0,7.0,3.0,2.0,0.5,0.30000000000000004,50.0,481,7640.0,0,0,0,263,0
83114,2.0,5.0,3.0,7.0,3.0,2.0,0.5,0.30000000000000004,50.0,482,7435.0,0,0,0,263,0
83114,2.0,5.0,3.0,7.0,3.0,2.0,0.5,0.30000000000000004,50.0,483,7508.75,0,0,0,272,0
83114,2.0,5.0,3.0,7.0,3.0,2.0,0.5,0.30000000000000004,50.0,484,7720.9375,0,0,0,269,0
83114,2.0,5.0,3.0,7.0,3.0,2.0,0.5,0.30000000000000004,50.0,485,7836.171875,0,0,0,273,0
83114,2.0,5.0,3.0,7.0,3.0,2.0,0.5,0.30000000000000004,50.0,486,7935.21484375,0,0,0,279,0
83114,2.0,5.0,3.0,7.0,3.0,2.0,0.5,0.30000000000000004,50.0,487,8179.0185546875,0,0,0,288,0
83114,2.0,5.0,3.0,7.0,3.0,2.0,0.5,0.30000000000000004,50.0,488,8425.0,0,0,0,295,0
83114,2.0,5.0,3.0,7.0,3.0,2.0,0.5,0.30000000000000004,50.0,489,8590.0,0,0,0,297,0
83114,2.0,5.0,3.0,7.0,3.0,2.0,0.5,0.30000000000000004,50.0,490,8725.0,0,0,0,306,0
83114,2.0,5.0,3.0,7.0,3.0,2.0,0.5,0.30000000000000004,50.0,491,8860.0,0,0,0,306,0
83114,2.0,5.0,3.0,7.0,3.0,2.0,0.5,0.30000000000000004,50.0,492,8995.0,0,0,0,304,0
83114,2.0,5.0,3.0,7.0,3.0,2.0,0.5,0.30000000000000004,50.0,493,9010.0,0,0,0,306,0
83114,2.0,5.0,3.0,7.0,3.0,2.0,0.5,0.30000000000000004,50.0,494,8995.0,0,0,0,311,0
83114,2.0,5.0,3.0,7.0,3.0,2.0,0.5,0.30000000000000004,50.0,495,9115.0,0,0,0,312,0
83114,2.0,5.0,3.0,7.0,3.0,2.0,0.5,0.30000000000000004,50.0,496,9130.0,0,0,0,313,0
83114,2.0,5.0,3.0,7.0,3.0,2.0,0.5,0.30000000000000004,50.0,497,9205.0,0,0,0,306,0
83114,2.0,5.0,3.0,7.0,3.0,2.0,0.5,0.30000000000000004,50.0,498,9145.0,0,0,0,298,0
83114,2.0,5.0,3.0,7.0,3.0,2.0,0.5,0.30000000000000004,50.0,499,9025.0,0,0,0,295,0