Exp Num,agent:svo_convergence_factor,agent:params:metabolism,agent:params:consumption_factor,agent:params:procreate_cost_factor,agent:params:procreate_req_factor,agent:params:start_energy_factor,agent:params:caught_chance,agent:params:caught_cooldown_factor,agent:params:maximum_age,Epoch,Resource,A,B,C,D,E
83742,2.0,5.0,3.0,9.0,2.0,1.0,0.5,0.4,30.0,0,3500.0,16,35,7,32,68
83742,2.0,5.0,3.0,9.0,2.0,1.0,0.5,0.4,30.0,1,2935.0,16,35,7,32,68
83742,2.0,5.0,3.0,9.0,2.0,1.0,0.5,0.4,30.0,2,2783.75,16,35,7,32,68
83742,2.0,5.0,3.0,9.0,2.0,1.0,0.5,0.4,30.0,3,2894.6875,16,34,7,32,67
83742,2.0,5.0,3.0,9.0,2.0,1.0,0.5,0.4,30.0,4,3123.359375,16,34,7,32,67
83742,2.0,5.0,3.0,9.0,2.0,1.0,0.5,0.4,30.0,5,3334.19921875,16,34,7,32,67
83742,2.0,5.0,3.0,9.0,2.0,1.0,0.5,0.4,30.0,6,3672.7490234375,13,24,6,25,53
83742,2.0,5.0,3.0,9.0,2.0,1.0,0.5,0.4,30.0,7,3885.936279296875,12,23,6,23,51
83742,2.0,5.0,3.0,9.0,2.0,1.0,0.5,0.4,30.0,8,4092.4203491210938,14,24,8,27,56
83742,2.0,5.0,3.0,9.0,2.0,1.0,0.5,0.4,30.0,9,4395.525436401367,14,18,8,25,50
83742,2.0,5.0,3.0,9.0,2.0,1.0,0.5,0.4,30.0,10,4504.406795501709,13,18,10,27,51
83742,2.0,5.0,3.0,9.0,2.0,1.0,0.5,0.4,30.0,11,4565.508494377136,13,19,12,27,54
83742,2.0,5.0,3.0,9.0,2.0,1.0,0.5,0.4,30.0,12,4566.88561797142,15,22,15,30,63
83742,2.0,5.0,3.0,9.0,2.0,1.0,0.5,0.4,30.0,13,4433.607022464275,16,23,19,37,71
83742,2.0,5.0,3.0,9.0,2.0,1.0,0.5,0.4,30.0,14,3952.008778080344,17,26,25,43,83
83742,2.0,5.0,3.0,9.0,2.0,1.0,0.5,0.4,30.0,15,3590.0109726004303,17,27,27,47,86
83742,2.0,5.0,3.0,9.0,2.0,1.0,0.5,0.4,30.0,16,3722.513715750538,16,30,27,47,88
83742,2.0,5.0,3.0,9.0,2.0,1.0,0.5,0.4,30.0,17,3993.1421446881723,17,34,30,49,98
83742,2.0,5.0,3.0,9.0,2.0,1.0,0.5,0.4,30.0,18,4286.427680860215,17,36,32,52,102
83742,2.0,5.0,3.0,9.0,2.0,1.0,0.5,0.4,30.0,19,4623.034601075269,17,37,33,57,104
83742,2.0,5.0,3.0,9.0,2.0,1.0,0.5,0.4,30.0,20,4983.7932513440865,17,39,34,59,107
83742,2.0,5.0,3.0,9.0,2.0,1.0,0.5,0.4,30.0,21,5329.741564180108,17,40,38,62,112
83742,2.0,5.0,3.0,9.0,2.0,1.0,0.5,0.4,30.0,22,5657.176955225135,17,41,41,67,117
83742,2.0,5.0,3.0,9.0,2.0,1.0,0.5,0.4,30.0,23,5976.471194031419,17,42,44,75,121
83742,2.0,5.0,3.0,9.0,2.0,1.0,0.5,0.4,30.0,24,6210.588992539274,16,41,49,81,124
83742,2.0,5.0,3.0,9.0,2.0,1.0,0.5,0.4,30.0,25,6383.236240674092,15,40,52,79,126
83742,2.0,5.0,3.0,9.0,2.0,1.0,0.5,0.4,30.0,26,6464.045300842616,13,40,55,85,128
83742,2.0,5.0,3.0,9.0,2.0,1.0,0.5,0.4,30.0,27,6445.05662605327,10,39,58,93,126
83742,2.0,5.0,3.0,9.0,2.0,1.0,0.5,0.4,30.0,28,6181.320782566587,7,37,61,101,124
83742,2.0,5.0,3.0,9.0,2.0,1.0,0.5,0.4,30.0,29,6406.650978208234,7,34,64,104,124
83742,2.0,5.0,3.0,9.0,2.0,1.0,0.5,0.4,30.0,30,6448.313722760293,5,30,64,105,115
83742,2.0,5.0,3.0,9.0,2.0,1.0,0.5,0.4,30.0,31,6485.392153450366,5,27,68,103,116
83742,2.0,5.0,3.0,9.0,2.0,1.0,0.5,0.4,30.0,32,6246.740191812958,4,25,74,110,118
83742,2.0,5.0,3.0,9.0,2.0,1.0,0.5,0.4,30.0,33,6533.425239766198,5,24,78,113,121
83742,2.0,5.0,3.0,9.0,2.0,1.0,0.5,0.4,30.0,34,6801.781549707747,4,25,77,118,120
83742,2.0,5.0,3.0,9.0,2.0,1.0,0.5,0.4,30.0,35,7092.226937134685,4,25,82,125,125
83742,2.0,5.0,3.0,9.0,2.0,1.0,0.5,0.4,30.0,36,7395.283671418356,4,24,86,134,128
83742,2.0,5.0,3.0,9.0,2.0,1.0,0.5,0.4,30.0,37,7744.104589272945,3,24,89,141,131
83742,2.0,5.0,3.0,9.0,2.0,1.0,0.5,0.4,30.0,38,8105.130736591182,3,24,93,145,135
83742,2.0,5.0,3.0,9.0,2.0,1.0,0.5,0.4,30.0,39,8230.0,3,23,95,148,136
83742,2.0,5.0,3.0,9.0,2.0,1.0,0.5,0.4,30.0,40,8260.0,3,22,101,152,141
83742,2.0,5.0,3.0,9.0,2.0,1.0,0.5,0.4,30.0,41,8500.0,3,19,104,154,141
83742,2.0,5.0,3.0,9.0,2.0,1.0,0.5,0.4,30.0,42,8395.0,2,18,104,159,138
83742,2.0,5.0,3.0,9.0,2.0,1.0,0.5,0.4,30.0,43,8470.0,2,18,106,162,139
83742,2.0,5.0,3.0,9.0,2.0,1.0,0.5,0.4,30.0,44,8680.0,2,18,112,162,142
83742,2.0,5.0,3.0,9.0,2.0,1.0,0.5,0.4,30.0,45,8740.0,2,17,117,163,145
83742,2.0,5.0,3.0,9.0,2.0,1.0,0.5,0.4,30.0,46,8860.0,1,15,119,161,143
83742,2.0,5.0,3.0,9.0,2.0,1.0,0.5,0.4,30.0,47,8740.0,1,13,120,163,142
83742,2.0,5.0,3.0,9.0,2.0,1.0,0.5,0.4,30.0,48,8815.0,1,11,124,163,144
83742,2.0,5.0,3.0,9.0,2.0,1.0,0.5,0.4,30.0,49,8785.0,1,10,125,162,142
83742,2.0,5.0,3.0,9.0,2.0,1.0,0.5,0.4,30.0,50,8725.0,1,10,124,162,141
83742,2.0,5.0,3.0,9.0,2.0,1.0,0.5,0.4,30.0,51,8725.0,1,9,121,161,137
83742,2.0,5.0,3.0,9.0,2.0,1.0,0.5,0.4,30.0,52,8620.0,1,9,121,161,137
83742,2.0,5.0,3.0,9.0,2.0,1.0,0.5,0.4,30.0,53,8530.0,1,6,121,160,134
83742,2.0,5.0,3.0,9.0,2.0,1.0,0.5,0.4,30.0,54,8380.0,1,5,122,158,135
83742,2.0,5.0,3.0,9.0,2.0,1.0,0.5,0.4,30.0,55,8320.0,1,4,125,157,135
83742,2.0,5.0,3.0,9.0,2.0,1.0,0.5,0.4,30.0,56,8275.0,1,4,125,159,134
83742,2.0,5.0,3.0,9.0,2.0,1.0,0.5,0.4,30.0,57,8335.0,1,4,125,159,133
83742,2.0,5.0,3.0,9.0,2.0,1.0,0.5,0.4,30.0,58,8275.0,1,4,127,162,135
83742,2.0,5.0,3.0,9.0,2.0,1.0,0.5,0.4,30.0,59,8395.0,1,3,128,160,134
83742,2.0,5.0,3.0,9.0,2.0,1.0,0.5,0.4,30.0,60,8335.0,1,2,127,161,132
83742,2.0,5.0,3.0,9.0,2.0,1.0,0.5,0.4,30.0,61,8275.0,1,3,127,158,132
83742,2.0,5.0,3.0,9.0,2.0,1.0,0.5,0.4,30.0,62,8185.0,1,3,129,158,134
83742,2.0,5.0,3.0,9.0,2.0,1.0,0.5,0.4,30.0,63,8320.0,1,3,131,159,136
83742,2.0,5.0,3.0,9.0,2.0,1.0,0.5,0.4,30.0,64,8410.0,1,3,135,158,140
83742,2.0,5.0,3.0,9.0,2.0,1.0,0.5,0.4,30.0,65,8620.0,1,3,135,162,140
83742,2.0,5.0,3.0,9.0,2.0,1.0,0.5,0.4,30.0,66,8680.0,1,2,134,163,138
83742,2.0,5.0,3.0,9.0,2.0,1.0,0.5,0.4,30.0,67,8770.0,0,2,136,167,139
83742,2.0,5.0,3.0,9.0,2.0,1.0,0.5,0.4,30.0,68,8740.0,0,2,135,167,138
83742,2.0,5.0,3.0,9.0,2.0,1.0,0.5,0.4,30.0,69,8710.0,0,2,133,166,136
83742,2.0,5.0,3.0,9.0,2.0,1.0,0.5,0.4,30.0,70,8665.0,0,2,135,163,138
83742,2.0,5.0,3.0,9.0,2.0,1.0,0.5,0.4,30.0,71,8665.0,0,2,136,163,139
83742,2.0,5.0,3.0,9.0,2.0,1.0,0.5,0.4,30.0,72,8530.0,0,2,134,161,136
83742,2.0,5.0,3.0,9.0,2.0,1.0,0.5,0.4,30.0,73,8500.0,0,2,131,163,133
83742,2.0,5.0,3.0,9.0,2.0,1.0,0.5,0.4,30.0,74,8515.0,0,2,135,161,137
83742,2.0,5.0,3.0,9.0,2.0,1.0,0.5,0.4,30.0,75,8635.0,0,1,134,160,135
83742,2.0,5.0,3.0,9.0,2.0,1.0,0.5,0.4,30.0,76,8455.0,0,1,138,160,139
83742,2.0,5.0,3.0,9.0,2.0,1.0,0.5,0.4,30.0,77,8440.0,0,0,139,156,139
83742,2.0,5.0,3.0,9.0,2.0,1.0,0.5,0.4,30.0,78,8335.0,0,0,137,158,137
83742,2.0,5.0,3.0,9.0,2.0,1.0,0.5,0.4,30.0,79,8350.0,0,0,132,162,132
83742,2.0,5.0,3.0,9.0,2.0,1.0,0.5,0.4,30.0,80,8275.0,0,0,133,162,133
83742,2.0,5.0,3.0,9.0,2.0,1.0,0.5,0.4,30.0,81,8410.0,0,0,129,163,129
83742,2.0,5.0,3.0,9.0,2.0,1.0,0.5,0.4,30.0,82,8425.0,0,0,125,168,125
83742,2.0,5.0,3.0,9.0,2.0,1.0,0.5,0.4,30.0,83,8335.0,0,0,121,172,121
83742,2.0,5.0,3.0,9.0,2.0,1.0,0.5,0.4,30.0,84,8380.0,0,0,123,175,123
83742,2.0,5.0,3.0,9.0,2.0,1.0,0.5,0.4,30.0,85,8560.0,0,0,128,177,128
83742,2.0,5.0,3.0,9.0,2.0,1.0,0.5,0.4,30.0,86,8695.0,0,0,121,180,121
83742,2.0,5.0,3.0,9.0,2.0,1.0,0.5,0.4,30.0,87,8665.0,0,0,123,180,123
83742,2.0,5.0,3.0,9.0,2.0,1.0,0.5,0.4,30.0,88,8815.0,0,0,125,178,125
83742,2.0,5.0,3.0,9.0,2.0,1.0,0.5,0.4,30.0,89,8845.0,0,0,125,181,125
83742,2.0,5.0,3.0,9.0,2.0,1.0,0.5,0.4,30.0,90,8830.0,0,0,123,178,123
83742,2.0,5.0,3.0,9.0,2.0,1.0,0.5,0.4,30.0,91,8770.0,0,0,118,182,118
83742,2.0,5.0,3.0,9.0,2.0,1.0,0.5,0.4,30.0,92,8635.0,0,0,115,180,115
83742,2.0,5.0,3.0,9.0,2.0,1.0,0.5,0.4,30.0,93,8575.0,0,0,112,183,112
83742,2.0,5.0,3.0,9.0,2.0,1.0,0.5,0.4,30.0,94,8485.0,0,0,112,187,112
83742,2.0,5.0,3.0,9.0,2.0,1.0,0.5,0.4,30.0,95,8590.0,0,0,109,191,109
83742,2.0,5.0,3.0,9.0,2.0,1.0,0.5,0.4,30.0,96,8440.0,0,0,100,189,100
83742,2.0,5.0,3.0,9.0,2.0,1.0,0.5,0.4,30.0,97,8320.0,0,0,102,191,102
83742,2.0,5.0,3.0,9.0,2.0,1.0,0.5,0.4,30.0,98,8305.0,0,0,99,195,99
83742,2.0,5.0,3.0,9.0,2.0,1.0,0.5,0.4,30.0,99,8320.0,0,0,98,196,98
83742,2.0,5.0,3.0,9.0,2.0,1.0,0.5,0.4,30.0,100,8320.0,0,0,95,199,95
83742,2.0,5.0,3.0,9.0,2.0,1.0,0.5,0.4,30.0,101,8350.0,0,0,91,199,91
83742,2.0,5.0,3.0,9.0,2.0,1.0,0.5,0.4,30.0,102,8350.0,0,0,94,202,94
83742,2.0,5.0,3.0,9.0,2.0,1.0,0.5,0.4,30.0,103,8425.0,0,0,90,206,90
83742,2.0,5.0,3.0,9.0,2.0,1.0,0.5,0.4,30.0,104,8440.0,0,0,87,214,87
83742,2.0,5.0,3.0,9.0,2.0,1.0,0.5,0.4,30.0,105,8590.0,0,0,85,214,85
83742,2.0,5.0,3.0,9.0,2.0,1.0,0.5,0.4,30.0,106,8635.0,0,0,80,222,80
83742,2.0,5.0,3.0,9.0,2.0,1.0,0.5,0.4,30.0,107,8605.0,0,0,75,223,75
83742,2.0,5.0,3.0,9.0,2.0,1.0,0.5,0.4,30.0,108,8560.0,0,0,74,222,74
83742,2.0,5.0,3.0,9.0,2.0,1.0,0.5,0.4,30.0,109,8605.0,0,0,74,228,74
83742,2.0,5.0,3.0,9.0,2.0,1.0,0.5,0.4,30.0,110,8695.0,0,0,71,231,71
83742,2.0,5.0,3.0,9.0,2.0,1.0,0.5,0.4,30.0,111,8725.0,0,0,71,233,71
83742,2.0,5.0,3.0,9.0,2.0,1.0,0.5,0.4,30.0,112,8725.0,0,0,67,234,67
83742,2.0,5.0,3.0,9.0,2.0,1.0,0.5,0.4,30.0,113,8545.0,0,0,66,235,66
83742,2.0,5.0,3.0,9.0,2.0,1.0,0.5,0.4,30.0,114,8605.0,0,0,64,235,64
83742,2.0,5.0,3.0,9.0,2.0,1.0,0.5,0.4,30.0,115,8470.0,0,0,63,232,63
83742,2.0,5.0,3.0,9.0,2.0,1.0,0.5,0.4,30.0,116,8380.0,0,0,63,231,63
83742,2.0,5.0,3.0,9.0,2.0,1.0,0.5,0.4,30.0,117,8440.0,0,0,64,235,64
83742,2.0,5.0,3.0,9.0,2.0,1.0,0.5,0.4,30.0,118,8590.0,0,0,60,242,60
83742,2.0,5.0,3.0,9.0,2.0,1.0,0.5,0.4,30.0,119,8650.0,0,0,56,244,56
83742,2.0,5.0,3.0,9.0,2.0,1.0,0.5,0.4,30.0,120,8635.0,0,0,51,248,51
83742,2.0,5.0,3.0,9.0,2.0,1.0,0.5,0.4,30.0,121,8515.0,0,0,46,251,46
83742,2.0,5.0,3.0,9.0,2.0,1.0,0.5,0.4,30.0,122,8470.0,0,0,44,255,44
83742,2.0,5.0,3.0,9.0,2.0,1.0,0.5,0.4,30.0,123,8365.0,0,0,41,253,41
83742,2.0,5.0,3.0,9.0,2.0,1.0,0.5,0.4,30.0,124,8470.0,0,0,40,255,40
83742,2.0,5.0,3.0,9.0,2.0,1.0,0.5,0.4,30.0,125,8395.0,0,0,39,256,39
83742,2.0,5.0,3.0,9.0,2.0,1.0,0.5,0.4,30.0,126,8440.0,0,0,40,258,40
83742,2.0,5.0,3.0,9.0,2.0,1.0,0.5,0.4,30.0,127,8470.0,0,0,38,262,38
83742,2.0,5.0,3.0,9.0,2.0,1.0,0.5,0.4,30.0,128,8560.0,0,0,36,262,36
83742,2.0,5.0,3.0,9.0,2.0,1.0,0.5,0.4,30.0,129,8530.0,0,0,34,263,34
83742,2.0,5.0,3.0,9.0,2.0,1.0,0.5,0.4,30.0,130,8500.0,0,0,33,263,33
83742,2.0,5.0,3.0,9.0,2.0,1.0,0.5,0.4,30.0,131,8485.0,0,0,31,266,31
83742,2.0,5.0,3.0,9.0,2.0,1.0,0.5,0.4,30.0,132,8605.0,0,0,30,270,30
83742,2.0,5.0,3.0,9.0,2.0,1.0,0.5,0.4,30.0,133,8560.0,0,0,27,273,27
83742,2.0,5.0,3.0,9.0,2.0,1.0,0.5,0.4,30.0,134,8500.0,0,0,26,272,26
83742,2.0,5.0,3.0,9.0,2.0,1.0,0.5,0.4,30.0,135,8620.0,0,0,26,275,26
83742,2.0,5.0,3.0,9.0,2.0,1.0,0.5,0.4,30.0,136,8605.0,0,0,28,270,28
83742,2.0,5.0,3.0,9.0,2.0,1.0,0.5,0.4,30.0,137,8560.0,0,0,29,272,29
83742,2.0,5.0,3.0,9.0,2.0,1.0,0.5,0.4,30.0,138,8620.0,0,0,28,273,28
83742,2.0,5.0,3.0,9.0,2.0,1.0,0.5,0.4,30.0,139,8695.0,0,0,27,272,27
83742,2.0,5.0,3.0,9.0,2.0,1.0,0.5,0.4,30.0,140,8650.0,0,0,25,274,25
83742,2.0,5.0,3.0,9.0,2.0,1.0,0.5,0.4,30.0,141,8425.0,0,0,24,271,24
83742,2.0,5.0,3.0,9.0,2.0,1.0,0.5,0.4,30.0,142,8395.0,0,0,25,269,25
83742,2.0,5.0,3.0,9.0,2.0,1.0,0.5,0.4,30.0,143,8395.0,0,0,26,268,26
83742,2.0,5.0,3.0,9.0,2.0,1.0,0.5,0.4,30.0,144,8410.0,0,0,29,268,29
83742,2.0,5.0,3.0,9.0,2.0,1.0,0.5,0.4,30.0,145,8410.0,0,0,30,268,30
83742,2.0,5.0,3.0,9.0,2.0,1.0,0.5,0.4,30.0,146,8440.0,0,0,32,266,32
83742,2.0,5.0,3.0,9.0,2.0,1.0,0.5,0.4,30.0,147,8515.0,0,0,33,267,33
83742,2.0,5.0,3.0,9.0,2.0,1.0,0.5,0.4,30.0,148,8560.0,0,0,32,263,32
83742,2.0,5.0,3.0,9.0,2.0,1.0,0.5,0.4,30.0,149,8545.0,0,0,32,263,32
83742,2.0,5.0,3.0,9.0,2.0,1.0,0.5,0.4,30.0,150,8395.0,0,0,31,266,31
83742,2.0,5.0,3.0,9.0,2.0,1.0,0.5,0.4,30.0,151,8605.0,0,0,32,273,32
83742,2.0,5.0,3.0,9.0,2.0,1.0,0.5,0.4,30.0,152,8725.0,0,0,33,272,33
83742,2.0,5.0,3.0,9.0,2.0,1.0,0.5,0.4,30.0,153,8710.0,0,0,31,271,31
83742,2.0,5.0,3.0,9.0,2.0,1.0,0.5,0.4,30.0,154,8725.0,0,0,30,268,30
83742,2.0,5.0,3.0,9.0,2.0,1.0,0.5,0.4,30.0,155,8620.0,0,0,30,270,30
83742,2.0,5.0,3.0,9.0,2.0,1.0,0.5,0.4,30.0,156,8515.0,0,0,29,264,29
83742,2.0,5.0,3.0,9.0,2.0,1.0,0.5,0.4,30.0,157,8425.0,0,0,29,262,29
83742,2.0,5.0,3.0,9.0,2.0,1.0,0.5,0.4,30.0,158,8425.0,0,0,29,264,29
83742,2.0,5.0,3.0,9.0,2.0,1.0,0.5,0.4,30.0,159,8395.0,0,0,28,268,28
83742,2.0,5.0,3.0,9.0,2.0,1.0,0.5,0.4,30.0,160,8500.0,0,0,27,270,27
83742,2.0,5.0,3.0,9.0,2.0,1.0,0.5,0.4,30.0,161,8440.0,0,0,24,277,24
83742,2.0,5.0,3.0,9.0,2.0,1.0,0.5,0.4,30.0,162,8410.0,0,0,22,273,22
83742,2.0,5.0,3.0,9.0,2.0,1.0,0.5,0.4,30.0,163,8410.0,0,0,19,272,19
83742,2.0,5.0,3.0,9.0,2.0,1.0,0.5,0.4,30.0,164,8365.0,0,0,16,275,16
83742,2.0,5.0,3.0,9.0,2.0,1.0,0.5,0.4,30.0,165,8275.0,0,0,14,278,14
83742,2.0,5.0,3.0,9.0,2.0,1.0,0.5,0.4,30.0,166,8290.0,0,0,15,281,15
83742,2.0,5.0,3.0,9.0,2.0,1.0,0.5,0.4,30.0,167,8395.0,0,0,15,285,15
83742,2.0,5.0,3.0,9.0,2.0,1.0,0.5,0.4,30.0,168,8650.0,0,0,15,290,15
83742,2.0,5.0,3.0,9.0,2.0,1.0,0.5,0.4,30.0,169,8755.0,0,0,13,291,13
83742,2.0,5.0,3.0,9.0,2.0,1.0,0.5,0.4,30.0,170,8695.0,0,0,11,287,11
83742,2.0,5.0,3.0,9.0,2.0,1.0,0.5,0.4,30.0,171,8620.0,0,0,8,292,8
83742,2.0,5.0,3.0,9.0,2.0,1.0,0.5,0.4,30.0,172,8545.0,0,0,8,289,8
83742,2.0,5.0,3.0,9.0,2.0,1.0,0.5,0.4,30.0,173,8530.0,0,0,8,291,8
83742,2.0,5.0,3.0,9.0,2.0,1.0,0.5,0.4,30.0,174,8605.0,0,0,5,296,5
83742,2.0,5.0,3.0,9.0,2.0,1.0,0.5,0.4,30.0,175,8605.0,0,0,5,293,5
83742,2.0,5.0,3.0,9.0,2.0,1.0,0.5,0.4,30.0,176,8545.0,0,0,5,299,5
83742,2.0,5.0,3.0,9.0,2.0,1.0,0.5,0.4,30.0,177,8605.0,0,0,4,298,4
83742,2.0,5.0,3.0,9.0,2.0,1.0,0.5,0.4,30.0,178,8620.0,0,0,3,296,3
83742,2.0,5.0,3.0,9.0,2.0,1.0,0.5,0.4,30.0,179,8500.0,0,0,2,294,2
83742,2.0,5.0,3.0,9.0,2.0,1.0,0.5,0.4,30.0,180,8485.0,0,0,2,291,2
83742,2.0,5.0,3.0,9.0,2.0,1.0,0.5,0.4,30.0,181,8500.0,0,0,1,293,1
83742,2.0,5.0,3.0,9.0,2.0,1.0,0.5,0.4,30.0,182,8335.0,0,0,1,292,1
83742,2.0,5.0,3.0,9.0,2.0,1.0,0.5,0.4,30.0,183,8410.0,0,0,1,294,1
83742,2.0,5.0,3.0,9.0,2.0,1.0,0.5,0.4,30.0,184,8470.0,0,0,0,295,0
83742,2.0,5.0,3.0,9.0,2.0,1.0,0.5,0.4,30.0,185,8335.0,0,0,0,294,0
83742,2.0,5.0,3.0,9.0,2.0,1.0,0.5,0.4,30.0,186,8395.0,0,0,0,292,0
83742,2.0,5.0,3.0,9.0,2.0,1.0,0.5,0.4,30.0,187,8305.0,0,0,0,291,0
83742,2.0,5.0,3.0,9.0,2.0,1.0,0.5,0.4,30.0,188,8200.0,0,0,0,292,0
83742,2.0,5.0,3.0,9.0,2.0,1.0,0.5,0.4,30.0,189,8425.0,0,0,0,300,0
83742,2.0,5.0,3.0,9.0,2.0,1.0,0.5,0.4,30.0,190,8500.0,0,0,0,296,0
83742,2.0,5.0,3.0,9.0,2.0,1.0,0.5,0.4,30.0,191,8515.0,0,0,0,299,0
83742,2.0,5.0,3.0,9.0,2.0,1.0,0.5,0.4,30.0,192,8680.0,0,0,0,302,0
83742,2.0,5.0,3.0,9.0,2.0,1.0,0.5,0.4,30.0,193,8710.0,0,0,0,305,0
83742,2.0,5.0,3.0,9.0,2.0,1.0,0.5,0.4,30.0,194,8800.0,0,0,0,308,0
83742,2.0,5.0,3.0,9.0,2.0,1.0,0.5,0.4,30.0,195,8815.0,0,0,0,304,0
83742,2.0,5.0,3.0,9.0,2.0,1.0,0.5,0.4,30.0,196,8710.0,0,0,0,300,0
83742,2.0,5.0,3.0,9.0,2.0,1.0,0.5,0.4,30.0,197,8710.0,0,0,0,298,0
83742,2.0,5.0,3.0,9.0,2.0,1.0,0.5,0.4,30.0,198,8560.0,0,0,0,299,0
83742,2.0,5.0,3.0,9.0,2.0,1.0,0.5,0.4,30.0,199,8560.0,0,0,0,295,0
83742,2.0,5.0,3.0,9.0,2.0,1.0,0.5,0.4,30.0,200,8350.0,0,0,0,294,0
83742,2.0,5.0,3.0,9.0,2.0,1.0,0.5,0.4,30.0,201,8425.0,0,0,0,297,0
83742,2.0,5.0,3.0,9.0,2.0,1.0,0.5,0.4,30.0,202,8545.0,0,0,0,297,0
83742,2.0,5.0,3.0,9.0,2.0,1.0,0.5,0.4,30.0,203,8605.0,0,0,0,302,0
83742,2.0,5.0,3.0,9.0,2.0,1.0,0.5,0.4,30.0,204,8455.0,0,0,0,294,0
83742,2.0,5.0,3.0,9.0,2.0,1.0,0.5,0.4,30.0,205,8395.0,0,0,0,294,0
83742,2.0,5.0,3.0,9.0,2.0,1.0,0.5,0.4,30.0,206,8455.0,0,0,0,298,0
83742,2.0,5.0,3.0,9.0,2.0,1.0,0.5,0.4,30.0,207,8455.0,0,0,0,298,0
83742,2.0,5.0,3.0,9.0,2.0,1.0,0.5,0.4,30.0,208,8560.0,0,0,0,299,0
83742,2.0,5.0,3.0,9.0,2.0,1.0,0.5,0.4,30.0,209,8560.0,0,0,0,293,0
83742,2.0,5.0,3.0,9.0,2.0,1.0,0.5,0.4,30.0,210,8470.0,0,0,0,297,0
83742,2.0,5.0,3.0,9.0,2.0,1.0,0.5,0.4,30.0,211,8395.0,0,0,0,291,0
83742,2.0,5.0,3.0,9.0,2.0,1.0,0.5,0.4,30.0,212,8290.0,0,0,0,291,0
83742,2.0,5.0,3.0,9.0,2.0,1.0,0.5,0.4,30.0,213,8350.0,0,0,0,296,0
83742,2.0,5.0,3.0,9.0,2.0,1.0,0.5,0.4,30.0,214,8335.0,0,0,0,292,0
83742,2.0,5.0,3.0,9.0,2.0,1.0,0.5,0.4,30.0,215,8395.0,0,0,0,294,0
83742,2.0,5.0,3.0,9.0,2.0,1.0,0.5,0.4,30.0,216,8470.0,0,0,0,296,0
83742,2.0,5.0,3.0,9.0,2.0,1.0,0.5,0.4,30.0,217,8575.0,0,0,0,305,0
83742,2.0,5.0,3.0,9.0,2.0,1.0,0.5,0.4,30.0,218,8755.0,0,0,0,305,0
83742,2.0,5.0,3.0,9.0,2.0,1.0,0.5,0.4,30.0,219,8770.0,0,0,0,302,0
83742,2.0,5.0,3.0,9.0,2.0,1.0,0.5,0.4,30.0,220,8740.0,0,0,0,304,0
83742,2.0,5.0,3.0,9.0,2.0,1.0,0.5,0.4,30.0,221,8740.0,0,0,0,305,0
83742,2.0,5.0,3.0,9.0,2.0,1.0,0.5,0.4,30.0,222,8770.0,0,0,0,305,0
83742,2.0,5.0,3.0,9.0,2.0,1.0,0.5,0.4,30.0,223,8800.0,0,0,0,304,0
83742,2.0,5.0,3.0,9.0,2.0,1.0,0.5,0.4,30.0,224,8740.0,0,0,0,299,0
83742,2.0,5.0,3.0,9.0,2.0,1.0,0.5,0.4,30.0,225,8620.0,0,0,0,298,0
83742,2.0,5.0,3.0,9.0,2.0,1.0,0.5,0.4,30.0,226,8590.0,0,0,0,292,0
83742,2.0,5.0,3.0,9.0,2.0,1.0,0.5,0.4,30.0,227,8395.0,0,0,0,291,0
83742,2.0,5.0,3.0,9.0,2.0,1.0,0.5,0.4,30.0,228,8185.0,0,0,0,288,0
83742,2.0,5.0,3.0,9.0,2.0,1.0,0.5,0.4,30.0,229,8065.0,0,0,0,284,0
83742,2.0,5.0,3.0,9.0,2.0,1.0,0.5,0.4,30.0,230,8110.0,0,0,0,288,0
83742,2.0,5.0,3.0,9.0,2.0,1.0,0.5,0.4,30.0,231,8140.0,0,0,0,287,0
83742,2.0,5.0,3.0,9.0,2.0,1.0,0.5,0.4,30.0,232,8170.0,0,0,0,295,0
83742,2.0,5.0,3.0,9.0,2.0,1.0,0.5,0.4,30.0,233,8425.0,0,0,0,298,0
83742,2.0,5.0,3.0,9.0,2.0,1.0,0.5,0.4,30.0,234,8470.0,0,0,0,301,0
83742,2.0,5.0,3.0,9.0,2.0,1.0,0.5,0.4,30.0,235,8650.0,0,0,0,305,0
83742,2.0,5.0,3.0,9.0,2.0,1.0,0.5,0.4,30.0,236,8815.0,0,0,0,304,0
83742,2.0,5.0,3.0,9.0,2.0,1.0,0.5,0.4,30.0,237,8905.0,0,0,0,307,0
83742,2.0,5.0,3.0,9.0,2.0,1.0,0.5,0.4,30.0,238,9055.0,0,0,0,310,0
83742,2.0,5.0,3.0,9.0,2.0,1.0,0.5,0.4,30.0,239,9010.0,0,0,0,307,0
83742,2.0,5.0,3.0,9.0,2.0,1.0,0.5,0.4,30.0,240,8950.0,0,0,0,306,0
83742,2.0,5.0,3.0,9.0,2.0,1.0,0.5,0.4,30.0,241,8935.0,0,0,0,301,0
83742,2.0,5.0,3.0,9.0,2.0,1.0,0.5,0.4,30.0,242,8800.0,0,0,0,303,0
83742,2.0,5.0,3.0,9.0,2.0,1.0,0.5,0.4,30.0,243,8635.0,0,0,0,294,0
83742,2.0,5.0,3.0,9.0,2.0,1.0,0.5,0.4,30.0,244,8650.0,0,0,0,285,0
83742,2.0,5.0,3.0,9.0,2.0,1.0,0.5,0.4,30.0,245,8380.0,0,0,0,282,0
83742,2.0,5.0,3.0,9.0,2.0,1.0,0.5,0.4,30.0,246,8140.0,0,0,0,285,0
83742,2.0,5.0,3.0,9.0,2.0,1.0,0.5,0.4,30.0,247,7945.0,0,0,0,283,0
83742,2.0,5.0,3.0,9.0,2.0,1.0,0.5,0.4,30.0,248,7861.25,0,0,0,283,0
83742,2.0,5.0,3.0,9.0,2.0,1.0,0.5,0.4,30.0,249,7996.5625,0,0,0,282,0
83742,2.0,5.0,3.0,9.0,2.0,1.0,0.5,0.4,30.0,250,8000.703125,0,0,0,285,0
83742,2.0,5.0,3.0,9.0,2.0,1.0,0.5,0.4,30.0,251,8110.0,0,0,0,292,0
83742,2.0,5.0,3.0,9.0,2.0,1.0,0.5,0.4,30.0,252,8410.0,0,0,0,296,0
83742,2.0,5.0,3.0,9.0,2.0,1.0,0.5,0.4,30.0,253,8515.0,0,0,0,301,0
83742,2.0,5.0,3.0,9.0,2.0,1.0,0.5,0.4,30.0,254,8740.0,0,0,0,307,0
83742,2.0,5.0,3.0,9.0,2.0,1.0,0.5,0.4,30.0,255,8920.0,0,0,0,311,0
83742,2.0,5.0,3.0,9.0,2.0,1.0,0.5,0.4,30.0,256,8965.0,0,0,0,308,0
83742,2.0,5.0,3.0,9.0,2.0,1.0,0.5,0.4,30.0,257,8980.0,0,0,0,308,0
83742,2.0,5.0,3.0,9.0,2.0,1.0,0.5,0.4,30.0,258,8890.0,0,0,0,304,0
83742,2.0,5.0,3.0,9.0,2.0,1.0,0.5,0.4,30.0,259,8815.0,0,0,0,306,0
83742,2.0,5.0,3.0,9.0,2.0,1.0,0.5,0.4,30.0,260,8740.0,0,0,0,299,0
83742,2.0,5.0,3.0,9.0,2.0,1.0,0.5,0.4,30.0,261,8755.0,0,0,0,299,0
83742,2.0,5.0,3.0,9.0,2.0,1.0,0.5,0.4,30.0,262,8650.0,0,0,0,301,0
83742,2.0,5.0,3.0,9.0,2.0,1.0,0.5,0.4,30.0,263,8560.0,0,0,0,298,0
83742,2.0,5.0,3.0,9.0,2.0,1.0,0.5,0.4,30.0,264,8410.0,0,0,0,294,0
83742,2.0,5.0,3.0,9.0,2.0,1.0,0.5,0.4,30.0,265,8215.0,0,0,0,287,0
83742,2.0,5.0,3.0,9.0,2.0,1.0,0.5,0.4,30.0,266,8110.0,0,0,0,282,0
83742,2.0,5.0,3.0,9.0,2.0,1.0,0.5,0.4,30.0,267,8065.0,0,0,0,290,0
83742,2.0,5.0,3.0,9.0,2.0,1.0,0.5,0.4,30.0,268,8050.0,0,0,0,293,0
83742,2.0,5.0,3.0,9.0,2.0,1.0,0.5,0.4,30.0,269,8290.0,0,0,0,296,0
83742,2.0,5.0,3.0,9.0,2.0,1.0,0.5,0.4,30.0,270,8230.0,0,0,0,292,0
83742,2.0,5.0,3.0,9.0,2.0,1.0,0.5,0.4,30.0,271,8365.0,0,0,0,296,0
83742,2.0,5.0,3.0,9.0,2.0,1.0,0.5,0.4,30.0,272,8530.0,0,0,0,298,0
83742,2.0,5.0,3.0,9.0,2.0,1.0,0.5,0.4,30.0,273,8650.0,0,0,0,301,0
83742,2.0,5.0,3.0,9.0,2.0,1.0,0.5,0.4,30.0,274,8665.0,0,0,0,299,0
83742,2.0,5.0,3.0,9.0,2.0,1.0,0.5,0.4,30.0,275,8680.0,0,0,0,304,0
83742,2.0,5.0,3.0,9.0,2.0,1.0,0.5,0.4,30.0,276,8800.0,0,0,0,303,0
83742,2.0,5.0,3.0,9.0,2.0,1.0,0.5,0.4,30.0,277,8830.0,0,0,0,306,0
83742,2.0,5.0,3.0,9.0,2.0,1.0,0.5,0.4,30.0,278,8890.0,0,0,0,300,0
83742,2.0,5.0,3.0,9.0,2.0,1.0,0.5,0.4,30.0,279,8725.0,0,0,0,297,0
83742,2.0,5.0,3.0,9.0,2.0,1.0,0.5,0.4,30.0,280,8530.0,0,0,0,294,0
83742,2.0,5.0,3.0,9.0,2.0,1.0,0.5,0.4,30.0,281,8515.0,0,0,0,300,0
83742,2.0,5.0,3.0,9.0,2.0,1.0,0.5,0.4,30.0,282,8395.0,0,0,0,295,0
83742,2.0,5.0,3.0,9.0,2.0,1.0,0.5,0.4,30.0,283,8425.0,0,0,0,295,0
83742,2.0,5.0,3.0,9.0,2.0,1.0,0.5,0.4,30.0,284,8365.0,0,0,0,301,0
83742,2.0,5.0,3.0,9.0,2.0,1.0,0.5,0.4,30.0,285,8350.0,0,0,0,294,0
83742,2.0,5.0,3.0,9.0,2.0,1.0,0.5,0.4,30.0,286,8320.0,0,0,0,291,0
83742,2.0,5.0,3.0,9.0,2.0,1.0,0.5,0.4,30.0,287,8260.0,0,0,0,296,0
83742,2.0,5.0,3.0,9.0,2.0,1.0,0.5,0.4,30.0,288,8425.0,0,0,0,298,0
83742,2.0,5.0,3.0,9.0,2.0,1.0,0.5,0.4,30.0,289,8470.0,0,0,0,298,0
83742,2.0,5.0,3.0,9.0,2.0,1.0,0.5,0.4,30.0,290,8545.0,0,0,0,301,0
83742,2.0,5.0,3.0,9.0,2.0,1.0,0.5,0.4,30.0,291,8695.0,0,0,0,304,0
83742,2.0,5.0,3.0,9.0,2.0,1.0,0.5,0.4,30.0,292,8725.0,0,0,0,305,0
83742,2.0,5.0,3.0,9.0,2.0,1.0,0.5,0.4,30.0,293,8695.0,0,0,0,299,0
83742,2.0,5.0,3.0,9.0,2.0,1.0,0.5,0.4,30.0,294,8590.0,0,0,0,297,0
83742,2.0,5.0,3.0,9.0,2.0,1.0,0.5,0.4,30.0,295,8545.0,0,0,0,300,0
83742,2.0,5.0,3.0,9.0,2.0,1.0,0.5,0.4,30.0,296,8575.0,0,0,0,299,0
83742,2.0,5.0,3.0,9.0,2.0,1.0,0.5,0.4,30.0,297,8440.0,0,0,0,302,0
83742,2.0,5.0,3.0,9.0,2.0,1.0,0.5,0.4,30.0,298,8590.0,0,0,0,301,0
83742,2.0,5.0,3.0,9.0,2.0,1.0,0.5,0.4,30.0,299,8620.0,0,0,0,300,0
83742,2.0,5.0,3.0,9.0,2.0,1.0,0.5,0.4,30.0,300,8590.0,0,0,0,299,0
83742,2.0,5.0,3.0,9.0,2.0,1.0,0.5,0.4,30.0,301,8605.0,0,0,0,299,0
83742,2.0,5.0,3.0,9.0,2.0,1.0,0.5,0.4,30.0,302,8560.0,0,0,0,297,0
83742,2.0,5.0,3.0,9.0,2.0,1.0,0.5,0.4,30.0,303,8590.0,0,0,0,298,0
83742,2.0,5.0,3.0,9.0,2.0,1.0,0.5,0.4,30.0,304,8560.0,0,0,0,295,0
83742,2.0,5.0,3.0,9.0,2.0,1.0,0.5,0.4,30.0,305,8260.0,0,0,0,291,0
83742,2.0,5.0,3.0,9.0,2.0,1.0,0.5,0.4,30.0,306,8350.0,0,0,0,292,0
83742,2.0,5.0,3.0,9.0,2.0,1.0,0.5,0.4,30.0,307,8260.0,0,0,0,293,0
83742,2.0,5.0,3.0,9.0,2.0,1.0,0.5,0.4,30.0,308,8395.0,0,0,0,297,0
83742,2.0,5.0,3.0,9.0,2.0,1.0,0.5,0.4,30.0,309,8440.0,0,0,0,294,0
83742,2.0,5.0,3.0,9.0,2.0,1.0,0.5,0.4,30.0,310,8485.0,0,0,0,295,0
83742,2.0,5.0,3.0,9.0,2.0,1.0,0.5,0.4,30.0,311,8545.0,0,0,0,299,0
83742,2.0,5.0,3.0,9.0,2.0,1.0,0.5,0.4,30.0,312,8425.0,0,0,0,293,0
83742,2.0,5.0,3.0,9.0,2.0,1.0,0.5,0.4,30.0,313,8380.0,0,0,0,295,0
83742,2.0,5.0,3.0,9.0,2.0,1.0,0.5,0.4,30.0,314,8500.0,0,0,0,303,0
83742,2.0,5.0,3.0,9.0,2.0,1.0,0.5,0.4,30.0,315,8665.0,0,0,0,303,0
83742,2.0,5.0,3.0,9.0,2.0,1.0,0.5,0.4,30.0,316,8725.0,0,0,0,304,0
83742,2.0,5.0,3.0,9.0,2.0,1.0,0.5,0.4,30.0,317,8785.0,0,0,0,300,0
83742,2.0,5.0,3.0,9.0,2.0,1.0,0.5,0.4,30.0,318,8545.0,0,0,0,298,0
83742,2.0,5.0,3.0,9.0,2.0,1.0,0.5,0.4,30.0,319,8620.0,0,0,0,301,0
83742,2.0,5.0,3.0,9.0,2.0,1.0,0.5,0.4,30.0,320,8485.0,0,0,0,299,0
83742,2.0,5.0,3.0,9.0,2.0,1.0,0.5,0.4,30.0,321,8650.0,0,0,0,301,0
83742,2.0,5.0,3.0,9.0,2.0,1.0,0.5,0.4,30.0,322,8635.0,0,0,0,300,0
83742,2.0,5.0,3.0,9.0,2.0,1.0,0.5,0.4,30.0,323,8755.0,0,0,0,308,0
83742,2.0,5.0,3.0,9.0,2.0,1.0,0.5,0.4,30.0,324,8725.0,0,0,0,301,0
83742,2.0,5.0,3.0,9.0,2.0,1.0,0.5,0.4,30.0,325,8845.0,0,0,0,295,0
83742,2.0,5.0,3.0,9.0,2.0,1.0,0.5,0.4,30.0,326,8815.0,0,0,0,292,0
83742,2.0,5.0,3.0,9.0,2.0,1.0,0.5,0.4,30.0,327,8485.0,0,0,0,283,0
83742,2.0,5.0,3.0,9.0,2.0,1.0,0.5,0.4,30.0,328,8530.0,0,0,0,282,0
83742,2.0,5.0,3.0,9.0,2.0,1.0,0.5,0.4,30.0,329,8350.0,0,0,0,282,0
83742,2.0,5.0,3.0,9.0,2.0,1.0,0.5,0.4,30.0,330,8185.0,0,0,0,285,0
83742,2.0,5.0,3.0,9.0,2.0,1.0,0.5,0.4,30.0,331,8035.0,0,0,0,285,0
83742,2.0,5.0,3.0,9.0,2.0,1.0,0.5,0.4,30.0,332,8125.0,0,0,0,291,0
83742,2.0,5.0,3.0,9.0,2.0,1.0,0.5,0.4,30.0,333,8365.0,0,0,0,297,0
83742,2.0,5.0,3.0,9.0,2.0,1.0,0.5,0.4,30.0,334,8380.0,0,0,0,294,0
83742,2.0,5.0,3.0,9.0,2.0,1.0,0.5,0.4,30.0,335,8335.0,0,0,0,297,0
83742,2.0,5.0,3.0,9.0,2.0,1.0,0.5,0.4,30.0,336,8470.0,0,0,0,297,0
83742,2.0,5.0,3.0,9.0,2.0,1.0,0.5,0.4,30.0,337,8620.0,0,0,0,302,0
83742,2.0,5.0,3.0,9.0,2.0,1.0,0.5,0.4,30.0,338,8665.0,0,0,0,303,0
83742,2.0,5.0,3.0,9.0,2.0,1.0,0.5,0.4,30.0,339,8695.0,0,0,0,301,0
83742,2.0,5.0,3.0,9.0,2.0,1.0,0.5,0.4,30.0,340,8710.0,0,0,0,307,0
83742,2.0,5.0,3.0,9.0,2.0,1.0,0.5,0.4,30.0,341,8770.0,0,0,0,301,0
83742,2.0,5.0,3.0,9.0,2.0,1.0,0.5,0.4,30.0,342,8725.0,0,0,0,300,0
83742,2.0,5.0,3.0,9.0,2.0,1.0,0.5,0.4,30.0,343,8620.0,0,0,0,305,0
83742,2.0,5.0,3.0,9.0,2.0,1.0,0.5,0.4,30.0,344,8785.0,0,0,0,307,0
83742,2.0,5.0,3.0,9.0,2.0,1.0,0.5,0.4,30.0,345,8620.0,0,0,0,299,0
83742,2.0,5.0,3.0,9.0,2.0,1.0,0.5,0.4,30.0,346,8485.0,0,0,0,297,0
83742,2.0,5.0,3.0,9.0,2.0,1.0,0.5,0.4,30.0,347,8665.0,0,0,0,300,0
83742,2.0,5.0,3.0,9.0,2.0,1.0,0.5,0.4,30.0,348,8620.0,0,0,0,290,0
83742,2.0,5.0,3.0,9.0,2.0,1.0,0.5,0.4,30.0,349,8455.0,0,0,0,289,0
83742,2.0,5.0,3.0,9.0,2.0,1.0,0.5,0.4,30.0,350,8290.0,0,0,0,292,0
83742,2.0,5.0,3.0,9.0,2.0,1.0,0.5,0.4,30.0,351,8185.0,0,0,0,287,0
83742,2.0,5.0,3.0,9.0,2.0,1.0,0.5,0.4,30.0,352,8095.0,0,0,0,289,0
83742,2.0,5.0,3.0,9.0,2.0,1.0,0.5,0.4,30.0,353,8260.0,0,0,0,296,0
83742,2.0,5.0,3.0,9.0,2.0,1.0,0.5,0.4,30.0,354,8380.0,0,0,0,300,0
83742,2.0,5.0,3.0,9.0,2.0,1.0,0.5,0.4,30.0,355,8605.0,0,0,0,297,0
83742,2.0,5.0,3.0,9.0,2.0,1.0,0.5,0.4,30.0,356,8515.0,0,0,0,296,0
83742,2.0,5.0,3.0,9.0,2.0,1.0,0.5,0.4,30.0,357,8455.0,0,0,0,293,0
83742,2.0,5.0,3.0,9.0,2.0,1.0,0.5,0.4,30.0,358,8440.0,0,0,0,295,0
83742,2.0,5.0,3.0,9.0,2.0,1.0,0.5,0.4,30.0,359,8440.0,0,0,0,298,0
83742,2.0,5.0,3.0,9.0,2.0,1.0,0.5,0.4,30.0,360,8455.0,0,0,0,301,0
83742,2.0,5.0,3.0,9.0,2.0,1.0,0.5,0.4,30.0,361,8770.0,0,0,0,303,0
83742,2.0,5.0,3.0,9.0,2.0,1.0,0.5,0.4,30.0,362,8755.0,0,0,0,306,0
83742,2.0,5.0,3.0,9.0,2.0,1.0,0.5,0.4,30.0,363,8860.0,0,0,0,308,0
83742,2.0,5.0,3.0,9.0,2.0,1.0,0.5,0.4,30.0,364,8950.0,0,0,0,308,0
83742,2.0,5.0,3.0,9.0,2.0,1.0,0.5,0.4,30.0,365,8815.0,0,0,0,301,0
83742,2.0,5.0,3.0,9.0,2.0,1.0,0.5,0.4,30.0,366,8815.0,0,0,0,295,0
83742,2.0,5.0,3.0,9.0,2.0,1.0,0.5,0.4,30.0,367,8635.0,0,0,0,288,0
83742,2.0,5.0,3.0,9.0,2.0,1.0,0.5,0.4,30.0,368,8455.0,0,0,0,284,0
83742,2.0,5.0,3.0,9.0,2.0,1.0,0.5,0.4,30.0,369,8305.0,0,0,0,291,0
83742,2.0,5.0,3.0,9.0,2.0,1.0,0.5,0.4,30.0,370,8305.0,0,0,0,296,0
83742,2.0,5.0,3.0,9.0,2.0,1.0,0.5,0.4,30.0,371,8500.0,0,0,0,299,0
83742,2.0,5.0,3.0,9.0,2.0,1.0,0.5,0.4,30.0,372,8425.0,0,0,0,295,0
83742,2.0,5.0,3.0,9.0,2.0,1.0,0.5,0.4,30.0,373,8350.0,0,0,0,290,0
83742,2.0,5.0,3.0,9.0,2.0,1.0,0.5,0.4,30.0,374,8335.0,0,0,0,291,0
83742,2.0,5.0,3.0,9.0,2.0,1.0,0.5,0.4,30.0,375,8230.0,0,0,0,291,0
83742,2.0,5.0,3.0,9.0,2.0,1.0,0.5,0.4,30.0,376,8230.0,0,0,0,291,0
83742,2.0,5.0,3.0,9.0,2.0,1.0,0.5,0.4,30.0,377,8425.0,0,0,0,295,0
83742,2.0,5.0,3.0,9.0,2.0,1.0,0.5,0.4,30.0,378,8530.0,0,0,0,298,0
83742,2.0,5.0,3.0,9.0,2.0,1.0,0.5,0.4,30.0,379,8440.0,0,0,0,297,0
83742,2.0,5.0,3.0,9.0,2.0,1.0,0.5,0.4,30.0,380,8605.0,0,0,0,302,0
83742,2.0,5.0,3.0,9.0,2.0,1.0,0.5,0.4,30.0,381,8755.0,0,0,0,305,0
83742,2.0,5.0,3.0,9.0,2.0,1.0,0.5,0.4,30.0,382,8605.0,0,0,0,298,0
83742,2.0,5.0,3.0,9.0,2.0,1.0,0.5,0.4,30.0,383,8560.0,0,0,0,295,0
83742,2.0,5.0,3.0,9.0,2.0,1.0,0.5,0.4,30.0,384,8530.0,0,0,0,296,0
83742,2.0,5.0,3.0,9.0,2.0,1.0,0.5,0.4,30.0,385,8515.0,0,0,0,299,0
83742,2.0,5.0,3.0,9.0,2.0,1.0,0.5,0.4,30.0,386,8635.0,0,0,0,306,0
83742,2.0,5.0,3.0,9.0,2.0,1.0,0.5,0.4,30.0,387,8665.0,0,0,0,301,0
83742,2.0,5.0,3.0,9.0,2.0,1.0,0.5,0.4,30.0,388,8575.0,0,0,0,295,0
83742,2.0,5.0,3.0,9.0,2.0,1.0,0.5,0.4,30.0,389,8410.0,0,0,0,291,0
83742,2.0,5.0,3.0,9.0,2.0,1.0,0.5,0.4,30.0,390,8320.0,0,0,0,291,0
83742,2.0,5.0,3.0,9.0,2.0,1.0,0.5,0.4,30.0,391,8275.0,0,0,0,296,0
83742,2.0,5.0,3.0,9.0,2.0,1.0,0.5,0.4,30.0,392,8440.0,0,0,0,297,0
83742,2.0,5.0,3.0,9.0,2.0,1.0,0.5,0.4,30.0,393,8470.0,0,0,0,295,0
83742,2.0,5.0,3.0,9.0,2.0,1.0,0.5,0.4,30.0,394,8605.0,0,0,0,298,0
83742,2.0,5.0,3.0,9.0,2.0,1.0,0.5,0.4,30.0,395,8590.0,0,0,0,302,0
83742,2.0,5.0,3.0,9.0,2.0,1.0,0.5,0.4,30.0,396,8470.0,0,0,0,296,0
83742,2.0,5.0,3.0,9.0,2.0,1.0,0.5,0.4,30.0,397,8395.0,0,0,0,294,0
83742,2.0,5.0,3.0,9.0,2.0,1.0,0.5,0.4,30.0,398,8410.0,0,0,0,296,0
83742,2.0,5.0,3.0,9.0,2.0,1.0,0.5,0.4,30.0,399,8455.0,0,0,0,298,0
83742,2.0,5.0,3.0,9.0,2.0,1.0,0.5,0.4,30.0,400,8785.0,0,0,0,309,0
83742,2.0,5.0,3.0,9.0,2.0,1.0,0.5,0.4,30.0,401,8770.0,0,0,0,307,0
83742,2.0,5.0,3.0,9.0,2.0,1.0,0.5,0.4,30.0,402,8860.0,0,0,0,306,0
83742,2.0,5.0,3.0,9.0,2.0,1.0,0.5,0.4,30.0,403,8920.0,0,0,0,295,0
83742,2.0,5.0,3.0,9.0,2.0,1.0,0.5,0.4,30.0,404,8815.0,0,0,0,287,0
83742,2.0,5.0,3.0,9.0,2.0,1.0,0.5,0.4,30.0,405,8635.0,0,0,0,287,0
83742,2.0,5.0,3.0,9.0,2.0,1.0,0.5,0.4,30.0,406,8500.0,0,0,0,287,0
83742,2.0,5.0,3.0,9.0,2.0,1.0,0.5,0.4,30.0,407,8395.0,0,0,0,294,0
83742,2.0,5.0,3.0,9.0,2.0,1.0,0.5,0.4,30.0,408,8320.0,0,0,0,286,0
83742,2.0,5.0,3.0,9.0,2.0,1.0,0.5,0.4,30.0,409,8125.0,0,0,0,287,0
83742,2.0,5.0,3.0,9.0,2.0,1.0,0.5,0.4,30.0,410,8230.0,0,0,0,294,0
83742,2.0,5.0,3.0,9.0,2.0,1.0,0.5,0.4,30.0,411,8245.0,0,0,0,293,0
83742,2.0,5.0,3.0,9.0,2.0,1.0,0.5,0.4,30.0,412,8185.0,0,0,0,289,0
83742,2.0,5.0,3.0,9.0,2.0,1.0,0.5,0.4,30.0,413,8260.0,0,0,0,289,0
83742,2.0,5.0,3.0,9.0,2.0,1.0,0.5,0.4,30.0,414,8245.0,0,0,0,287,0
83742,2.0,5.0,3.0,9.0,2.0,1.0,0.5,0.4,30.0,415,8260.0,0,0,0,295,0
83742,2.0,5.0,3.0,9.0,2.0,1.0,0.5,0.4,30.0,416,8470.0,0,0,0,300,0
83742,2.0,5.0,3.0,9.0,2.0,1.0,0.5,0.4,30.0,417,8590.0,0,0,0,300,0
83742,2.0,5.0,3.0,9.0,2.0,1.0,0.5,0.4,30.0,418,8665.0,0,0,0,301,0
83742,2.0,5.0,3.0,9.0,2.0,1.0,0.5,0.4,30.0,419,8635.0,0,0,0,301,0
83742,2.0,5.0,3.0,9.0,2.0,1.0,0.5,0.4,30.0,420,8695.0,0,0,0,299,0
83742,2.0,5.0,3.0,9.0,2.0,1.0,0.5,0.4,30.0,421,8695.0,0,0,0,303,0
83742,2.0,5.0,3.0,9.0,2.0,1.0,0.5,0.4,30.0,422,8815.0,0,0,0,307,0
83742,2.0,5.0,3.0,9.0,2.0,1.0,0.5,0.4,30.0,423,8830.0,0,0,0,305,0
83742,2.0,5.0,3.0,9.0,2.0,1.0,0.5,0.4,30.0,424,8785.0,0,0,0,298,0
83742,2.0,5.0,3.0,9.0,2.0,1.0,0.5,0.4,30.0,425,8740.0,0,0,0,294,0
83742,2.0,5.0,3.0,9.0,2.0,1.0,0.5,0.4,30.0,426,8635.0,0,0,0,295,0
83742,2.0,5.0,3.0,9.0,2.0,1.0,0.5,0.4,30.0,427,8395.0,0,0,0,292,0
83742,2.0,5.0,3.0,9.0,2.0,1.0,0.5,0.4,30.0,428,8290.0,0,0,0,292,0
83742,2.0,5.0,3.0,9.0,2.0,1.0,0.5,0.4,30.0,429,8215.0,0,0,0,288,0
83742,2.0,5.0,3.0,9.0,2.0,1.0,0.5,0.4,30.0,430,8170.0,0,0,0,295,0
83742,2.0,5.0,3.0,9.0,2.0,1.0,0.5,0.4,30.0,431,8320.0,0,0,0,296,0
83742,2.0,5.0,3.0,9.0,2.0,1.0,0.5,0.4,30.0,432,8275.0,0,0,0,297,0
83742,2.0,5.0,3.0,9.0,2.0,1.0,0.5,0.4,30.0,433,8380.0,0,0,0,298,0
83742,2.0,5.0,3.0,9.0,2.0,1.0,0.5,0.4,30.0,434,8425.0,0,0,0,300,0
83742,2.0,5.0,3.0,9.0,2.0,1.0,0.5,0.4,30.0,435,8590.0,0,0,0,297,0
83742,2.0,5.0,3.0,9.0,2.0,1.0,0.5,0.4,30.0,436,8560.0,0,0,0,294,0
83742,2.0,5.0,3.0,9.0,2.0,1.0,0.5,0.4,30.0,437,8515.0,0,0,0,303,0
83742,2.0,5.0,3.0,9.0,2.0,1.0,0.5,0.4,30.0,438,8710.0,0,0,0,303,0
83742,2.0,5.0,3.0,9.0,2.0,1.0,0.5,0.4,30.0,439,8785.0,0,0,0,303,0
83742,2.0,5.0,3.0,9.0,2.0,1.0,0.5,0.4,30.0,440,8785.0,0,0,0,301,0
83742,2.0,5.0,3.0,9.0,2.0,1.0,0.5,0.4,30.0,441,8740.0,0,0,0,300,0
83742,2.0,5.0,3.0,9.0,2.0,1.0,0.5,0.4,30.0,442,8575.0,0,0,0,298,0
83742,2.0,5.0,3.0,9.0,2.0,1.0,0.5,0.4,30.0,443,8560.0,0,0,0,298,0
83742,2.0,5.0,3.0,9.0,2.0,1.0,0.5,0.4,30.0,444,8545.0,0,0,0,303,0
83742,2.0,5.0,3.0,9.0,2.0,1.0,0.5,0.4,30.0,445,8665.0,0,0,0,300,0
83742,2.0,5.0,3.0,9.0,2.0,1.0,0.5,0.4,30.0,446,8545.0,0,0,0,294,0
83742,2.0,5.0,3.0,9.0,2.0,1.0,0.5,0.4,30.0,447,8380.0,0,0,0,291,0
83742,2.0,5.0,3.0,9.0,2.0,1.0,0.5,0.4,30.0,448,8200.0,0,0,0,288,0
83742,2.0,5.0,3.0,9.0,2.0,1.0,0.5,0.4,30.0,449,8185.0,0,0,0,289,0
83742,2.0,5.0,3.0,9.0,2.0,1.0,0.5,0.4,30.0,450,8245.0,0,0,0,294,0
83742,2.0,5.0,3.0,9.0,2.0,1.0,0.5,0.4,30.0,451,8320.0,0,0,0,298,0
83742,2.0,5.0,3.0,9.0,2.0,1.0,0.5,0.4,30.0,452,8620.0,0,0,0,298,0
83742,2.0,5.0,3.0,9.0,2.0,1.0,0.5,0.4,30.0,453,8635.0,0,0,0,299,0
83742,2.0,5.0,3.0,9.0,2.0,1.0,0.5,0.4,30.0,454,8680.0,0,0,0,304,0
83742,2.0,5.0,3.0,9.0,2.0,1.0,0.5,0.4,30.0,455,8740.0,0,0,0,305,0
83742,2.0,5.0,3.0,9.0,2.0,1.0,0.5,0.4,30.0,456,8635.0,0,0,0,298,0
83742,2.0,5.0,3.0,9.0,2.0,1.0,0.5,0.4,30.0,457,8560.0,0,0,0,295,0
83742,2.0,5.0,3.0,9.0,2.0,1.0,0.5,0.4,30.0,458,8440.0,0,0,0,297,0
83742,2.0,5.0,3.0,9.0,2.0,1.0,0.5,0.4,30.0,459,8530.0,0,0,0,299,0
83742,2.0,5.0,3.0,9.0,2.0,1.0,0.5,0.4,30.0,460,8515.0,0,0,0,302,0
83742,2.0,5.0,3.0,9.0,2.0,1.0,0.5,0.4,30.0,461,8665.0,0,0,0,301,0
83742,2.0,5.0,3.0,9.0,2.0,1.0,0.5,0.4,30.0,462,8620.0,0,0,0,296,0
83742,2.0,5.0,3.0,9.0,2.0,1.0,0.5,0.4,30.0,463,8530.0,0,0,0,291,0
83742,2.0,5.0,3.0,9.0,2.0,1.0,0.5,0.4,30.0,464,8380.0,0,0,0,290,0
83742,2.0,5.0,3.0,9.0,2.0,1.0,0.5,0.4,30.0,465,8155.0,0,0,0,290,0
83742,2.0,5.0,3.0,9.0,2.0,1.0,0.5,0.4,30.0,466,8260.0,0,0,0,294,0
83742,2.0,5.0,3.0,9.0,2.0,1.0,0.5,0.4,30.0,467,8455.0,0,0,0,299,0
83742,2.0,5.0,3.0,9.0,2.0,1.0,0.5,0.4,30.0,468,8515.0,0,0,0,297,0
83742,2.0,5.0,3.0,9.0,2.0,1.0,0.5,0.4,30.0,469,8545.0,0,0,0,299,0
83742,2.0,5.0,3.0,9.0,2.0,1.0,0.5,0.4,30.0,470,8620.0,0,0,0,302,0
83742,2.0,5.0,3.0,9.0,2.0,1.0,0.5,0.4,30.0,471,8575.0,0,0,0,300,0
83742,2.0,5.0,3.0,9.0,2.0,1.0,0.5,0.4,30.0,472,8470.0,0,0,0,294,0
83742,2.0,5.0,3.0,9.0,2.0,1.0,0.5,0.4,30.0,473,8500.0,0,0,0,295,0
83742,2.0,5.0,3.0,9.0,2.0,1.0,0.5,0.4,30.0,474,8455.0,0,0,0,297,0
83742,2.0,5.0,3.0,9.0,2.0,1.0,0.5,0.4,30.0,475,8560.0,0,0,0,299,0
83742,2.0,5.0,3.0,9.0,2.0,1.0,0.5,0.4,30.0,476,8755.0,0,0,0,305,0
83742,2.0,5.0,3.0,9.0,2.0,1.0,0.5,0.4,30.0,477,8590.0,0,0,0,297,0
83742,2.0,5.0,3.0,9.0,2.0,1.0,0.5,0.4,30.0,478,8425.0,0,0,0,294,0
83742,2.0,5.0,3.0,9.0,2.0,1.0,0.5,0.4,30.0,479,8335.0,0,0,0,291,0
83742,2.0,5.0,3.0,9.0,2.0,1.0,0.5,0.4,30.0,480,8290.0,0,0,0,292,0
83742,2.0,5.0,3.0,9.0,2.0,1.0,0.5,0.4,30.0,481,8395.0,0,0,0,297,0
83742,2.0,5.0,3.0,9.0,2.0,1.0,0.5,0.4,30.0,482,8485.0,0,0,0,297,0
83742,2.0,5.0,3.0,9.0,2.0,1.0,0.5,0.4,30.0,483,8560.0,0,0,0,299,0
83742,2.0,5.0,3.0,9.0,2.0,1.0,0.5,0.4,30.0,484,8575.0,0,0,0,301,0
83742,2.0,5.0,3.0,9.0,2.0,1.0,0.5,0.4,30.0,485,8665.0,0,0,0,302,0
83742,2.0,5.0,3.0,9.0,2.0,1.0,0.5,0.4,30.0,486,8560.0,0,0,0,299,0
83742,2.0,5.0,3.0,9.0,2.0,1.0,0.5,0.4,30.0,487,8695.0,0,0,0,303,0
83742,2.0,5.0,3.0,9.0,2.0,1.0,0.5,0.4,30.0,488,8740.0,0,0,0,302,0
83742,2.0,5.0,3.0,9.0,2.0,1.0,0.5,0.4,30.0,489,8680.0,0,0,0,296,0
83742,2.0,5.0,3.0,9.0,2.0,1.0,0.5,0.4,30.0,490,8515.0,0,0,0,297,0
83742,2.0,5.0,3.0,9.0,2.0,1.0,0.5,0.4,30.0,491,8560.0,0,0,0,302,0
83742,2.0,5.0,3.0,9.0,2.0,1.0,0.5,0.4,30.0,492,8560.0,0,0,0,299,0
83742,2.0,5.0,3.0,9.0,2.0,1.0,0.5,0.4,30.0,493,8545.0,0,0,0,295,0
83742,2.0,5.0,3.0,9.0,2.0,1.0,0.5,0.4,30.0,494,8365.0,0,0,0,292,0
83742,2.0,5.0,3.0,9.0,2.0,1.0,0.5,0.4,30.0,495,8140.0,0,0,0,289,0
83742,2.0,5.0,3.0,9.0,2.0,1.0,0.5,0.4,30.0,496,8260.0,0,0,0,291,0
83742,2.0,5.0,3.0,9.0,2.0,1.0,0.5,0.4,30.0,497,8200.0,0,0,0,292,0
83742,2.0,5.0,3.0,9.0,2.0,1.0,0.5,0.4,30.0,498,8425.0,0,0,0,299,0
83742,2.0,5.0,3.0,9.0,2.0,1.0,0.5,0.4,30.0,499,8500.0,0,0,0,296,0