Exp Num,agent:svo_convergence_factor,agent:params:metabolism,agent:params:consumption_factor,agent:params:procreate_cost_factor,agent:params:procreate_req_factor,agent:params:start_energy_factor,agent:params:caught_chance,agent:params:caught_cooldown_factor,agent:params:maximum_age,Epoch,Resource,A,B,C,D,E
88972,2.0,5.0,4.0,9.0,1.0,1.0,0.4,0.5,30.0,0,3000.0,20,21,10,28,72
88972,2.0,5.0,4.0,9.0,1.0,1.0,0.4,0.5,30.0,1,3050.0,20,21,10,28,72
88972,2.0,5.0,4.0,9.0,1.0,1.0,0.4,0.5,30.0,2,3472.5,22,24,10,28,77
88972,2.0,5.0,4.0,9.0,1.0,1.0,0.4,0.5,30.0,3,3900.625,24,26,10,29,81
88972,2.0,5.0,4.0,9.0,1.0,1.0,0.4,0.5,30.0,4,4095.78125,19,25,8,23,70
88972,2.0,5.0,4.0,9.0,1.0,1.0,0.4,0.5,30.0,5,4619.7265625,17,25,9,23,69
88972,2.0,5.0,4.0,9.0,1.0,1.0,0.4,0.5,30.0,6,5054.658203125,19,28,10,24,75
88972,2.0,5.0,4.0,9.0,1.0,1.0,0.4,0.5,30.0,7,5358.32275390625,19,36,14,25,88
88972,2.0,5.0,4.0,9.0,1.0,1.0,0.4,0.5,30.0,8,5397.9034423828125,14,42,14,25,89
88972,2.0,5.0,4.0,9.0,1.0,1.0,0.4,0.5,30.0,9,5287.379302978516,12,54,18,24,102
88972,2.0,5.0,4.0,9.0,1.0,1.0,0.4,0.5,30.0,10,4849.2241287231445,13,71,29,28,131
88972,2.0,5.0,4.0,9.0,1.0,1.0,0.4,0.5,30.0,11,5001.530160903931,12,86,42,28,158
88972,2.0,5.0,4.0,9.0,1.0,1.0,0.4,0.5,30.0,12,5171.912701129913,11,96,54,23,178
88972,2.0,5.0,4.0,9.0,1.0,1.0,0.4,0.5,30.0,13,5324.890876412392,9,102,62,23,190
88972,2.0,5.0,4.0,9.0,1.0,1.0,0.4,0.5,30.0,14,5456.11359551549,7,110,65,22,199
88972,2.0,5.0,4.0,9.0,1.0,1.0,0.4,0.5,30.0,15,5720.141994394362,7,121,69,22,214
88972,2.0,5.0,4.0,9.0,1.0,1.0,0.4,0.5,30.0,16,6110.1774929929525,6,119,75,21,217
88972,2.0,5.0,4.0,9.0,1.0,1.0,0.4,0.5,30.0,17,6397.721866241191,4,122,83,20,226
88972,2.0,5.0,4.0,9.0,1.0,1.0,0.4,0.5,30.0,18,6737.152332801488,3,135,85,19,239
88972,2.0,5.0,4.0,9.0,1.0,1.0,0.4,0.5,30.0,19,7441.44041600186,3,129,91,17,239
88972,2.0,5.0,4.0,9.0,1.0,1.0,0.4,0.5,30.0,20,8221.800520002325,3,129,93,18,241
88972,2.0,5.0,4.0,9.0,1.0,1.0,0.4,0.5,30.0,21,9000.0,1,121,91,19,229
88972,2.0,5.0,4.0,9.0,1.0,1.0,0.4,0.5,30.0,22,8880.0,1,123,88,19,228
88972,2.0,5.0,4.0,9.0,1.0,1.0,0.4,0.5,30.0,23,8720.0,1,127,87,17,230
88972,2.0,5.0,4.0,9.0,1.0,1.0,0.4,0.5,30.0,24,8620.0,0,126,88,15,228
88972,2.0,5.0,4.0,9.0,1.0,1.0,0.4,0.5,30.0,25,8640.0,0,134,92,14,240
88972,2.0,5.0,4.0,9.0,1.0,1.0,0.4,0.5,30.0,26,8880.0,0,146,89,14,248
88972,2.0,5.0,4.0,9.0,1.0,1.0,0.4,0.5,30.0,27,8820.0,0,146,91,12,249
88972,2.0,5.0,4.0,9.0,1.0,1.0,0.4,0.5,30.0,28,8840.0,0,147,85,9,245
88972,2.0,5.0,4.0,9.0,1.0,1.0,0.4,0.5,30.0,29,8760.0,0,150,83,8,246
88972,2.0,5.0,4.0,9.0,1.0,1.0,0.4,0.5,30.0,30,9000.0,0,151,85,7,247
88972,2.0,5.0,4.0,9.0,1.0,1.0,0.4,0.5,30.0,31,8940.0,0,151,91,2,251
88972,2.0,5.0,4.0,9.0,1.0,1.0,0.4,0.5,30.0,32,8880.0,0,153,91,2,251
88972,2.0,5.0,4.0,9.0,1.0,1.0,0.4,0.5,30.0,33,8960.0,0,154,93,2,251
88972,2.0,5.0,4.0,9.0,1.0,1.0,0.4,0.5,30.0,34,9100.0,0,146,92,2,242
88972,2.0,5.0,4.0,9.0,1.0,1.0,0.4,0.5,30.0,35,8880.0,0,137,88,2,228
88972,2.0,5.0,4.0,9.0,1.0,1.0,0.4,0.5,30.0,36,8660.0,0,124,91,2,217
88972,2.0,5.0,4.0,9.0,1.0,1.0,0.4,0.5,30.0,37,8140.0,0,128,104,2,234
88972,2.0,5.0,4.0,9.0,1.0,1.0,0.4,0.5,30.0,38,8320.0,0,133,120,2,254
88972,2.0,5.0,4.0,9.0,1.0,1.0,0.4,0.5,30.0,39,8760.0,0,139,130,2,270
88972,2.0,5.0,4.0,9.0,1.0,1.0,0.4,0.5,30.0,40,8820.0,0,135,141,2,277
88972,2.0,5.0,4.0,9.0,1.0,1.0,0.4,0.5,30.0,41,8700.0,0,131,143,2,275
88972,2.0,5.0,4.0,9.0,1.0,1.0,0.4,0.5,30.0,42,8600.0,0,123,156,1,280
88972,2.0,5.0,4.0,9.0,1.0,1.0,0.4,0.5,30.0,43,8760.0,0,120,161,1,282
88972,2.0,5.0,4.0,9.0,1.0,1.0,0.4,0.5,30.0,44,8840.0,0,118,164,0,283
88972,2.0,5.0,4.0,9.0,1.0,1.0,0.4,0.5,30.0,45,8660.0,0,114,175,0,290
88972,2.0,5.0,4.0,9.0,1.0,1.0,0.4,0.5,30.0,46,8660.0,0,113,177,0,291
88972,2.0,5.0,4.0,9.0,1.0,1.0,0.4,0.5,30.0,47,8760.0,0,107,185,0,292
88972,2.0,5.0,4.0,9.0,1.0,1.0,0.4,0.5,30.0,48,8720.0,0,103,190,0,293
88972,2.0,5.0,4.0,9.0,1.0,1.0,0.4,0.5,30.0,49,9140.0,0,97,193,0,290
88972,2.0,5.0,4.0,9.0,1.0,1.0,0.4,0.5,30.0,50,9040.0,0,81,188,0,269
88972,2.0,5.0,4.0,9.0,1.0,1.0,0.4,0.5,30.0,51,9000.0,0,71,194,0,265
88972,2.0,5.0,4.0,9.0,1.0,1.0,0.4,0.5,30.0,52,9060.0,0,68,195,0,263
88972,2.0,5.0,4.0,9.0,1.0,1.0,0.4,0.5,30.0,53,9180.0,0,66,186,0,252
88972,2.0,5.0,4.0,9.0,1.0,1.0,0.4,0.5,30.0,54,9060.0,0,59,177,0,236
88972,2.0,5.0,4.0,9.0,1.0,1.0,0.4,0.5,30.0,55,8680.0,0,48,184,0,232
88972,2.0,5.0,4.0,9.0,1.0,1.0,0.4,0.5,30.0,56,8340.0,0,40,197,0,237
88972,2.0,5.0,4.0,9.0,1.0,1.0,0.4,0.5,30.0,57,8580.0,0,37,210,0,247
88972,2.0,5.0,4.0,9.0,1.0,1.0,0.4,0.5,30.0,58,8700.0,0,33,226,0,259
88972,2.0,5.0,4.0,9.0,1.0,1.0,0.4,0.5,30.0,59,8940.0,0,28,234,0,262
88972,2.0,5.0,4.0,9.0,1.0,1.0,0.4,0.5,30.0,60,9040.0,0,28,231,0,259
88972,2.0,5.0,4.0,9.0,1.0,1.0,0.4,0.5,30.0,61,8960.0,0,22,223,0,245
88972,2.0,5.0,4.0,9.0,1.0,1.0,0.4,0.5,30.0,62,8840.0,0,19,232,0,251
88972,2.0,5.0,4.0,9.0,1.0,1.0,0.4,0.5,30.0,63,8940.0,0,17,232,0,249
88972,2.0,5.0,4.0,9.0,1.0,1.0,0.4,0.5,30.0,64,9100.0,0,16,243,0,259
88972,2.0,5.0,4.0,9.0,1.0,1.0,0.4,0.5,30.0,65,9280.0,0,12,236,0,248
88972,2.0,5.0,4.0,9.0,1.0,1.0,0.4,0.5,30.0,66,9060.0,0,10,239,0,249
88972,2.0,5.0,4.0,9.0,1.0,1.0,0.4,0.5,30.0,67,9020.0,0,8,240,0,248
88972,2.0,5.0,4.0,9.0,1.0,1.0,0.4,0.5,30.0,68,8940.0,0,6,216,0,222
88972,2.0,5.0,4.0,9.0,1.0,1.0,0.4,0.5,30.0,69,8580.0,0,2,214,0,216
88972,2.0,5.0,4.0,9.0,1.0,1.0,0.4,0.5,30.0,70,8080.0,0,0,229,0,229
88972,2.0,5.0,4.0,9.0,1.0,1.0,0.4,0.5,30.0,71,8180.0,0,0,247,0,247
88972,2.0,5.0,4.0,9.0,1.0,1.0,0.4,0.5,30.0,72,8360.0,0,0,269,0,269
88972,2.0,5.0,4.0,9.0,1.0,1.0,0.4,0.5,30.0,73,8800.0,0,0,282,0,282
88972,2.0,5.0,4.0,9.0,1.0,1.0,0.4,0.5,30.0,74,8660.0,0,0,284,0,284
88972,2.0,5.0,4.0,9.0,1.0,1.0,0.4,0.5,30.0,75,8700.0,0,0,294,0,294
88972,2.0,5.0,4.0,9.0,1.0,1.0,0.4,0.5,30.0,76,8480.0,0,0,298,0,298
88972,2.0,5.0,4.0,9.0,1.0,1.0,0.4,0.5,30.0,77,8520.0,0,0,313,0,313
88972,2.0,5.0,4.0,9.0,1.0,1.0,0.4,0.5,30.0,78,8680.0,0,0,313,0,313
88972,2.0,5.0,4.0,9.0,1.0,1.0,0.4,0.5,30.0,79,8600.0,0,0,323,0,323
88972,2.0,5.0,4.0,9.0,1.0,1.0,0.4,0.5,30.0,80,8740.0,0,0,317,0,317
88972,2.0,5.0,4.0,9.0,1.0,1.0,0.4,0.5,30.0,81,8780.0,0,0,308,0,308
88972,2.0,5.0,4.0,9.0,1.0,1.0,0.4,0.5,30.0,82,8940.0,0,0,304,0,304
88972,2.0,5.0,4.0,9.0,1.0,1.0,0.4,0.5,30.0,83,8720.0,0,0,298,0,298
88972,2.0,5.0,4.0,9.0,1.0,1.0,0.4,0.5,30.0,84,8800.0,0,0,293,0,293
88972,2.0,5.0,4.0,9.0,1.0,1.0,0.4,0.5,30.0,85,8920.0,0,0,288,0,288
88972,2.0,5.0,4.0,9.0,1.0,1.0,0.4,0.5,30.0,86,8920.0,0,0,279,0,279
88972,2.0,5.0,4.0,9.0,1.0,1.0,0.4,0.5,30.0,87,9040.0,0,0,277,0,277
88972,2.0,5.0,4.0,9.0,1.0,1.0,0.4,0.5,30.0,88,9060.0,0,0,267,0,267
88972,2.0,5.0,4.0,9.0,1.0,1.0,0.4,0.5,30.0,89,9220.0,0,0,255,0,255
88972,2.0,5.0,4.0,9.0,1.0,1.0,0.4,0.5,30.0,90,9260.0,0,0,246,0,246
88972,2.0,5.0,4.0,9.0,1.0,1.0,0.4,0.5,30.0,91,9100.0,0,0,227,0,227
88972,2.0,5.0,4.0,9.0,1.0,1.0,0.4,0.5,30.0,92,8980.0,0,0,217,0,217
88972,2.0,5.0,4.0,9.0,1.0,1.0,0.4,0.5,30.0,93,8600.0,0,0,222,0,222
88972,2.0,5.0,4.0,9.0,1.0,1.0,0.4,0.5,30.0,94,8260.0,0,0,229,0,229
88972,2.0,5.0,4.0,9.0,1.0,1.0,0.4,0.5,30.0,95,8260.0,0,0,242,0,242
88972,2.0,5.0,4.0,9.0,1.0,1.0,0.4,0.5,30.0,96,8620.0,0,0,258,0,258
88972,2.0,5.0,4.0,9.0,1.0,1.0,0.4,0.5,30.0,97,8700.0,0,0,265,0,265
88972,2.0,5.0,4.0,9.0,1.0,1.0,0.4,0.5,30.0,98,8780.0,0,0,265,0,265
88972,2.0,5.0,4.0,9.0,1.0,1.0,0.4,0.5,30.0,99,8740.0,0,0,275,0,275
88972,2.0,5.0,4.0,9.0,1.0,1.0,0.4,0.5,30.0,100,8740.0,0,0,287,0,287
88972,2.0,5.0,4.0,9.0,1.0,1.0,0.4,0.5,30.0,101,8780.0,0,0,296,0,296
88972,2.0,5.0,4.0,9.0,1.0,1.0,0.4,0.5,30.0,102,8700.0,0,0,294,0,294
88972,2.0,5.0,4.0,9.0,1.0,1.0,0.4,0.5,30.0,103,8780.0,0,0,303,0,303
88972,2.0,5.0,4.0,9.0,1.0,1.0,0.4,0.5,30.0,104,8920.0,0,0,292,0,292
88972,2.0,5.0,4.0,9.0,1.0,1.0,0.4,0.5,30.0,105,8820.0,0,0,275,0,275
88972,2.0,5.0,4.0,9.0,1.0,1.0,0.4,0.5,30.0,106,8980.0,0,0,273,0,273
88972,2.0,5.0,4.0,9.0,1.0,1.0,0.4,0.5,30.0,107,8940.0,0,0,268,0,268
88972,2.0,5.0,4.0,9.0,1.0,1.0,0.4,0.5,30.0,108,9140.0,0,0,257,0,257
88972,2.0,5.0,4.0,9.0,1.0,1.0,0.4,0.5,30.0,109,9220.0,0,0,245,0,245
88972,2.0,5.0,4.0,9.0,1.0,1.0,0.4,0.5,30.0,110,8700.0,0,0,240,0,240
88972,2.0,5.0,4.0,9.0,1.0,1.0,0.4,0.5,30.0,111,8560.0,0,0,236,0,236
88972,2.0,5.0,4.0,9.0,1.0,1.0,0.4,0.5,30.0,112,8260.0,0,0,235,0,235
88972,2.0,5.0,4.0,9.0,1.0,1.0,0.4,0.5,30.0,113,8280.0,0,0,252,0,252
88972,2.0,5.0,4.0,9.0,1.0,1.0,0.4,0.5,30.0,114,8520.0,0,0,261,0,261
88972,2.0,5.0,4.0,9.0,1.0,1.0,0.4,0.5,30.0,115,8580.0,0,0,286,0,286
88972,2.0,5.0,4.0,9.0,1.0,1.0,0.4,0.5,30.0,116,8660.0,0,0,293,0,293
88972,2.0,5.0,4.0,9.0,1.0,1.0,0.4,0.5,30.0,117,8660.0,0,0,300,0,300
88972,2.0,5.0,4.0,9.0,1.0,1.0,0.4,0.5,30.0,118,8860.0,0,0,296,0,296
88972,2.0,5.0,4.0,9.0,1.0,1.0,0.4,0.5,30.0,119,8780.0,0,0,292,0,292
88972,2.0,5.0,4.0,9.0,1.0,1.0,0.4,0.5,30.0,120,8860.0,0,0,293,0,293
88972,2.0,5.0,4.0,9.0,1.0,1.0,0.4,0.5,30.0,121,8680.0,0,0,296,0,296
88972,2.0,5.0,4.0,9.0,1.0,1.0,0.4,0.5,30.0,122,8920.0,0,0,294,0,294
88972,2.0,5.0,4.0,9.0,1.0,1.0,0.4,0.5,30.0,123,9060.0,0,0,278,0,278
88972,2.0,5.0,4.0,9.0,1.0,1.0,0.4,0.5,30.0,124,9040.0,0,0,277,0,277
88972,2.0,5.0,4.0,9.0,1.0,1.0,0.4,0.5,30.0,125,9200.0,0,0,262,0,262
88972,2.0,5.0,4.0,9.0,1.0,1.0,0.4,0.5,30.0,126,9100.0,0,0,252,0,252
88972,2.0,5.0,4.0,9.0,1.0,1.0,0.4,0.5,30.0,127,9060.0,0,0,246,0,246
88972,2.0,5.0,4.0,9.0,1.0,1.0,0.4,0.5,30.0,128,8900.0,0,0,238,0,238
88972,2.0,5.0,4.0,9.0,1.0,1.0,0.4,0.5,30.0,129,8880.0,0,0,231,0,231
88972,2.0,5.0,4.0,9.0,1.0,1.0,0.4,0.5,30.0,130,8320.0,0,0,236,0,236
88972,2.0,5.0,4.0,9.0,1.0,1.0,0.4,0.5,30.0,131,8400.0,0,0,244,0,244
88972,2.0,5.0,4.0,9.0,1.0,1.0,0.4,0.5,30.0,132,8460.0,0,0,250,0,250
88972,2.0,5.0,4.0,9.0,1.0,1.0,0.4,0.5,30.0,133,8560.0,0,0,268,0,268
88972,2.0,5.0,4.0,9.0,1.0,1.0,0.4,0.5,30.0,134,8780.0,0,0,276,0,276
88972,2.0,5.0,4.0,9.0,1.0,1.0,0.4,0.5,30.0,135,8520.0,0,0,279,0,279
88972,2.0,5.0,4.0,9.0,1.0,1.0,0.4,0.5,30.0,136,8920.0,0,0,285,0,285
88972,2.0,5.0,4.0,9.0,1.0,1.0,0.4,0.5,30.0,137,8540.0,0,0,294,0,294
88972,2.0,5.0,4.0,9.0,1.0,1.0,0.4,0.5,30.0,138,8680.0,0,0,300,0,300
88972,2.0,5.0,4.0,9.0,1.0,1.0,0.4,0.5,30.0,139,8820.0,0,0,301,0,301
88972,2.0,5.0,4.0,9.0,1.0,1.0,0.4,0.5,30.0,140,8720.0,0,0,306,0,306
88972,2.0,5.0,4.0,9.0,1.0,1.0,0.4,0.5,30.0,141,9000.0,0,0,292,0,292
88972,2.0,5.0,4.0,9.0,1.0,1.0,0.4,0.5,30.0,142,9160.0,0,0,283,0,283
88972,2.0,5.0,4.0,9.0,1.0,1.0,0.4,0.5,30.0,143,9140.0,0,0,273,0,273
88972,2.0,5.0,4.0,9.0,1.0,1.0,0.4,0.5,30.0,144,9220.0,0,0,262,0,262
88972,2.0,5.0,4.0,9.0,1.0,1.0,0.4,0.5,30.0,145,9180.0,0,0,244,0,244
88972,2.0,5.0,4.0,9.0,1.0,1.0,0.4,0.5,30.0,146,9040.0,0,0,228,0,228
88972,2.0,5.0,4.0,9.0,1.0,1.0,0.4,0.5,30.0,147,8860.0,0,0,220,0,220
88972,2.0,5.0,4.0,9.0,1.0,1.0,0.4,0.5,30.0,148,8580.0,0,0,223,0,223
88972,2.0,5.0,4.0,9.0,1.0,1.0,0.4,0.5,30.0,149,8300.0,0,0,224,0,224
88972,2.0,5.0,4.0,9.0,1.0,1.0,0.4,0.5,30.0,150,8140.0,0,0,244,0,244
88972,2.0,5.0,4.0,9.0,1.0,1.0,0.4,0.5,30.0,151,8360.0,0,0,259,0,259
88972,2.0,5.0,4.0,9.0,1.0,1.0,0.4,0.5,30.0,152,8540.0,0,0,276,0,276
88972,2.0,5.0,4.0,9.0,1.0,1.0,0.4,0.5,30.0,153,8420.0,0,0,284,0,284
88972,2.0,5.0,4.0,9.0,1.0,1.0,0.4,0.5,30.0,154,8520.0,0,0,298,0,298
88972,2.0,5.0,4.0,9.0,1.0,1.0,0.4,0.5,30.0,155,8380.0,0,0,312,0,312
88972,2.0,5.0,4.0,9.0,1.0,1.0,0.4,0.5,30.0,156,8520.0,0,0,327,0,327
88972,2.0,5.0,4.0,9.0,1.0,1.0,0.4,0.5,30.0,157,8660.0,0,0,332,0,332
88972,2.0,5.0,4.0,9.0,1.0,1.0,0.4,0.5,30.0,158,8700.0,0,0,332,0,332
88972,2.0,5.0,4.0,9.0,1.0,1.0,0.4,0.5,30.0,159,8760.0,0,0,334,0,334
88972,2.0,5.0,4.0,9.0,1.0,1.0,0.4,0.5,30.0,160,8660.0,0,0,330,0,330
88972,2.0,5.0,4.0,9.0,1.0,1.0,0.4,0.5,30.0,161,9040.0,0,0,318,0,318
88972,2.0,5.0,4.0,9.0,1.0,1.0,0.4,0.5,30.0,162,8720.0,0,0,310,0,310
88972,2.0,5.0,4.0,9.0,1.0,1.0,0.4,0.5,30.0,163,9020.0,0,0,292,0,292
88972,2.0,5.0,4.0,9.0,1.0,1.0,0.4,0.5,30.0,164,9000.0,0,0,287,0,287
88972,2.0,5.0,4.0,9.0,1.0,1.0,0.4,0.5,30.0,165,9020.0,0,0,272,0,272
88972,2.0,5.0,4.0,9.0,1.0,1.0,0.4,0.5,30.0,166,9080.0,0,0,264,0,264
88972,2.0,5.0,4.0,9.0,1.0,1.0,0.4,0.5,30.0,167,9200.0,0,0,250,0,250
88972,2.0,5.0,4.0,9.0,1.0,1.0,0.4,0.5,30.0,168,8980.0,0,0,239,0,239
88972,2.0,5.0,4.0,9.0,1.0,1.0,0.4,0.5,30.0,169,8920.0,0,0,229,0,229
88972,2.0,5.0,4.0,9.0,1.0,1.0,0.4,0.5,30.0,170,8680.0,0,0,228,0,228
88972,2.0,5.0,4.0,9.0,1.0,1.0,0.4,0.5,30.0,171,8480.0,0,0,229,0,229
88972,2.0,5.0,4.0,9.0,1.0,1.0,0.4,0.5,30.0,172,8160.0,0,0,242,0,242
88972,2.0,5.0,4.0,9.0,1.0,1.0,0.4,0.5,30.0,173,8500.0,0,0,252,0,252
88972,2.0,5.0,4.0,9.0,1.0,1.0,0.4,0.5,30.0,174,8680.0,0,0,264,0,264
88972,2.0,5.0,4.0,9.0,1.0,1.0,0.4,0.5,30.0,175,8840.0,0,0,272,0,272
88972,2.0,5.0,4.0,9.0,1.0,1.0,0.4,0.5,30.0,176,8820.0,0,0,277,0,277
88972,2.0,5.0,4.0,9.0,1.0,1.0,0.4,0.5,30.0,177,9000.0,0,0,281,0,281
88972,2.0,5.0,4.0,9.0,1.0,1.0,0.4,0.5,30.0,178,8800.0,0,0,280,0,280
88972,2.0,5.0,4.0,9.0,1.0,1.0,0.4,0.5,30.0,179,8800.0,0,0,283,0,283
88972,2.0,5.0,4.0,9.0,1.0,1.0,0.4,0.5,30.0,180,8940.0,0,0,280,0,280
88972,2.0,5.0,4.0,9.0,1.0,1.0,0.4,0.5,30.0,181,9080.0,0,0,278,0,278
88972,2.0,5.0,4.0,9.0,1.0,1.0,0.4,0.5,30.0,182,9040.0,0,0,270,0,270
88972,2.0,5.0,4.0,9.0,1.0,1.0,0.4,0.5,30.0,183,9100.0,0,0,253,0,253
88972,2.0,5.0,4.0,9.0,1.0,1.0,0.4,0.5,30.0,184,9000.0,0,0,244,0,244
88972,2.0,5.0,4.0,9.0,1.0,1.0,0.4,0.5,30.0,185,8820.0,0,0,240,0,240
88972,2.0,5.0,4.0,9.0,1.0,1.0,0.4,0.5,30.0,186,8660.0,0,0,243,0,243
88972,2.0,5.0,4.0,9.0,1.0,1.0,0.4,0.5,30.0,187,8640.0,0,0,245,0,245
88972,2.0,5.0,4.0,9.0,1.0,1.0,0.4,0.5,30.0,188,8620.0,0,0,246,0,246
88972,2.0,5.0,4.0,9.0,1.0,1.0,0.4,0.5,30.0,189,8520.0,0,0,252,0,252
88972,2.0,5.0,4.0,9.0,1.0,1.0,0.4,0.5,30.0,190,8760.0,0,0,261,0,261
88972,2.0,5.0,4.0,9.0,1.0,1.0,0.4,0.5,30.0,191,8760.0,0,0,264,0,264
88972,2.0,5.0,4.0,9.0,1.0,1.0,0.4,0.5,30.0,192,8740.0,0,0,263,0,263
88972,2.0,5.0,4.0,9.0,1.0,1.0,0.4,0.5,30.0,193,8920.0,0,0,275,0,275
88972,2.0,5.0,4.0,9.0,1.0,1.0,0.4,0.5,30.0,194,8820.0,0,0,274,0,274
88972,2.0,5.0,4.0,9.0,1.0,1.0,0.4,0.5,30.0,195,9000.0,0,0,277,0,277
88972,2.0,5.0,4.0,9.0,1.0,1.0,0.4,0.5,30.0,196,9100.0,0,0,271,0,271
88972,2.0,5.0,4.0,9.0,1.0,1.0,0.4,0.5,30.0,197,8780.0,0,0,267,0,267
88972,2.0,5.0,4.0,9.0,1.0,1.0,0.4,0.5,30.0,198,8800.0,0,0,266,0,266
88972,2.0,5.0,4.0,9.0,1.0,1.0,0.4,0.5,30.0,199,8800.0,0,0,263,0,263
88972,2.0,5.0,4.0,9.0,1.0,1.0,0.4,0.5,30.0,200,9080.0,0,0,263,0,263
88972,2.0,5.0,4.0,9.0,1.0,1.0,0.4,0.5,30.0,201,9100.0,0,0,257,0,257
88972,2.0,5.0,4.0,9.0,1.0,1.0,0.4,0.5,30.0,202,8940.0,0,0,244,0,244
88972,2.0,5.0,4.0,9.0,1.0,1.0,0.4,0.5,30.0,203,8860.0,0,0,238,0,238
88972,2.0,5.0,4.0,9.0,1.0,1.0,0.4,0.5,30.0,204,8560.0,0,0,236,0,236
88972,2.0,5.0,4.0,9.0,1.0,1.0,0.4,0.5,30.0,205,8320.0,0,0,243,0,243
88972,2.0,5.0,4.0,9.0,1.0,1.0,0.4,0.5,30.0,206,8440.0,0,0,251,0,251
88972,2.0,5.0,4.0,9.0,1.0,1.0,0.4,0.5,30.0,207,8920.0,0,0,268,0,268
88972,2.0,5.0,4.0,9.0,1.0,1.0,0.4,0.5,30.0,208,8640.0,0,0,267,0,267
88972,2.0,5.0,4.0,9.0,1.0,1.0,0.4,0.5,30.0,209,8600.0,0,0,272,0,272
88972,2.0,5.0,4.0,9.0,1.0,1.0,0.4,0.5,30.0,210,8800.0,0,0,280,0,280
88972,2.0,5.0,4.0,9.0,1.0,1.0,0.4,0.5,30.0,211,8940.0,0,0,284,0,284
88972,2.0,5.0,4.0,9.0,1.0,1.0,0.4,0.5,30.0,212,9060.0,0,0,273,0,273
88972,2.0,5.0,4.0,9.0,1.0,1.0,0.4,0.5,30.0,213,8800.0,0,0,276,0,276
88972,2.0,5.0,4.0,9.0,1.0,1.0,0.4,0.5,30.0,214,8960.0,0,0,273,0,273
88972,2.0,5.0,4.0,9.0,1.0,1.0,0.4,0.5,30.0,215,8820.0,0,0,274,0,274
88972,2.0,5.0,4.0,9.0,1.0,1.0,0.4,0.5,30.0,216,9040.0,0,0,264,0,264
88972,2.0,5.0,4.0,9.0,1.0,1.0,0.4,0.5,30.0,217,9200.0,0,0,262,0,262
88972,2.0,5.0,4.0,9.0,1.0,1.0,0.4,0.5,30.0,218,9140.0,0,0,242,0,242
88972,2.0,5.0,4.0,9.0,1.0,1.0,0.4,0.5,30.0,219,8860.0,0,0,236,0,236
88972,2.0,5.0,4.0,9.0,1.0,1.0,0.4,0.5,30.0,220,8600.0,0,0,232,0,232
88972,2.0,5.0,4.0,9.0,1.0,1.0,0.4,0.5,30.0,221,8480.0,0,0,242,0,242
88972,2.0,5.0,4.0,9.0,1.0,1.0,0.4,0.5,30.0,222,8700.0,0,0,250,0,250
88972,2.0,5.0,4.0,9.0,1.0,1.0,0.4,0.5,30.0,223,8900.0,0,0,253,0,253
88972,2.0,5.0,4.0,9.0,1.0,1.0,0.4,0.5,30.0,224,8720.0,0,0,253,0,253
88972,2.0,5.0,4.0,9.0,1.0,1.0,0.4,0.5,30.0,225,8740.0,0,0,257,0,257
88972,2.0,5.0,4.0,9.0,1.0,1.0,0.4,0.5,30.0,226,8940.0,0,0,266,0,266
88972,2.0,5.0,4.0,9.0,1.0,1.0,0.4,0.5,30.0,227,8700.0,0,0,260,0,260
88972,2.0,5.0,4.0,9.0,1.0,1.0,0.4,0.5,30.0,228,8940.0,0,0,264,0,264
88972,2.0,5.0,4.0,9.0,1.0,1.0,0.4,0.5,30.0,229,8820.0,0,0,269,0,269
88972,2.0,5.0,4.0,9.0,1.0,1.0,0.4,0.5,30.0,230,9140.0,0,0,268,0,268
88972,2.0,5.0,4.0,9.0,1.0,1.0,0.4,0.5,30.0,231,9160.0,0,0,260,0,260
88972,2.0,5.0,4.0,9.0,1.0,1.0,0.4,0.5,30.0,232,9160.0,0,0,254,0,254
88972,2.0,5.0,4.0,9.0,1.0,1.0,0.4,0.5,30.0,233,9060.0,0,0,242,0,242
88972,2.0,5.0,4.0,9.0,1.0,1.0,0.4,0.5,30.0,234,9080.0,0,0,228,0,228
88972,2.0,5.0,4.0,9.0,1.0,1.0,0.4,0.5,30.0,235,8800.0,0,0,224,0,224
88972,2.0,5.0,4.0,9.0,1.0,1.0,0.4,0.5,30.0,236,8560.0,0,0,224,0,224
88972,2.0,5.0,4.0,9.0,1.0,1.0,0.4,0.5,30.0,237,8160.0,0,0,240,0,240
88972,2.0,5.0,4.0,9.0,1.0,1.0,0.4,0.5,30.0,238,8420.0,0,0,251,0,251
88972,2.0,5.0,4.0,9.0,1.0,1.0,0.4,0.5,30.0,239,8880.0,0,0,269,0,269
88972,2.0,5.0,4.0,9.0,1.0,1.0,0.4,0.5,30.0,240,8680.0,0,0,271,0,271
88972,2.0,5.0,4.0,9.0,1.0,1.0,0.4,0.5,30.0,241,8740.0,0,0,272,0,272
88972,2.0,5.0,4.0,9.0,1.0,1.0,0.4,0.5,30.0,242,8980.0,0,0,273,0,273
88972,2.0,5.0,4.0,9.0,1.0,1.0,0.4,0.5,30.0,243,8700.0,0,0,276,0,276
88972,2.0,5.0,4.0,9.0,1.0,1.0,0.4,0.5,30.0,244,8700.0,0,0,278,0,278
88972,2.0,5.0,4.0,9.0,1.0,1.0,0.4,0.5,30.0,245,8960.0,0,0,279,0,279
88972,2.0,5.0,4.0,9.0,1.0,1.0,0.4,0.5,30.0,246,8880.0,0,0,276,0,276
88972,2.0,5.0,4.0,9.0,1.0,1.0,0.4,0.5,30.0,247,8920.0,0,0,270,0,270
88972,2.0,5.0,4.0,9.0,1.0,1.0,0.4,0.5,30.0,248,8740.0,0,0,277,0,277
88972,2.0,5.0,4.0,9.0,1.0,1.0,0.4,0.5,30.0,249,8840.0,0,0,271,0,271
88972,2.0,5.0,4.0,9.0,1.0,1.0,0.4,0.5,30.0,250,8940.0,0,0,266,0,266
88972,2.0,5.0,4.0,9.0,1.0,1.0,0.4,0.5,30.0,251,8980.0,0,0,256,0,256
88972,2.0,5.0,4.0,9.0,1.0,1.0,0.4,0.5,30.0,252,8960.0,0,0,252,0,252
88972,2.0,5.0,4.0,9.0,1.0,1.0,0.4,0.5,30.0,253,9100.0,0,0,249,0,249
88972,2.0,5.0,4.0,9.0,1.0,1.0,0.4,0.5,30.0,254,8940.0,0,0,242,0,242
88972,2.0,5.0,4.0,9.0,1.0,1.0,0.4,0.5,30.0,255,8780.0,0,0,231,0,231
88972,2.0,5.0,4.0,9.0,1.0,1.0,0.4,0.5,30.0,256,8500.0,0,0,236,0,236
88972,2.0,5.0,4.0,9.0,1.0,1.0,0.4,0.5,30.0,257,8280.0,0,0,243,0,243
88972,2.0,5.0,4.0,9.0,1.0,1.0,0.4,0.5,30.0,258,8440.0,0,0,254,0,254
88972,2.0,5.0,4.0,9.0,1.0,1.0,0.4,0.5,30.0,259,8760.0,0,0,273,0,273
88972,2.0,5.0,4.0,9.0,1.0,1.0,0.4,0.5,30.0,260,8760.0,0,0,282,0,282
88972,2.0,5.0,4.0,9.0,1.0,1.0,0.4,0.5,30.0,261,8900.0,0,0,276,0,276
88972,2.0,5.0,4.0,9.0,1.0,1.0,0.4,0.5,30.0,262,8700.0,0,0,275,0,275
88972,2.0,5.0,4.0,9.0,1.0,1.0,0.4,0.5,30.0,263,8740.0,0,0,276,0,276
88972,2.0,5.0,4.0,9.0,1.0,1.0,0.4,0.5,30.0,264,8900.0,0,0,281,0,281
88972,2.0,5.0,4.0,9.0,1.0,1.0,0.4,0.5,30.0,265,8700.0,0,0,290,0,290
88972,2.0,5.0,4.0,9.0,1.0,1.0,0.4,0.5,30.0,266,8860.0,0,0,281,0,281
88972,2.0,5.0,4.0,9.0,1.0,1.0,0.4,0.5,30.0,267,9060.0,0,0,282,0,282
88972,2.0,5.0,4.0,9.0,1.0,1.0,0.4,0.5,30.0,268,9420.0,0,0,272,0,272
88972,2.0,5.0,4.0,9.0,1.0,1.0,0.4,0.5,30.0,269,9360.0,0,0,258,0,258
88972,2.0,5.0,4.0,9.0,1.0,1.0,0.4,0.5,30.0,270,9140.0,0,0,241,0,241
88972,2.0,5.0,4.0,9.0,1.0,1.0,0.4,0.5,30.0,271,9060.0,0,0,224,0,224
88972,2.0,5.0,4.0,9.0,1.0,1.0,0.4,0.5,30.0,272,8800.0,0,0,218,0,218
88972,2.0,5.0,4.0,9.0,1.0,1.0,0.4,0.5,30.0,273,8400.0,0,0,212,0,212
88972,2.0,5.0,4.0,9.0,1.0,1.0,0.4,0.5,30.0,274,8000.0,0,0,229,0,229
88972,2.0,5.0,4.0,9.0,1.0,1.0,0.4,0.5,30.0,275,7840.0,0,0,253,0,253
88972,2.0,5.0,4.0,9.0,1.0,1.0,0.4,0.5,30.0,276,8120.0,0,0,279,0,279
88972,2.0,5.0,4.0,9.0,1.0,1.0,0.4,0.5,30.0,277,8540.0,0,0,296,0,296
88972,2.0,5.0,4.0,9.0,1.0,1.0,0.4,0.5,30.0,278,8300.0,0,0,309,0,309
88972,2.0,5.0,4.0,9.0,1.0,1.0,0.4,0.5,30.0,279,8240.0,0,0,328,0,328
88972,2.0,5.0,4.0,9.0,1.0,1.0,0.4,0.5,30.0,280,8500.0,0,0,338,0,338
88972,2.0,5.0,4.0,9.0,1.0,1.0,0.4,0.5,30.0,281,8680.0,0,0,340,0,340
88972,2.0,5.0,4.0,9.0,1.0,1.0,0.4,0.5,30.0,282,8460.0,0,0,348,0,348
88972,2.0,5.0,4.0,9.0,1.0,1.0,0.4,0.5,30.0,283,8680.0,0,0,340,0,340
88972,2.0,5.0,4.0,9.0,1.0,1.0,0.4,0.5,30.0,284,8800.0,0,0,341,0,341
88972,2.0,5.0,4.0,9.0,1.0,1.0,0.4,0.5,30.0,285,8760.0,0,0,335,0,335
88972,2.0,5.0,4.0,9.0,1.0,1.0,0.4,0.5,30.0,286,8680.0,0,0,329,0,329
88972,2.0,5.0,4.0,9.0,1.0,1.0,0.4,0.5,30.0,287,8900.0,0,0,314,0,314
88972,2.0,5.0,4.0,9.0,1.0,1.0,0.4,0.5,30.0,288,8860.0,0,0,306,0,306
88972,2.0,5.0,4.0,9.0,1.0,1.0,0.4,0.5,30.0,289,8740.0,0,0,301,0,301
88972,2.0,5.0,4.0,9.0,1.0,1.0,0.4,0.5,30.0,290,8860.0,0,0,290,0,290
88972,2.0,5.0,4.0,9.0,1.0,1.0,0.4,0.5,30.0,291,9020.0,0,0,286,0,286
88972,2.0,5.0,4.0,9.0,1.0,1.0,0.4,0.5,30.0,292,8920.0,0,0,272,0,272
88972,2.0,5.0,4.0,9.0,1.0,1.0,0.4,0.5,30.0,293,8880.0,0,0,265,0,265
88972,2.0,5.0,4.0,9.0,1.0,1.0,0.4,0.5,30.0,294,8900.0,0,0,264,0,264
88972,2.0,5.0,4.0,9.0,1.0,1.0,0.4,0.5,30.0,295,8840.0,0,0,257,0,257
88972,2.0,5.0,4.0,9.0,1.0,1.0,0.4,0.5,30.0,296,8980.0,0,0,256,0,256
88972,2.0,5.0,4.0,9.0,1.0,1.0,0.4,0.5,30.0,297,9140.0,0,0,247,0,247
88972,2.0,5.0,4.0,9.0,1.0,1.0,0.4,0.5,30.0,298,8920.0,0,0,235,0,235
88972,2.0,5.0,4.0,9.0,1.0,1.0,0.4,0.5,30.0,299,8640.0,0,0,237,0,237
88972,2.0,5.0,4.0,9.0,1.0,1.0,0.4,0.5,30.0,300,8300.0,0,0,238,0,238
88972,2.0,5.0,4.0,9.0,1.0,1.0,0.4,0.5,30.0,301,8380.0,0,0,247,0,247
88972,2.0,5.0,4.0,9.0,1.0,1.0,0.4,0.5,30.0,302,8420.0,0,0,261,0,261
88972,2.0,5.0,4.0,9.0,1.0,1.0,0.4,0.5,30.0,303,8660.0,0,0,269,0,269
88972,2.0,5.0,4.0,9.0,1.0,1.0,0.4,0.5,30.0,304,8740.0,0,0,278,0,278
88972,2.0,5.0,4.0,9.0,1.0,1.0,0.4,0.5,30.0,305,8660.0,0,0,288,0,288
88972,2.0,5.0,4.0,9.0,1.0,1.0,0.4,0.5,30.0,306,8620.0,0,0,293,0,293
88972,2.0,5.0,4.0,9.0,1.0,1.0,0.4,0.5,30.0,307,8620.0,0,0,302,0,302
88972,2.0,5.0,4.0,9.0,1.0,1.0,0.4,0.5,30.0,308,8980.0,0,0,308,0,308
88972,2.0,5.0,4.0,9.0,1.0,1.0,0.4,0.5,30.0,309,8660.0,0,0,304,0,304
88972,2.0,5.0,4.0,9.0,1.0,1.0,0.4,0.5,30.0,310,8840.0,0,0,294,0,294
88972,2.0,5.0,4.0,9.0,1.0,1.0,0.4,0.5,30.0,311,8660.0,0,0,297,0,297
88972,2.0,5.0,4.0,9.0,1.0,1.0,0.4,0.5,30.0,312,8960.0,0,0,290,0,290
88972,2.0,5.0,4.0,9.0,1.0,1.0,0.4,0.5,30.0,313,9140.0,0,0,289,0,289
88972,2.0,5.0,4.0,9.0,1.0,1.0,0.4,0.5,30.0,314,8920.0,0,0,272,0,272
88972,2.0,5.0,4.0,9.0,1.0,1.0,0.4,0.5,30.0,315,8940.0,0,0,258,0,258
88972,2.0,5.0,4.0,9.0,1.0,1.0,0.4,0.5,30.0,316,9160.0,0,0,250,0,250
88972,2.0,5.0,4.0,9.0,1.0,1.0,0.4,0.5,30.0,317,9140.0,0,0,236,0,236
88972,2.0,5.0,4.0,9.0,1.0,1.0,0.4,0.5,30.0,318,8760.0,0,0,235,0,235
88972,2.0,5.0,4.0,9.0,1.0,1.0,0.4,0.5,30.0,319,8560.0,0,0,238,0,238
88972,2.0,5.0,4.0,9.0,1.0,1.0,0.4,0.5,30.0,320,8340.0,0,0,249,0,249
88972,2.0,5.0,4.0,9.0,1.0,1.0,0.4,0.5,30.0,321,8920.0,0,0,252,0,252
88972,2.0,5.0,4.0,9.0,1.0,1.0,0.4,0.5,30.0,322,8920.0,0,0,252,0,252
88972,2.0,5.0,4.0,9.0,1.0,1.0,0.4,0.5,30.0,323,8920.0,0,0,248,0,248
88972,2.0,5.0,4.0,9.0,1.0,1.0,0.4,0.5,30.0,324,8960.0,0,0,246,0,246
88972,2.0,5.0,4.0,9.0,1.0,1.0,0.4,0.5,30.0,325,8600.0,0,0,239,0,239
88972,2.0,5.0,4.0,9.0,1.0,1.0,0.4,0.5,30.0,326,8740.0,0,0,254,0,254
88972,2.0,5.0,4.0,9.0,1.0,1.0,0.4,0.5,30.0,327,8900.0,0,0,265,0,265
88972,2.0,5.0,4.0,9.0,1.0,1.0,0.4,0.5,30.0,328,8800.0,0,0,277,0,277
88972,2.0,5.0,4.0,9.0,1.0,1.0,0.4,0.5,30.0,329,8780.0,0,0,275,0,275
88972,2.0,5.0,4.0,9.0,1.0,1.0,0.4,0.5,30.0,330,8920.0,0,0,260,0,260
88972,2.0,5.0,4.0,9.0,1.0,1.0,0.4,0.5,30.0,331,8840.0,0,0,253,0,253
88972,2.0,5.0,4.0,9.0,1.0,1.0,0.4,0.5,30.0,332,8840.0,0,0,249,0,249
88972,2.0,5.0,4.0,9.0,1.0,1.0,0.4,0.5,30.0,333,9060.0,0,0,257,0,257
88972,2.0,5.0,4.0,9.0,1.0,1.0,0.4,0.5,30.0,334,9100.0,0,0,251,0,251
88972,2.0,5.0,4.0,9.0,1.0,1.0,0.4,0.5,30.0,335,8920.0,0,0,243,0,243
88972,2.0,5.0,4.0,9.0,1.0,1.0,0.4,0.5,30.0,336,8820.0,0,0,241,0,241
88972,2.0,5.0,4.0,9.0,1.0,1.0,0.4,0.5,30.0,337,8500.0,0,0,244,0,244
88972,2.0,5.0,4.0,9.0,1.0,1.0,0.4,0.5,30.0,338,8620.0,0,0,247,0,247
88972,2.0,5.0,4.0,9.0,1.0,1.0,0.4,0.5,30.0,339,8800.0,0,0,255,0,255
88972,2.0,5.0,4.0,9.0,1.0,1.0,0.4,0.5,30.0,340,8620.0,0,0,265,0,265
88972,2.0,5.0,4.0,9.0,1.0,1.0,0.4,0.5,30.0,341,9040.0,0,0,261,0,261
88972,2.0,5.0,4.0,9.0,1.0,1.0,0.4,0.5,30.0,342,8820.0,0,0,268,0,268
88972,2.0,5.0,4.0,9.0,1.0,1.0,0.4,0.5,30.0,343,8800.0,0,0,267,0,267
88972,2.0,5.0,4.0,9.0,1.0,1.0,0.4,0.5,30.0,344,9040.0,0,0,263,0,263
88972,2.0,5.0,4.0,9.0,1.0,1.0,0.4,0.5,30.0,345,8860.0,0,0,267,0,267
88972,2.0,5.0,4.0,9.0,1.0,1.0,0.4,0.5,30.0,346,9240.0,0,0,267,0,267
88972,2.0,5.0,4.0,9.0,1.0,1.0,0.4,0.5,30.0,347,9020.0,0,0,258,0,258
88972,2.0,5.0,4.0,9.0,1.0,1.0,0.4,0.5,30.0,348,9240.0,0,0,251,0,251
88972,2.0,5.0,4.0,9.0,1.0,1.0,0.4,0.5,30.0,349,8940.0,0,0,240,0,240
88972,2.0,5.0,4.0,9.0,1.0,1.0,0.4,0.5,30.0,350,8540.0,0,0,234,0,234
88972,2.0,5.0,4.0,9.0,1.0,1.0,0.4,0.5,30.0,351,8520.0,0,0,233,0,233
88972,2.0,5.0,4.0,9.0,1.0,1.0,0.4,0.5,30.0,352,8360.0,0,0,240,0,240
88972,2.0,5.0,4.0,9.0,1.0,1.0,0.4,0.5,30.0,353,8480.0,0,0,254,0,254
88972,2.0,5.0,4.0,9.0,1.0,1.0,0.4,0.5,30.0,354,8880.0,0,0,265,0,265
88972,2.0,5.0,4.0,9.0,1.0,1.0,0.4,0.5,30.0,355,8760.0,0,0,267,0,267
88972,2.0,5.0,4.0,9.0,1.0,1.0,0.4,0.5,30.0,356,8740.0,0,0,269,0,269
88972,2.0,5.0,4.0,9.0,1.0,1.0,0.4,0.5,30.0,357,8920.0,0,0,271,0,271
88972,2.0,5.0,4.0,9.0,1.0,1.0,0.4,0.5,30.0,358,8860.0,0,0,271,0,271
88972,2.0,5.0,4.0,9.0,1.0,1.0,0.4,0.5,30.0,359,8760.0,0,0,277,0,277
88972,2.0,5.0,4.0,9.0,1.0,1.0,0.4,0.5,30.0,360,8860.0,0,0,278,0,278
88972,2.0,5.0,4.0,9.0,1.0,1.0,0.4,0.5,30.0,361,8940.0,0,0,277,0,277
88972,2.0,5.0,4.0,9.0,1.0,1.0,0.4,0.5,30.0,362,8960.0,0,0,276,0,276
88972,2.0,5.0,4.0,9.0,1.0,1.0,0.4,0.5,30.0,363,9040.0,0,0,267,0,267
88972,2.0,5.0,4.0,9.0,1.0,1.0,0.4,0.5,30.0,364,9060.0,0,0,256,0,256
88972,2.0,5.0,4.0,9.0,1.0,1.0,0.4,0.5,30.0,365,9200.0,0,0,243,0,243
88972,2.0,5.0,4.0,9.0,1.0,1.0,0.4,0.5,30.0,366,8780.0,0,0,231,0,231
88972,2.0,5.0,4.0,9.0,1.0,1.0,0.4,0.5,30.0,367,8520.0,0,0,231,0,231
88972,2.0,5.0,4.0,9.0,1.0,1.0,0.4,0.5,30.0,368,8440.0,0,0,239,0,239
88972,2.0,5.0,4.0,9.0,1.0,1.0,0.4,0.5,30.0,369,8660.0,0,0,254,0,254
88972,2.0,5.0,4.0,9.0,1.0,1.0,0.4,0.5,30.0,370,8880.0,0,0,259,0,259
88972,2.0,5.0,4.0,9.0,1.0,1.0,0.4,0.5,30.0,371,8900.0,0,0,266,0,266
88972,2.0,5.0,4.0,9.0,1.0,1.0,0.4,0.5,30.0,372,9200.0,0,0,256,0,256
88972,2.0,5.0,4.0,9.0,1.0,1.0,0.4,0.5,30.0,373,9140.0,0,0,249,0,249
88972,2.0,5.0,4.0,9.0,1.0,1.0,0.4,0.5,30.0,374,8880.0,0,0,248,0,248
88972,2.0,5.0,4.0,9.0,1.0,1.0,0.4,0.5,30.0,375,8920.0,0,0,250,0,250
88972,2.0,5.0,4.0,9.0,1.0,1.0,0.4,0.5,30.0,376,9020.0,0,0,247,0,247
88972,2.0,5.0,4.0,9.0,1.0,1.0,0.4,0.5,30.0,377,8860.0,0,0,244,0,244
88972,2.0,5.0,4.0,9.0,1.0,1.0,0.4,0.5,30.0,378,8800.0,0,0,239,0,239
88972,2.0,5.0,4.0,9.0,1.0,1.0,0.4,0.5,30.0,379,8480.0,0,0,235,0,235
88972,2.0,5.0,4.0,9.0,1.0,1.0,0.4,0.5,30.0,380,8380.0,0,0,246,0,246
88972,2.0,5.0,4.0,9.0,1.0,1.0,0.4,0.5,30.0,381,8620.0,0,0,263,0,263
88972,2.0,5.0,4.0,9.0,1.0,1.0,0.4,0.5,30.0,382,8520.0,0,0,268,0,268
88972,2.0,5.0,4.0,9.0,1.0,1.0,0.4,0.5,30.0,383,8680.0,0,0,271,0,271
88972,2.0,5.0,4.0,9.0,1.0,1.0,0.4,0.5,30.0,384,8760.0,0,0,277,0,277
88972,2.0,5.0,4.0,9.0,1.0,1.0,0.4,0.5,30.0,385,8720.0,0,0,286,0,286
88972,2.0,5.0,4.0,9.0,1.0,1.0,0.4,0.5,30.0,386,8660.0,0,0,291,0,291
88972,2.0,5.0,4.0,9.0,1.0,1.0,0.4,0.5,30.0,387,8780.0,0,0,287,0,287
88972,2.0,5.0,4.0,9.0,1.0,1.0,0.4,0.5,30.0,388,8640.0,0,0,299,0,299
88972,2.0,5.0,4.0,9.0,1.0,1.0,0.4,0.5,30.0,389,8860.0,0,0,298,0,298
88972,2.0,5.0,4.0,9.0,1.0,1.0,0.4,0.5,30.0,390,8940.0,0,0,293,0,293
88972,2.0,5.0,4.0,9.0,1.0,1.0,0.4,0.5,30.0,391,9000.0,0,0,279,0,279
88972,2.0,5.0,4.0,9.0,1.0,1.0,0.4,0.5,30.0,392,9100.0,0,0,267,0,267
88972,2.0,5.0,4.0,9.0,1.0,1.0,0.4,0.5,30.0,393,9120.0,0,0,257,0,257
88972,2.0,5.0,4.0,9.0,1.0,1.0,0.4,0.5,30.0,394,9160.0,0,0,253,0,253
88972,2.0,5.0,4.0,9.0,1.0,1.0,0.4,0.5,30.0,395,9060.0,0,0,241,0,241
88972,2.0,5.0,4.0,9.0,1.0,1.0,0.4,0.5,30.0,396,8720.0,0,0,238,0,238
88972,2.0,5.0,4.0,9.0,1.0,1.0,0.4,0.5,30.0,397,8520.0,0,0,241,0,241
88972,2.0,5.0,4.0,9.0,1.0,1.0,0.4,0.5,30.0,398,8460.0,0,0,242,0,242
88972,2.0,5.0,4.0,9.0,1.0,1.0,0.4,0.5,30.0,399,8740.0,0,0,256,0,256
88972,2.0,5.0,4.0,9.0,1.0,1.0,0.4,0.5,30.0,400,8940.0,0,0,257,0,257
88972,2.0,5.0,4.0,9.0,1.0,1.0,0.4,0.5,30.0,401,8820.0,0,0,255,0,255
88972,2.0,5.0,4.0,9.0,1.0,1.0,0.4,0.5,30.0,402,8940.0,0,0,257,0,257
88972,2.0,5.0,4.0,9.0,1.0,1.0,0.4,0.5,30.0,403,8860.0,0,0,257,0,257
88972,2.0,5.0,4.0,9.0,1.0,1.0,0.4,0.5,30.0,404,9060.0,0,0,254,0,254
88972,2.0,5.0,4.0,9.0,1.0,1.0,0.4,0.5,30.0,405,9040.0,0,0,254,0,254
88972,2.0,5.0,4.0,9.0,1.0,1.0,0.4,0.5,30.0,406,9040.0,0,0,256,0,256
88972,2.0,5.0,4.0,9.0,1.0,1.0,0.4,0.5,30.0,407,9000.0,0,0,252,0,252
88972,2.0,5.0,4.0,9.0,1.0,1.0,0.4,0.5,30.0,408,8980.0,0,0,233,0,233
88972,2.0,5.0,4.0,9.0,1.0,1.0,0.4,0.5,30.0,409,8800.0,0,0,234,0,234
88972,2.0,5.0,4.0,9.0,1.0,1.0,0.4,0.5,30.0,410,8460.0,0,0,234,0,234
88972,2.0,5.0,4.0,9.0,1.0,1.0,0.4,0.5,30.0,411,8380.0,0,0,250,0,250
88972,2.0,5.0,4.0,9.0,1.0,1.0,0.4,0.5,30.0,412,8680.0,0,0,261,0,261
88972,2.0,5.0,4.0,9.0,1.0,1.0,0.4,0.5,30.0,413,8780.0,0,0,260,0,260
88972,2.0,5.0,4.0,9.0,1.0,1.0,0.4,0.5,30.0,414,8920.0,0,0,263,0,263
88972,2.0,5.0,4.0,9.0,1.0,1.0,0.4,0.5,30.0,415,8860.0,0,0,267,0,267
88972,2.0,5.0,4.0,9.0,1.0,1.0,0.4,0.5,30.0,416,8780.0,0,0,266,0,266
88972,2.0,5.0,4.0,9.0,1.0,1.0,0.4,0.5,30.0,417,8620.0,0,0,269,0,269
88972,2.0,5.0,4.0,9.0,1.0,1.0,0.4,0.5,30.0,418,9060.0,0,0,274,0,274
88972,2.0,5.0,4.0,9.0,1.0,1.0,0.4,0.5,30.0,419,8840.0,0,0,275,0,275
88972,2.0,5.0,4.0,9.0,1.0,1.0,0.4,0.5,30.0,420,8940.0,0,0,269,0,269
88972,2.0,5.0,4.0,9.0,1.0,1.0,0.4,0.5,30.0,421,9040.0,0,0,268,0,268
88972,2.0,5.0,4.0,9.0,1.0,1.0,0.4,0.5,30.0,422,9080.0,0,0,255,0,255
88972,2.0,5.0,4.0,9.0,1.0,1.0,0.4,0.5,30.0,423,9200.0,0,0,243,0,243
88972,2.0,5.0,4.0,9.0,1.0,1.0,0.4,0.5,30.0,424,8980.0,0,0,232,0,232
88972,2.0,5.0,4.0,9.0,1.0,1.0,0.4,0.5,30.0,425,8700.0,0,0,227,0,227
88972,2.0,5.0,4.0,9.0,1.0,1.0,0.4,0.5,30.0,426,8460.0,0,0,232,0,232
88972,2.0,5.0,4.0,9.0,1.0,1.0,0.4,0.5,30.0,427,8280.0,0,0,245,0,245
88972,2.0,5.0,4.0,9.0,1.0,1.0,0.4,0.5,30.0,428,8640.0,0,0,253,0,253
88972,2.0,5.0,4.0,9.0,1.0,1.0,0.4,0.5,30.0,429,9040.0,0,0,258,0,258
88972,2.0,5.0,4.0,9.0,1.0,1.0,0.4,0.5,30.0,430,9020.0,0,0,256,0,256
88972,2.0,5.0,4.0,9.0,1.0,1.0,0.4,0.5,30.0,431,8920.0,0,0,258,0,258
88972,2.0,5.0,4.0,9.0,1.0,1.0,0.4,0.5,30.0,432,9020.0,0,0,265,0,265
88972,2.0,5.0,4.0,9.0,1.0,1.0,0.4,0.5,30.0,433,9220.0,0,0,258,0,258
88972,2.0,5.0,4.0,9.0,1.0,1.0,0.4,0.5,30.0,434,9240.0,0,0,258,0,258
88972,2.0,5.0,4.0,9.0,1.0,1.0,0.4,0.5,30.0,435,9040.0,0,0,247,0,247
88972,2.0,5.0,4.0,9.0,1.0,1.0,0.4,0.5,30.0,436,8900.0,0,0,235,0,235
88972,2.0,5.0,4.0,9.0,1.0,1.0,0.4,0.5,30.0,437,8880.0,0,0,227,0,227
88972,2.0,5.0,4.0,9.0,1.0,1.0,0.4,0.5,30.0,438,8420.0,0,0,232,0,232
88972,2.0,5.0,4.0,9.0,1.0,1.0,0.4,0.5,30.0,439,8320.0,0,0,240,0,240
88972,2.0,5.0,4.0,9.0,1.0,1.0,0.4,0.5,30.0,440,8420.0,0,0,246,0,246
88972,2.0,5.0,4.0,9.0,1.0,1.0,0.4,0.5,30.0,441,8680.0,0,0,260,0,260
88972,2.0,5.0,4.0,9.0,1.0,1.0,0.4,0.5,30.0,442,8740.0,0,0,272,0,272
88972,2.0,5.0,4.0,9.0,1.0,1.0,0.4,0.5,30.0,443,8980.0,0,0,260,0,260
88972,2.0,5.0,4.0,9.0,1.0,1.0,0.4,0.5,30.0,444,8900.0,0,0,270,0,270
88972,2.0,5.0,4.0,9.0,1.0,1.0,0.4,0.5,30.0,445,8940.0,0,0,272,0,272
88972,2.0,5.0,4.0,9.0,1.0,1.0,0.4,0.5,30.0,446,8600.0,0,0,280,0,280
88972,2.0,5.0,4.0,9.0,1.0,1.0,0.4,0.5,30.0,447,8560.0,0,0,285,0,285
88972,2.0,5.0,4.0,9.0,1.0,1.0,0.4,0.5,30.0,448,8820.0,0,0,289,0,289
88972,2.0,5.0,4.0,9.0,1.0,1.0,0.4,0.5,30.0,449,8860.0,0,0,286,0,286
88972,2.0,5.0,4.0,9.0,1.0,1.0,0.4,0.5,30.0,450,8660.0,0,0,278,0,278
88972,2.0,5.0,4.0,9.0,1.0,1.0,0.4,0.5,30.0,451,9100.0,0,0,276,0,276
88972,2.0,5.0,4.0,9.0,1.0,1.0,0.4,0.5,30.0,452,8900.0,0,0,276,0,276
88972,2.0,5.0,4.0,9.0,1.0,1.0,0.4,0.5,30.0,453,8980.0,0,0,266,0,266
88972,2.0,5.0,4.0,9.0,1.0,1.0,0.4,0.5,30.0,454,9160.0,0,0,261,0,261
88972,2.0,5.0,4.0,9.0,1.0,1.0,0.4,0.5,30.0,455,9080.0,0,0,249,0,249
88972,2.0,5.0,4.0,9.0,1.0,1.0,0.4,0.5,30.0,456,8940.0,0,0,239,0,239
88972,2.0,5.0,4.0,9.0,1.0,1.0,0.4,0.5,30.0,457,8700.0,0,0,230,0,230
88972,2.0,5.0,4.0,9.0,1.0,1.0,0.4,0.5,30.0,458,8340.0,0,0,233,0,233
88972,2.0,5.0,4.0,9.0,1.0,1.0,0.4,0.5,30.0,459,8260.0,0,0,251,0,251
88972,2.0,5.0,4.0,9.0,1.0,1.0,0.4,0.5,30.0,460,8660.0,0,0,260,0,260
88972,2.0,5.0,4.0,9.0,1.0,1.0,0.4,0.5,30.0,461,8460.0,0,0,279,0,279
88972,2.0,5.0,4.0,9.0,1.0,1.0,0.4,0.5,30.0,462,8640.0,0,0,281,0,281
88972,2.0,5.0,4.0,9.0,1.0,1.0,0.4,0.5,30.0,463,8640.0,0,0,283,0,283
88972,2.0,5.0,4.0,9.0,1.0,1.0,0.4,0.5,30.0,464,8680.0,0,0,296,0,296
88972,2.0,5.0,4.0,9.0,1.0,1.0,0.4,0.5,30.0,465,8640.0,0,0,299,0,299
88972,2.0,5.0,4.0,9.0,1.0,1.0,0.4,0.5,30.0,466,8860.0,0,0,305,0,305
88972,2.0,5.0,4.0,9.0,1.0,1.0,0.4,0.5,30.0,467,8840.0,0,0,311,0,311
88972,2.0,5.0,4.0,9.0,1.0,1.0,0.4,0.5,30.0,468,8820.0,0,0,301,0,301
88972,2.0,5.0,4.0,9.0,1.0,1.0,0.4,0.5,30.0,469,8980.0,0,0,297,0,297
88972,2.0,5.0,4.0,9.0,1.0,1.0,0.4,0.5,30.0,470,9020.0,0,0,280,0,280
88972,2.0,5.0,4.0,9.0,1.0,1.0,0.4,0.5,30.0,471,9360.0,0,0,269,0,269
88972,2.0,5.0,4.0,9.0,1.0,1.0,0.4,0.5,30.0,472,9280.0,0,0,255,0,255
88972,2.0,5.0,4.0,9.0,1.0,1.0,0.4,0.5,30.0,473,9180.0,0,0,237,0,237
88972,2.0,5.0,4.0,9.0,1.0,1.0,0.4,0.5,30.0,474,8800.0,0,0,223,0,223
88972,2.0,5.0,4.0,9.0,1.0,1.0,0.4,0.5,30.0,475,8860.0,0,0,218,0,218
88972,2.0,5.0,4.0,9.0,1.0,1.0,0.4,0.5,30.0,476,8460.0,0,0,225,0,225
88972,2.0,5.0,4.0,9.0,1.0,1.0,0.4,0.5,30.0,477,8100.0,0,0,234,0,234
88972,2.0,5.0,4.0,9.0,1.0,1.0,0.4,0.5,30.0,478,8120.0,0,0,249,0,249
88972,2.0,5.0,4.0,9.0,1.0,1.0,0.4,0.5,30.0,479,8360.0,0,0,269,0,269
88972,2.0,5.0,4.0,9.0,1.0,1.0,0.4,0.5,30.0,480,8440.0,0,0,284,0,284
88972,2.0,5.0,4.0,9.0,1.0,1.0,0.4,0.5,30.0,481,8660.0,0,0,286,0,286
88972,2.0,5.0,4.0,9.0,1.0,1.0,0.4,0.5,30.0,482,8500.0,0,0,301,0,301
88972,2.0,5.0,4.0,9.0,1.0,1.0,0.4,0.5,30.0,483,8600.0,0,0,319,0,319
88972,2.0,5.0,4.0,9.0,1.0,1.0,0.4,0.5,30.0,484,8740.0,0,0,327,0,327
88972,2.0,5.0,4.0,9.0,1.0,1.0,0.4,0.5,30.0,485,8800.0,0,0,328,0,328
88972,2.0,5.0,4.0,9.0,1.0,1.0,0.4,0.5,30.0,486,8700.0,0,0,324,0,324
88972,2.0,5.0,4.0,9.0,1.0,1.0,0.4,0.5,30.0,487,8840.0,0,0,311,0,311
88972,2.0,5.0,4.0,9.0,1.0,1.0,0.4,0.5,30.0,488,8840.0,0,0,306,0,306
88972,2.0,5.0,4.0,9.0,1.0,1.0,0.4,0.5,30.0,489,9040.0,0,0,293,0,293
88972,2.0,5.0,4.0,9.0,1.0,1.0,0.4,0.5,30.0,490,8920.0,0,0,287,0,287
88972,2.0,5.0,4.0,9.0,1.0,1.0,0.4,0.5,30.0,491,8740.0,0,0,273,0,273
88972,2.0,5.0,4.0,9.0,1.0,1.0,0.4,0.5,30.0,492,9120.0,0,0,260,0,260
88972,2.0,5.0,4.0,9.0,1.0,1.0,0.4,0.5,30.0,493,9180.0,0,0,253,0,253
88972,2.0,5.0,4.0,9.0,1.0,1.0,0.4,0.5,30.0,494,9000.0,0,0,248,0,248
88972,2.0,5.0,4.0,9.0,1.0,1.0,0.4,0.5,30.0,495,9000.0,0,0,240,0,240
88972,2.0,5.0,4.0,9.0,1.0,1.0,0.4,0.5,30.0,496,8780.0,0,0,246,0,246
88972,2.0,5.0,4.0,9.0,1.0,1.0,0.4,0.5,30.0,497,8700.0,0,0,237,0,237
88972,2.0,5.0,4.0,9.0,1.0,1.0,0.4,0.5,30.0,498,8360.0,0,0,241,0,241
88972,2.0,5.0,4.0,9.0,1.0,1.0,0.4,0.5,30.0,499,8480.0,0,0,249,0,249