Exp Num,agent:svo_convergence_factor,agent:params:metabolism,agent:params:consumption_factor,agent:params:procreate_cost_factor,agent:params:procreate_req_factor,agent:params:start_energy_factor,agent:params:caught_chance,agent:params:caught_cooldown_factor,agent:params:maximum_age,Epoch,Resource,A,B,C,D,E
89234,2.0,5.0,4.0,9.0,1.0,3.0,0.5,0.2,50.0,0,3720.0,21,27,6,26,74
89234,2.0,5.0,4.0,9.0,1.0,3.0,0.5,0.2,50.0,1,3730.0,26,30,12,28,92
89234,2.0,5.0,4.0,9.0,1.0,3.0,0.5,0.2,50.0,2,3422.5,22,29,14,28,88
89234,2.0,5.0,4.0,9.0,1.0,3.0,0.5,0.2,50.0,3,3718.125,22,33,18,28,96
89234,2.0,5.0,4.0,9.0,1.0,3.0,0.5,0.2,50.0,4,4167.65625,24,39,22,29,108
89234,2.0,5.0,4.0,9.0,1.0,3.0,0.5,0.2,50.0,5,4509.5703125,16,38,24,32,100
89234,2.0,5.0,4.0,9.0,1.0,3.0,0.5,0.2,50.0,6,5056.962890625,8,36,26,30,91
89234,2.0,5.0,4.0,9.0,1.0,3.0,0.5,0.2,50.0,7,5661.20361328125,8,35,29,27,93
89234,2.0,5.0,4.0,9.0,1.0,3.0,0.5,0.2,50.0,8,6376.5045166015625,7,39,35,26,102
89234,2.0,5.0,4.0,9.0,1.0,3.0,0.5,0.2,50.0,9,6770.630645751953,6,47,42,25,115
89234,2.0,5.0,4.0,9.0,1.0,3.0,0.5,0.2,50.0,10,7083.288307189941,4,51,52,22,123
89234,2.0,5.0,4.0,9.0,1.0,3.0,0.5,0.2,50.0,11,6974.110383987427,4,61,68,23,149
89234,2.0,5.0,4.0,9.0,1.0,3.0,0.5,0.2,50.0,12,6457.637979984283,3,68,90,26,176
89234,2.0,5.0,4.0,9.0,1.0,3.0,0.5,0.2,50.0,13,6692.047474980354,0,74,109,27,197
89234,2.0,5.0,4.0,9.0,1.0,3.0,0.5,0.2,50.0,14,7245.059343725443,0,80,129,26,223
89234,2.0,5.0,4.0,9.0,1.0,3.0,0.5,0.2,50.0,15,7936.324179656804,0,78,142,25,233
89234,2.0,5.0,4.0,9.0,1.0,3.0,0.5,0.2,50.0,16,9000.405224571005,0,76,154,22,243
89234,2.0,5.0,4.0,9.0,1.0,3.0,0.5,0.2,50.0,17,9160.0,0,74,166,19,253
89234,2.0,5.0,4.0,9.0,1.0,3.0,0.5,0.2,50.0,18,9280.0,0,67,167,16,246
89234,2.0,5.0,4.0,9.0,1.0,3.0,0.5,0.2,50.0,19,9100.0,0,61,169,14,242
89234,2.0,5.0,4.0,9.0,1.0,3.0,0.5,0.2,50.0,20,9160.0,0,60,169,13,241
89234,2.0,5.0,4.0,9.0,1.0,3.0,0.5,0.2,50.0,21,9240.0,0,49,173,11,233
89234,2.0,5.0,4.0,9.0,1.0,3.0,0.5,0.2,50.0,22,9100.0,0,37,169,9,217
89234,2.0,5.0,4.0,9.0,1.0,3.0,0.5,0.2,50.0,23,8900.0,0,27,170,9,208
89234,2.0,5.0,4.0,9.0,1.0,3.0,0.5,0.2,50.0,24,8600.0,0,22,178,7,211
89234,2.0,5.0,4.0,9.0,1.0,3.0,0.5,0.2,50.0,25,8320.0,0,15,189,4,215
89234,2.0,5.0,4.0,9.0,1.0,3.0,0.5,0.2,50.0,26,8000.0,0,10,203,4,224
89234,2.0,5.0,4.0,9.0,1.0,3.0,0.5,0.2,50.0,27,7920.0,0,7,240,4,257
89234,2.0,5.0,4.0,9.0,1.0,3.0,0.5,0.2,50.0,28,8460.0,0,6,264,4,279
89234,2.0,5.0,4.0,9.0,1.0,3.0,0.5,0.2,50.0,29,8480.0,0,5,277,4,291
89234,2.0,5.0,4.0,9.0,1.0,3.0,0.5,0.2,50.0,30,8760.0,0,4,285,2,298
89234,2.0,5.0,4.0,9.0,1.0,3.0,0.5,0.2,50.0,31,8820.0,0,4,295,2,308
89234,2.0,5.0,4.0,9.0,1.0,3.0,0.5,0.2,50.0,32,8900.0,0,3,296,2,307
89234,2.0,5.0,4.0,9.0,1.0,3.0,0.5,0.2,50.0,33,8980.0,0,3,291,2,302
89234,2.0,5.0,4.0,9.0,1.0,3.0,0.5,0.2,50.0,34,9200.0,0,3,286,2,296
89234,2.0,5.0,4.0,9.0,1.0,3.0,0.5,0.2,50.0,35,9200.0,0,2,273,3,282
89234,2.0,5.0,4.0,9.0,1.0,3.0,0.5,0.2,50.0,36,9420.0,0,2,263,3,272
89234,2.0,5.0,4.0,9.0,1.0,3.0,0.5,0.2,50.0,37,9400.0,0,1,248,3,255
89234,2.0,5.0,4.0,9.0,1.0,3.0,0.5,0.2,50.0,38,9380.0,0,1,221,3,228
89234,2.0,5.0,4.0,9.0,1.0,3.0,0.5,0.2,50.0,39,9260.0,0,1,196,2,203
89234,2.0,5.0,4.0,9.0,1.0,3.0,0.5,0.2,50.0,40,9100.0,0,1,187,2,194
89234,2.0,5.0,4.0,9.0,1.0,3.0,0.5,0.2,50.0,41,9080.0,0,1,169,2,176
89234,2.0,5.0,4.0,9.0,1.0,3.0,0.5,0.2,50.0,42,8660.0,0,1,172,2,178
89234,2.0,5.0,4.0,9.0,1.0,3.0,0.5,0.2,50.0,43,8260.0,0,1,189,2,194
89234,2.0,5.0,4.0,9.0,1.0,3.0,0.5,0.2,50.0,44,7620.0,0,0,220,1,224
89234,2.0,5.0,4.0,9.0,1.0,3.0,0.5,0.2,50.0,45,7865.0,0,0,242,0,246
89234,2.0,5.0,4.0,9.0,1.0,3.0,0.5,0.2,50.0,46,8691.25,0,0,265,0,269
89234,2.0,5.0,4.0,9.0,1.0,3.0,0.5,0.2,50.0,47,8860.0,0,0,266,0,269
89234,2.0,5.0,4.0,9.0,1.0,3.0,0.5,0.2,50.0,48,8920.0,0,0,273,0,276
89234,2.0,5.0,4.0,9.0,1.0,3.0,0.5,0.2,50.0,49,8960.0,0,0,282,0,285
89234,2.0,5.0,4.0,9.0,1.0,3.0,0.5,0.2,50.0,50,9180.0,0,0,278,0,281
89234,2.0,5.0,4.0,9.0,1.0,3.0,0.5,0.2,50.0,51,9220.0,0,0,274,0,277
89234,2.0,5.0,4.0,9.0,1.0,3.0,0.5,0.2,50.0,52,9320.0,0,0,268,0,270
89234,2.0,5.0,4.0,9.0,1.0,3.0,0.5,0.2,50.0,53,9180.0,0,0,251,0,253
89234,2.0,5.0,4.0,9.0,1.0,3.0,0.5,0.2,50.0,54,9180.0,0,0,238,0,238
89234,2.0,5.0,4.0,9.0,1.0,3.0,0.5,0.2,50.0,55,9060.0,0,0,226,0,226
89234,2.0,5.0,4.0,9.0,1.0,3.0,0.5,0.2,50.0,56,8800.0,0,0,219,0,219
89234,2.0,5.0,4.0,9.0,1.0,3.0,0.5,0.2,50.0,57,8620.0,0,0,211,0,211
89234,2.0,5.0,4.0,9.0,1.0,3.0,0.5,0.2,50.0,58,8440.0,0,0,216,0,216
89234,2.0,5.0,4.0,9.0,1.0,3.0,0.5,0.2,50.0,59,7800.0,0,0,231,0,231
89234,2.0,5.0,4.0,9.0,1.0,3.0,0.5,0.2,50.0,60,7650.0,0,0,254,0,254
89234,2.0,5.0,4.0,9.0,1.0,3.0,0.5,0.2,50.0,61,8022.5,0,0,289,0,289
89234,2.0,5.0,4.0,9.0,1.0,3.0,0.5,0.2,50.0,62,8860.0,0,0,299,0,299
89234,2.0,5.0,4.0,9.0,1.0,3.0,0.5,0.2,50.0,63,8860.0,0,0,299,0,299
89234,2.0,5.0,4.0,9.0,1.0,3.0,0.5,0.2,50.0,64,8740.0,0,0,301,0,301
89234,2.0,5.0,4.0,9.0,1.0,3.0,0.5,0.2,50.0,65,8900.0,0,0,307,0,307
89234,2.0,5.0,4.0,9.0,1.0,3.0,0.5,0.2,50.0,66,9120.0,0,0,305,0,305
89234,2.0,5.0,4.0,9.0,1.0,3.0,0.5,0.2,50.0,67,8980.0,0,0,306,0,306
89234,2.0,5.0,4.0,9.0,1.0,3.0,0.5,0.2,50.0,68,9000.0,0,0,295,0,295
89234,2.0,5.0,4.0,9.0,1.0,3.0,0.5,0.2,50.0,69,9180.0,0,0,281,0,281
89234,2.0,5.0,4.0,9.0,1.0,3.0,0.5,0.2,50.0,70,9340.0,0,0,257,0,257
89234,2.0,5.0,4.0,9.0,1.0,3.0,0.5,0.2,50.0,71,9240.0,0,0,243,0,243
89234,2.0,5.0,4.0,9.0,1.0,3.0,0.5,0.2,50.0,72,9040.0,0,0,223,0,223
89234,2.0,5.0,4.0,9.0,1.0,3.0,0.5,0.2,50.0,73,8860.0,0,0,211,0,211
89234,2.0,5.0,4.0,9.0,1.0,3.0,0.5,0.2,50.0,74,8520.0,0,0,210,0,210
89234,2.0,5.0,4.0,9.0,1.0,3.0,0.5,0.2,50.0,75,8180.0,0,0,223,0,223
89234,2.0,5.0,4.0,9.0,1.0,3.0,0.5,0.2,50.0,76,7880.0,0,0,238,0,238
89234,2.0,5.0,4.0,9.0,1.0,3.0,0.5,0.2,50.0,77,8450.0,0,0,266,0,266
89234,2.0,5.0,4.0,9.0,1.0,3.0,0.5,0.2,50.0,78,8900.0,0,0,285,0,285
89234,2.0,5.0,4.0,9.0,1.0,3.0,0.5,0.2,50.0,79,9080.0,0,0,281,0,281
89234,2.0,5.0,4.0,9.0,1.0,3.0,0.5,0.2,50.0,80,9000.0,0,0,274,0,274
89234,2.0,5.0,4.0,9.0,1.0,3.0,0.5,0.2,50.0,81,9040.0,0,0,284,0,284
89234,2.0,5.0,4.0,9.0,1.0,3.0,0.5,0.2,50.0,82,9320.0,0,0,272,0,272
89234,2.0,5.0,4.0,9.0,1.0,3.0,0.5,0.2,50.0,83,9340.0,0,0,254,0,254
89234,2.0,5.0,4.0,9.0,1.0,3.0,0.5,0.2,50.0,84,9240.0,0,0,254,0,254
89234,2.0,5.0,4.0,9.0,1.0,3.0,0.5,0.2,50.0,85,9340.0,0,0,242,0,242
89234,2.0,5.0,4.0,9.0,1.0,3.0,0.5,0.2,50.0,86,9180.0,0,0,222,0,222
89234,2.0,5.0,4.0,9.0,1.0,3.0,0.5,0.2,50.0,87,8860.0,0,0,213,0,213
89234,2.0,5.0,4.0,9.0,1.0,3.0,0.5,0.2,50.0,88,8640.0,0,0,212,0,212
89234,2.0,5.0,4.0,9.0,1.0,3.0,0.5,0.2,50.0,89,8180.0,0,0,214,0,214
89234,2.0,5.0,4.0,9.0,1.0,3.0,0.5,0.2,50.0,90,7820.0,0,0,229,0,229
89234,2.0,5.0,4.0,9.0,1.0,3.0,0.5,0.2,50.0,91,7795.0,0,0,251,0,251
89234,2.0,5.0,4.0,9.0,1.0,3.0,0.5,0.2,50.0,92,8223.75,0,0,280,0,280
89234,2.0,5.0,4.0,9.0,1.0,3.0,0.5,0.2,50.0,93,8940.0,0,0,297,0,297
89234,2.0,5.0,4.0,9.0,1.0,3.0,0.5,0.2,50.0,94,8860.0,0,0,297,0,297
89234,2.0,5.0,4.0,9.0,1.0,3.0,0.5,0.2,50.0,95,8960.0,0,0,305,0,305
89234,2.0,5.0,4.0,9.0,1.0,3.0,0.5,0.2,50.0,96,8760.0,0,0,307,0,307
89234,2.0,5.0,4.0,9.0,1.0,3.0,0.5,0.2,50.0,97,9160.0,0,0,307,0,307
89234,2.0,5.0,4.0,9.0,1.0,3.0,0.5,0.2,50.0,98,8920.0,0,0,305,0,305
89234,2.0,5.0,4.0,9.0,1.0,3.0,0.5,0.2,50.0,99,9140.0,0,0,283,0,283
89234,2.0,5.0,4.0,9.0,1.0,3.0,0.5,0.2,50.0,100,9340.0,0,0,267,0,267
89234,2.0,5.0,4.0,9.0,1.0,3.0,0.5,0.2,50.0,101,9380.0,0,0,246,0,246
89234,2.0,5.0,4.0,9.0,1.0,3.0,0.5,0.2,50.0,102,9380.0,0,0,227,0,227
89234,2.0,5.0,4.0,9.0,1.0,3.0,0.5,0.2,50.0,103,9160.0,0,0,213,0,213
89234,2.0,5.0,4.0,9.0,1.0,3.0,0.5,0.2,50.0,104,9000.0,0,0,202,0,202
89234,2.0,5.0,4.0,9.0,1.0,3.0,0.5,0.2,50.0,105,8680.0,0,0,199,0,199
89234,2.0,5.0,4.0,9.0,1.0,3.0,0.5,0.2,50.0,106,8460.0,0,0,207,0,207
89234,2.0,5.0,4.0,9.0,1.0,3.0,0.5,0.2,50.0,107,7980.0,0,0,221,0,221
89234,2.0,5.0,4.0,9.0,1.0,3.0,0.5,0.2,50.0,108,7955.0,0,0,248,0,248
89234,2.0,5.0,4.0,9.0,1.0,3.0,0.5,0.2,50.0,109,8643.75,0,0,265,0,265
89234,2.0,5.0,4.0,9.0,1.0,3.0,0.5,0.2,50.0,110,8900.0,0,0,267,0,267
89234,2.0,5.0,4.0,9.0,1.0,3.0,0.5,0.2,50.0,111,8940.0,0,0,279,0,279
89234,2.0,5.0,4.0,9.0,1.0,3.0,0.5,0.2,50.0,112,8820.0,0,0,277,0,277
89234,2.0,5.0,4.0,9.0,1.0,3.0,0.5,0.2,50.0,113,8920.0,0,0,280,0,280
89234,2.0,5.0,4.0,9.0,1.0,3.0,0.5,0.2,50.0,114,8960.0,0,0,286,0,286
89234,2.0,5.0,4.0,9.0,1.0,3.0,0.5,0.2,50.0,115,9160.0,0,0,286,0,286
89234,2.0,5.0,4.0,9.0,1.0,3.0,0.5,0.2,50.0,116,9320.0,0,0,281,0,281
89234,2.0,5.0,4.0,9.0,1.0,3.0,0.5,0.2,50.0,117,9060.0,0,0,268,0,268
89234,2.0,5.0,4.0,9.0,1.0,3.0,0.5,0.2,50.0,118,9380.0,0,0,255,0,255
89234,2.0,5.0,4.0,9.0,1.0,3.0,0.5,0.2,50.0,119,9140.0,0,0,230,0,230
89234,2.0,5.0,4.0,9.0,1.0,3.0,0.5,0.2,50.0,120,9140.0,0,0,213,0,213
89234,2.0,5.0,4.0,9.0,1.0,3.0,0.5,0.2,50.0,121,8900.0,0,0,206,0,206
89234,2.0,5.0,4.0,9.0,1.0,3.0,0.5,0.2,50.0,122,8680.0,0,0,203,0,203
89234,2.0,5.0,4.0,9.0,1.0,3.0,0.5,0.2,50.0,123,8360.0,0,0,212,0,212
89234,2.0,5.0,4.0,9.0,1.0,3.0,0.5,0.2,50.0,124,7760.0,0,0,228,0,228
89234,2.0,5.0,4.0,9.0,1.0,3.0,0.5,0.2,50.0,125,7880.0,0,0,245,0,245
89234,2.0,5.0,4.0,9.0,1.0,3.0,0.5,0.2,50.0,126,8610.0,0,0,272,0,272
89234,2.0,5.0,4.0,9.0,1.0,3.0,0.5,0.2,50.0,127,9040.0,0,0,278,0,278
89234,2.0,5.0,4.0,9.0,1.0,3.0,0.5,0.2,50.0,128,8880.0,0,0,283,0,283
89234,2.0,5.0,4.0,9.0,1.0,3.0,0.5,0.2,50.0,129,9080.0,0,0,281,0,281
89234,2.0,5.0,4.0,9.0,1.0,3.0,0.5,0.2,50.0,130,9200.0,0,0,277,0,277
89234,2.0,5.0,4.0,9.0,1.0,3.0,0.5,0.2,50.0,131,9060.0,0,0,276,0,276
89234,2.0,5.0,4.0,9.0,1.0,3.0,0.5,0.2,50.0,132,9300.0,0,0,269,0,269
89234,2.0,5.0,4.0,9.0,1.0,3.0,0.5,0.2,50.0,133,9500.0,0,0,261,0,261
89234,2.0,5.0,4.0,9.0,1.0,3.0,0.5,0.2,50.0,134,9500.0,0,0,241,0,241
89234,2.0,5.0,4.0,9.0,1.0,3.0,0.5,0.2,50.0,135,9320.0,0,0,218,0,218
89234,2.0,5.0,4.0,9.0,1.0,3.0,0.5,0.2,50.0,136,9220.0,0,0,200,0,200
89234,2.0,5.0,4.0,9.0,1.0,3.0,0.5,0.2,50.0,137,9160.0,0,0,188,0,188
89234,2.0,5.0,4.0,9.0,1.0,3.0,0.5,0.2,50.0,138,8940.0,0,0,175,0,175
89234,2.0,5.0,4.0,9.0,1.0,3.0,0.5,0.2,50.0,139,8580.0,0,0,175,0,175
89234,2.0,5.0,4.0,9.0,1.0,3.0,0.5,0.2,50.0,140,8160.0,0,0,191,0,191
89234,2.0,5.0,4.0,9.0,1.0,3.0,0.5,0.2,50.0,141,7560.0,0,0,215,0,215
89234,2.0,5.0,4.0,9.0,1.0,3.0,0.5,0.2,50.0,142,7490.0,0,0,252,0,252
89234,2.0,5.0,4.0,9.0,1.0,3.0,0.5,0.2,50.0,143,7982.5,0,0,283,0,283
89234,2.0,5.0,4.0,9.0,1.0,3.0,0.5,0.2,50.0,144,8678.125,0,0,302,0,302
89234,2.0,5.0,4.0,9.0,1.0,3.0,0.5,0.2,50.0,145,8720.0,0,0,303,0,303
89234,2.0,5.0,4.0,9.0,1.0,3.0,0.5,0.2,50.0,146,8780.0,0,0,310,0,310
89234,2.0,5.0,4.0,9.0,1.0,3.0,0.5,0.2,50.0,147,8860.0,0,0,316,0,316
89234,2.0,5.0,4.0,9.0,1.0,3.0,0.5,0.2,50.0,148,9200.0,0,0,318,0,318
89234,2.0,5.0,4.0,9.0,1.0,3.0,0.5,0.2,50.0,149,9080.0,0,0,311,0,311
89234,2.0,5.0,4.0,9.0,1.0,3.0,0.5,0.2,50.0,150,9080.0,0,0,303,0,303
89234,2.0,5.0,4.0,9.0,1.0,3.0,0.5,0.2,50.0,151,9280.0,0,0,279,0,279
89234,2.0,5.0,4.0,9.0,1.0,3.0,0.5,0.2,50.0,152,9240.0,0,0,260,0,260
89234,2.0,5.0,4.0,9.0,1.0,3.0,0.5,0.2,50.0,153,9180.0,0,0,240,0,240
89234,2.0,5.0,4.0,9.0,1.0,3.0,0.5,0.2,50.0,154,9100.0,0,0,224,0,224
89234,2.0,5.0,4.0,9.0,1.0,3.0,0.5,0.2,50.0,155,9000.0,0,0,214,0,214
89234,2.0,5.0,4.0,9.0,1.0,3.0,0.5,0.2,50.0,156,8880.0,0,0,205,0,205
89234,2.0,5.0,4.0,9.0,1.0,3.0,0.5,0.2,50.0,157,8640.0,0,0,204,0,204
89234,2.0,5.0,4.0,9.0,1.0,3.0,0.5,0.2,50.0,158,8060.0,0,0,214,0,214
89234,2.0,5.0,4.0,9.0,1.0,3.0,0.5,0.2,50.0,159,7660.0,0,0,239,0,239
89234,2.0,5.0,4.0,9.0,1.0,3.0,0.5,0.2,50.0,160,8235.0,0,0,263,0,263
89234,2.0,5.0,4.0,9.0,1.0,3.0,0.5,0.2,50.0,161,8720.0,0,0,281,0,281
89234,2.0,5.0,4.0,9.0,1.0,3.0,0.5,0.2,50.0,162,8760.0,0,0,286,0,286
89234,2.0,5.0,4.0,9.0,1.0,3.0,0.5,0.2,50.0,163,8700.0,0,0,292,0,292
89234,2.0,5.0,4.0,9.0,1.0,3.0,0.5,0.2,50.0,164,8900.0,0,0,303,0,303
89234,2.0,5.0,4.0,9.0,1.0,3.0,0.5,0.2,50.0,165,8860.0,0,0,301,0,301
89234,2.0,5.0,4.0,9.0,1.0,3.0,0.5,0.2,50.0,166,8840.0,0,0,301,0,301
89234,2.0,5.0,4.0,9.0,1.0,3.0,0.5,0.2,50.0,167,9000.0,0,0,303,0,303
89234,2.0,5.0,4.0,9.0,1.0,3.0,0.5,0.2,50.0,168,9180.0,0,0,288,0,288
89234,2.0,5.0,4.0,9.0,1.0,3.0,0.5,0.2,50.0,169,9260.0,0,0,271,0,271
89234,2.0,5.0,4.0,9.0,1.0,3.0,0.5,0.2,50.0,170,9180.0,0,0,254,0,254
89234,2.0,5.0,4.0,9.0,1.0,3.0,0.5,0.2,50.0,171,9340.0,0,0,241,0,241
89234,2.0,5.0,4.0,9.0,1.0,3.0,0.5,0.2,50.0,172,9160.0,0,0,224,0,224
89234,2.0,5.0,4.0,9.0,1.0,3.0,0.5,0.2,50.0,173,8960.0,0,0,215,0,215
89234,2.0,5.0,4.0,9.0,1.0,3.0,0.5,0.2,50.0,174,8740.0,0,0,207,0,207
89234,2.0,5.0,4.0,9.0,1.0,3.0,0.5,0.2,50.0,175,8580.0,0,0,209,0,209
89234,2.0,5.0,4.0,9.0,1.0,3.0,0.5,0.2,50.0,176,8060.0,0,0,220,0,220
89234,2.0,5.0,4.0,9.0,1.0,3.0,0.5,0.2,50.0,177,7880.0,0,0,245,0,245
89234,2.0,5.0,4.0,9.0,1.0,3.0,0.5,0.2,50.0,178,8430.0,0,0,262,0,262
89234,2.0,5.0,4.0,9.0,1.0,3.0,0.5,0.2,50.0,179,8940.0,0,0,277,0,277
89234,2.0,5.0,4.0,9.0,1.0,3.0,0.5,0.2,50.0,180,8940.0,0,0,283,0,283
89234,2.0,5.0,4.0,9.0,1.0,3.0,0.5,0.2,50.0,181,9000.0,0,0,282,0,282
89234,2.0,5.0,4.0,9.0,1.0,3.0,0.5,0.2,50.0,182,9220.0,0,0,279,0,279
89234,2.0,5.0,4.0,9.0,1.0,3.0,0.5,0.2,50.0,183,9220.0,0,0,277,0,277
89234,2.0,5.0,4.0,9.0,1.0,3.0,0.5,0.2,50.0,184,9180.0,0,0,271,0,271
89234,2.0,5.0,4.0,9.0,1.0,3.0,0.5,0.2,50.0,185,9400.0,0,0,259,0,259
89234,2.0,5.0,4.0,9.0,1.0,3.0,0.5,0.2,50.0,186,9360.0,0,0,233,0,233
89234,2.0,5.0,4.0,9.0,1.0,3.0,0.5,0.2,50.0,187,9340.0,0,0,211,0,211
89234,2.0,5.0,4.0,9.0,1.0,3.0,0.5,0.2,50.0,188,9080.0,0,0,203,0,203
89234,2.0,5.0,4.0,9.0,1.0,3.0,0.5,0.2,50.0,189,9000.0,0,0,192,0,192
89234,2.0,5.0,4.0,9.0,1.0,3.0,0.5,0.2,50.0,190,8700.0,0,0,192,0,192
89234,2.0,5.0,4.0,9.0,1.0,3.0,0.5,0.2,50.0,191,8200.0,0,0,205,0,205
89234,2.0,5.0,4.0,9.0,1.0,3.0,0.5,0.2,50.0,192,7640.0,0,0,223,0,223
89234,2.0,5.0,4.0,9.0,1.0,3.0,0.5,0.2,50.0,193,7770.0,0,0,249,0,249
89234,2.0,5.0,4.0,9.0,1.0,3.0,0.5,0.2,50.0,194,8232.5,0,0,273,0,273
89234,2.0,5.0,4.0,9.0,1.0,3.0,0.5,0.2,50.0,195,8920.0,0,0,280,0,280
89234,2.0,5.0,4.0,9.0,1.0,3.0,0.5,0.2,50.0,196,9080.0,0,0,285,0,285
89234,2.0,5.0,4.0,9.0,1.0,3.0,0.5,0.2,50.0,197,8960.0,0,0,290,0,290
89234,2.0,5.0,4.0,9.0,1.0,3.0,0.5,0.2,50.0,198,8960.0,0,0,292,0,292
89234,2.0,5.0,4.0,9.0,1.0,3.0,0.5,0.2,50.0,199,9020.0,0,0,291,0,291
89234,2.0,5.0,4.0,9.0,1.0,3.0,0.5,0.2,50.0,200,9040.0,0,0,294,0,294
89234,2.0,5.0,4.0,9.0,1.0,3.0,0.5,0.2,50.0,201,9040.0,0,0,286,0,286
89234,2.0,5.0,4.0,9.0,1.0,3.0,0.5,0.2,50.0,202,9280.0,0,0,276,0,276
89234,2.0,5.0,4.0,9.0,1.0,3.0,0.5,0.2,50.0,203,9380.0,0,0,252,0,252
89234,2.0,5.0,4.0,9.0,1.0,3.0,0.5,0.2,50.0,204,9340.0,0,0,228,0,228
89234,2.0,5.0,4.0,9.0,1.0,3.0,0.5,0.2,50.0,205,9260.0,0,0,212,0,212
89234,2.0,5.0,4.0,9.0,1.0,3.0,0.5,0.2,50.0,206,9040.0,0,0,206,0,206
89234,2.0,5.0,4.0,9.0,1.0,3.0,0.5,0.2,50.0,207,8980.0,0,0,192,0,192
89234,2.0,5.0,4.0,9.0,1.0,3.0,0.5,0.2,50.0,208,8620.0,0,0,186,0,186
89234,2.0,5.0,4.0,9.0,1.0,3.0,0.5,0.2,50.0,209,8100.0,0,0,206,0,206
89234,2.0,5.0,4.0,9.0,1.0,3.0,0.5,0.2,50.0,210,7740.0,0,0,220,0,220
89234,2.0,5.0,4.0,9.0,1.0,3.0,0.5,0.2,50.0,211,7795.0,0,0,251,0,251
89234,2.0,5.0,4.0,9.0,1.0,3.0,0.5,0.2,50.0,212,8483.75,0,0,274,0,274
89234,2.0,5.0,4.0,9.0,1.0,3.0,0.5,0.2,50.0,213,8920.0,0,0,291,0,291
89234,2.0,5.0,4.0,9.0,1.0,3.0,0.5,0.2,50.0,214,8860.0,0,0,293,0,293
89234,2.0,5.0,4.0,9.0,1.0,3.0,0.5,0.2,50.0,215,8780.0,0,0,303,0,303
89234,2.0,5.0,4.0,9.0,1.0,3.0,0.5,0.2,50.0,216,8840.0,0,0,312,0,312
89234,2.0,5.0,4.0,9.0,1.0,3.0,0.5,0.2,50.0,217,9040.0,0,0,298,0,298
89234,2.0,5.0,4.0,9.0,1.0,3.0,0.5,0.2,50.0,218,8920.0,0,0,302,0,302
89234,2.0,5.0,4.0,9.0,1.0,3.0,0.5,0.2,50.0,219,9100.0,0,0,292,0,292
89234,2.0,5.0,4.0,9.0,1.0,3.0,0.5,0.2,50.0,220,9140.0,0,0,274,0,274
89234,2.0,5.0,4.0,9.0,1.0,3.0,0.5,0.2,50.0,221,9320.0,0,0,252,0,252
89234,2.0,5.0,4.0,9.0,1.0,3.0,0.5,0.2,50.0,222,9180.0,0,0,232,0,232
89234,2.0,5.0,4.0,9.0,1.0,3.0,0.5,0.2,50.0,223,9100.0,0,0,220,0,220
89234,2.0,5.0,4.0,9.0,1.0,3.0,0.5,0.2,50.0,224,8760.0,0,0,217,0,217
89234,2.0,5.0,4.0,9.0,1.0,3.0,0.5,0.2,50.0,225,8560.0,0,0,223,0,223
89234,2.0,5.0,4.0,9.0,1.0,3.0,0.5,0.2,50.0,226,8140.0,0,0,231,0,231
89234,2.0,5.0,4.0,9.0,1.0,3.0,0.5,0.2,50.0,227,8140.0,0,0,241,0,241
89234,2.0,5.0,4.0,9.0,1.0,3.0,0.5,0.2,50.0,228,8540.0,0,0,256,0,256
89234,2.0,5.0,4.0,9.0,1.0,3.0,0.5,0.2,50.0,229,9080.0,0,0,261,0,261
89234,2.0,5.0,4.0,9.0,1.0,3.0,0.5,0.2,50.0,230,9000.0,0,0,261,0,261
89234,2.0,5.0,4.0,9.0,1.0,3.0,0.5,0.2,50.0,231,9280.0,0,0,258,0,258
89234,2.0,5.0,4.0,9.0,1.0,3.0,0.5,0.2,50.0,232,9080.0,0,0,262,0,262
89234,2.0,5.0,4.0,9.0,1.0,3.0,0.5,0.2,50.0,233,9020.0,0,0,261,0,261
89234,2.0,5.0,4.0,9.0,1.0,3.0,0.5,0.2,50.0,234,9260.0,0,0,259,0,259
89234,2.0,5.0,4.0,9.0,1.0,3.0,0.5,0.2,50.0,235,9200.0,0,0,253,0,253
89234,2.0,5.0,4.0,9.0,1.0,3.0,0.5,0.2,50.0,236,9200.0,0,0,246,0,246
89234,2.0,5.0,4.0,9.0,1.0,3.0,0.5,0.2,50.0,237,9040.0,0,0,229,0,229
89234,2.0,5.0,4.0,9.0,1.0,3.0,0.5,0.2,50.0,238,9100.0,0,0,219,0,219
89234,2.0,5.0,4.0,9.0,1.0,3.0,0.5,0.2,50.0,239,8740.0,0,0,217,0,217
89234,2.0,5.0,4.0,9.0,1.0,3.0,0.5,0.2,50.0,240,8560.0,0,0,213,0,213
89234,2.0,5.0,4.0,9.0,1.0,3.0,0.5,0.2,50.0,241,8040.0,0,0,226,0,226
89234,2.0,5.0,4.0,9.0,1.0,3.0,0.5,0.2,50.0,242,8100.0,0,0,243,0,243
89234,2.0,5.0,4.0,9.0,1.0,3.0,0.5,0.2,50.0,243,8660.0,0,0,259,0,259
89234,2.0,5.0,4.0,9.0,1.0,3.0,0.5,0.2,50.0,244,8780.0,0,0,269,0,269
89234,2.0,5.0,4.0,9.0,1.0,3.0,0.5,0.2,50.0,245,9140.0,0,0,270,0,270
89234,2.0,5.0,4.0,9.0,1.0,3.0,0.5,0.2,50.0,246,8720.0,0,0,279,0,279
89234,2.0,5.0,4.0,9.0,1.0,3.0,0.5,0.2,50.0,247,8920.0,0,0,281,0,281
89234,2.0,5.0,4.0,9.0,1.0,3.0,0.5,0.2,50.0,248,9020.0,0,0,283,0,283
89234,2.0,5.0,4.0,9.0,1.0,3.0,0.5,0.2,50.0,249,9120.0,0,0,287,0,287
89234,2.0,5.0,4.0,9.0,1.0,3.0,0.5,0.2,50.0,250,9140.0,0,0,280,0,280
89234,2.0,5.0,4.0,9.0,1.0,3.0,0.5,0.2,50.0,251,9340.0,0,0,272,0,272
89234,2.0,5.0,4.0,9.0,1.0,3.0,0.5,0.2,50.0,252,9400.0,0,0,248,0,248
89234,2.0,5.0,4.0,9.0,1.0,3.0,0.5,0.2,50.0,253,9380.0,0,0,224,0,224
89234,2.0,5.0,4.0,9.0,1.0,3.0,0.5,0.2,50.0,254,9100.0,0,0,214,0,214
89234,2.0,5.0,4.0,9.0,1.0,3.0,0.5,0.2,50.0,255,9200.0,0,0,199,0,199
89234,2.0,5.0,4.0,9.0,1.0,3.0,0.5,0.2,50.0,256,8840.0,0,0,189,0,189
89234,2.0,5.0,4.0,9.0,1.0,3.0,0.5,0.2,50.0,257,8460.0,0,0,197,0,197
89234,2.0,5.0,4.0,9.0,1.0,3.0,0.5,0.2,50.0,258,8040.0,0,0,211,0,211
89234,2.0,5.0,4.0,9.0,1.0,3.0,0.5,0.2,50.0,259,7560.0,0,0,233,0,233
89234,2.0,5.0,4.0,9.0,1.0,3.0,0.5,0.2,50.0,260,7970.0,0,0,261,0,261
89234,2.0,5.0,4.0,9.0,1.0,3.0,0.5,0.2,50.0,261,8882.5,0,0,276,0,276
89234,2.0,5.0,4.0,9.0,1.0,3.0,0.5,0.2,50.0,262,8840.0,0,0,283,0,283
89234,2.0,5.0,4.0,9.0,1.0,3.0,0.5,0.2,50.0,263,9000.0,0,0,291,0,291
89234,2.0,5.0,4.0,9.0,1.0,3.0,0.5,0.2,50.0,264,8960.0,0,0,295,0,295
89234,2.0,5.0,4.0,9.0,1.0,3.0,0.5,0.2,50.0,265,9080.0,0,0,286,0,286
89234,2.0,5.0,4.0,9.0,1.0,3.0,0.5,0.2,50.0,266,9360.0,0,0,280,0,280
89234,2.0,5.0,4.0,9.0,1.0,3.0,0.5,0.2,50.0,267,9360.0,0,0,281,0,281
89234,2.0,5.0,4.0,9.0,1.0,3.0,0.5,0.2,50.0,268,9400.0,0,0,262,0,262
89234,2.0,5.0,4.0,9.0,1.0,3.0,0.5,0.2,50.0,269,9600.0,0,0,228,0,228
89234,2.0,5.0,4.0,9.0,1.0,3.0,0.5,0.2,50.0,270,9440.0,0,0,203,0,203
89234,2.0,5.0,4.0,9.0,1.0,3.0,0.5,0.2,50.0,271,9200.0,0,0,185,0,185
89234,2.0,5.0,4.0,9.0,1.0,3.0,0.5,0.2,50.0,272,9080.0,0,0,169,0,169
89234,2.0,5.0,4.0,9.0,1.0,3.0,0.5,0.2,50.0,273,8720.0,0,0,170,0,170
89234,2.0,5.0,4.0,9.0,1.0,3.0,0.5,0.2,50.0,274,8440.0,0,0,178,0,178
89234,2.0,5.0,4.0,9.0,1.0,3.0,0.5,0.2,50.0,275,7880.0,0,0,197,0,197
89234,2.0,5.0,4.0,9.0,1.0,3.0,0.5,0.2,50.0,276,7050.0,0,0,227,0,227
89234,2.0,5.0,4.0,9.0,1.0,3.0,0.5,0.2,50.0,277,7292.5,0,0,266,0,266
89234,2.0,5.0,4.0,9.0,1.0,3.0,0.5,0.2,50.0,278,7855.625,0,0,302,0,302
89234,2.0,5.0,4.0,9.0,1.0,3.0,0.5,0.2,50.0,279,8539.53125,0,0,307,0,307
89234,2.0,5.0,4.0,9.0,1.0,3.0,0.5,0.2,50.0,280,8800.0,0,0,318,0,318
89234,2.0,5.0,4.0,9.0,1.0,3.0,0.5,0.2,50.0,281,8720.0,0,0,324,0,324
89234,2.0,5.0,4.0,9.0,1.0,3.0,0.5,0.2,50.0,282,8920.0,0,0,315,0,315
89234,2.0,5.0,4.0,9.0,1.0,3.0,0.5,0.2,50.0,283,9080.0,0,0,308,0,308
89234,2.0,5.0,4.0,9.0,1.0,3.0,0.5,0.2,50.0,284,9160.0,0,0,311,0,311
89234,2.0,5.0,4.0,9.0,1.0,3.0,0.5,0.2,50.0,285,9180.0,0,0,297,0,297
89234,2.0,5.0,4.0,9.0,1.0,3.0,0.5,0.2,50.0,286,9140.0,0,0,281,0,281
89234,2.0,5.0,4.0,9.0,1.0,3.0,0.5,0.2,50.0,287,9460.0,0,0,253,0,253
89234,2.0,5.0,4.0,9.0,1.0,3.0,0.5,0.2,50.0,288,9220.0,0,0,230,0,230
89234,2.0,5.0,4.0,9.0,1.0,3.0,0.5,0.2,50.0,289,9220.0,0,0,212,0,212
89234,2.0,5.0,4.0,9.0,1.0,3.0,0.5,0.2,50.0,290,8980.0,0,0,203,0,203
89234,2.0,5.0,4.0,9.0,1.0,3.0,0.5,0.2,50.0,291,8860.0,0,0,201,0,201
89234,2.0,5.0,4.0,9.0,1.0,3.0,0.5,0.2,50.0,292,8600.0,0,0,198,0,198
89234,2.0,5.0,4.0,9.0,1.0,3.0,0.5,0.2,50.0,293,8040.0,0,0,210,0,210
89234,2.0,5.0,4.0,9.0,1.0,3.0,0.5,0.2,50.0,294,7500.0,0,0,230,0,230
89234,2.0,5.0,4.0,9.0,1.0,3.0,0.5,0.2,50.0,295,7775.0,0,0,267,0,267
89234,2.0,5.0,4.0,9.0,1.0,3.0,0.5,0.2,50.0,296,8558.75,0,0,290,0,290
89234,2.0,5.0,4.0,9.0,1.0,3.0,0.5,0.2,50.0,297,9040.0,0,0,288,0,288
89234,2.0,5.0,4.0,9.0,1.0,3.0,0.5,0.2,50.0,298,8820.0,0,0,296,0,296
89234,2.0,5.0,4.0,9.0,1.0,3.0,0.5,0.2,50.0,299,8740.0,0,0,307,0,307
89234,2.0,5.0,4.0,9.0,1.0,3.0,0.5,0.2,50.0,300,8940.0,0,0,306,0,306
89234,2.0,5.0,4.0,9.0,1.0,3.0,0.5,0.2,50.0,301,9100.0,0,0,306,0,306
89234,2.0,5.0,4.0,9.0,1.0,3.0,0.5,0.2,50.0,302,9160.0,0,0,297,0,297
89234,2.0,5.0,4.0,9.0,1.0,3.0,0.5,0.2,50.0,303,9260.0,0,0,283,0,283
89234,2.0,5.0,4.0,9.0,1.0,3.0,0.5,0.2,50.0,304,9460.0,0,0,265,0,265
89234,2.0,5.0,4.0,9.0,1.0,3.0,0.5,0.2,50.0,305,9500.0,0,0,231,0,231
89234,2.0,5.0,4.0,9.0,1.0,3.0,0.5,0.2,50.0,306,9340.0,0,0,213,0,213
89234,2.0,5.0,4.0,9.0,1.0,3.0,0.5,0.2,50.0,307,9220.0,0,0,196,0,196
89234,2.0,5.0,4.0,9.0,1.0,3.0,0.5,0.2,50.0,308,9160.0,0,0,180,0,180
89234,2.0,5.0,4.0,9.0,1.0,3.0,0.5,0.2,50.0,309,8920.0,0,0,181,0,181
89234,2.0,5.0,4.0,9.0,1.0,3.0,0.5,0.2,50.0,310,8540.0,0,0,183,0,183
89234,2.0,5.0,4.0,9.0,1.0,3.0,0.5,0.2,50.0,311,8260.0,0,0,188,0,188
89234,2.0,5.0,4.0,9.0,1.0,3.0,0.5,0.2,50.0,312,7800.0,0,0,206,0,206
89234,2.0,5.0,4.0,9.0,1.0,3.0,0.5,0.2,50.0,313,7450.0,0,0,244,0,244
89234,2.0,5.0,4.0,9.0,1.0,3.0,0.5,0.2,50.0,314,7852.5,0,0,273,0,273
89234,2.0,5.0,4.0,9.0,1.0,3.0,0.5,0.2,50.0,315,8635.625,0,0,293,0,293
89234,2.0,5.0,4.0,9.0,1.0,3.0,0.5,0.2,50.0,316,8900.0,0,0,297,0,297
89234,2.0,5.0,4.0,9.0,1.0,3.0,0.5,0.2,50.0,317,9100.0,0,0,301,0,301
89234,2.0,5.0,4.0,9.0,1.0,3.0,0.5,0.2,50.0,318,9120.0,0,0,297,0,297
89234,2.0,5.0,4.0,9.0,1.0,3.0,0.5,0.2,50.0,319,9180.0,0,0,299,0,299
89234,2.0,5.0,4.0,9.0,1.0,3.0,0.5,0.2,50.0,320,9160.0,0,0,288,0,288
89234,2.0,5.0,4.0,9.0,1.0,3.0,0.5,0.2,50.0,321,9200.0,0,0,274,0,274
89234,2.0,5.0,4.0,9.0,1.0,3.0,0.5,0.2,50.0,322,9500.0,0,0,253,0,253
89234,2.0,5.0,4.0,9.0,1.0,3.0,0.5,0.2,50.0,323,9340.0,0,0,227,0,227
89234,2.0,5.0,4.0,9.0,1.0,3.0,0.5,0.2,50.0,324,9300.0,0,0,213,0,213
89234,2.0,5.0,4.0,9.0,1.0,3.0,0.5,0.2,50.0,325,9080.0,0,0,200,0,200
89234,2.0,5.0,4.0,9.0,1.0,3.0,0.5,0.2,50.0,326,8980.0,0,0,194,0,194
89234,2.0,5.0,4.0,9.0,1.0,3.0,0.5,0.2,50.0,327,8660.0,0,0,200,0,200
89234,2.0,5.0,4.0,9.0,1.0,3.0,0.5,0.2,50.0,328,8260.0,0,0,204,0,204
89234,2.0,5.0,4.0,9.0,1.0,3.0,0.5,0.2,50.0,329,7800.0,0,0,215,0,215
89234,2.0,5.0,4.0,9.0,1.0,3.0,0.5,0.2,50.0,330,7570.0,0,0,244,0,244
89234,2.0,5.0,4.0,9.0,1.0,3.0,0.5,0.2,50.0,331,8122.5,0,0,276,0,276
89234,2.0,5.0,4.0,9.0,1.0,3.0,0.5,0.2,50.0,332,8700.0,0,0,293,0,293
89234,2.0,5.0,4.0,9.0,1.0,3.0,0.5,0.2,50.0,333,8980.0,0,0,298,0,298
89234,2.0,5.0,4.0,9.0,1.0,3.0,0.5,0.2,50.0,334,8800.0,0,0,304,0,304
89234,2.0,5.0,4.0,9.0,1.0,3.0,0.5,0.2,50.0,335,9160.0,0,0,307,0,307
89234,2.0,5.0,4.0,9.0,1.0,3.0,0.5,0.2,50.0,336,9200.0,0,0,305,0,305
89234,2.0,5.0,4.0,9.0,1.0,3.0,0.5,0.2,50.0,337,9080.0,0,0,290,0,290
89234,2.0,5.0,4.0,9.0,1.0,3.0,0.5,0.2,50.0,338,9260.0,0,0,275,0,275
89234,2.0,5.0,4.0,9.0,1.0,3.0,0.5,0.2,50.0,339,9500.0,0,0,250,0,250
89234,2.0,5.0,4.0,9.0,1.0,3.0,0.5,0.2,50.0,340,9180.0,0,0,228,0,228
89234,2.0,5.0,4.0,9.0,1.0,3.0,0.5,0.2,50.0,341,9280.0,0,0,204,0,204
89234,2.0,5.0,4.0,9.0,1.0,3.0,0.5,0.2,50.0,342,8920.0,0,0,198,0,198
89234,2.0,5.0,4.0,9.0,1.0,3.0,0.5,0.2,50.0,343,8580.0,0,0,198,0,198
89234,2.0,5.0,4.0,9.0,1.0,3.0,0.5,0.2,50.0,344,8320.0,0,0,201,0,201
89234,2.0,5.0,4.0,9.0,1.0,3.0,0.5,0.2,50.0,345,7660.0,0,0,229,0,229
89234,2.0,5.0,4.0,9.0,1.0,3.0,0.5,0.2,50.0,346,7875.0,0,0,258,0,258
89234,2.0,5.0,4.0,9.0,1.0,3.0,0.5,0.2,50.0,347,8843.75,0,0,279,0,279
89234,2.0,5.0,4.0,9.0,1.0,3.0,0.5,0.2,50.0,348,8720.0,0,0,277,0,277
89234,2.0,5.0,4.0,9.0,1.0,3.0,0.5,0.2,50.0,349,8680.0,0,0,277,0,277
89234,2.0,5.0,4.0,9.0,1.0,3.0,0.5,0.2,50.0,350,8920.0,0,0,293,0,293
89234,2.0,5.0,4.0,9.0,1.0,3.0,0.5,0.2,50.0,351,8820.0,0,0,295,0,295
89234,2.0,5.0,4.0,9.0,1.0,3.0,0.5,0.2,50.0,352,8820.0,0,0,298,0,298
89234,2.0,5.0,4.0,9.0,1.0,3.0,0.5,0.2,50.0,353,9040.0,0,0,297,0,297
89234,2.0,5.0,4.0,9.0,1.0,3.0,0.5,0.2,50.0,354,9220.0,0,0,291,0,291
89234,2.0,5.0,4.0,9.0,1.0,3.0,0.5,0.2,50.0,355,9380.0,0,0,271,0,271
89234,2.0,5.0,4.0,9.0,1.0,3.0,0.5,0.2,50.0,356,9300.0,0,0,248,0,248
89234,2.0,5.0,4.0,9.0,1.0,3.0,0.5,0.2,50.0,357,9140.0,0,0,238,0,238
89234,2.0,5.0,4.0,9.0,1.0,3.0,0.5,0.2,50.0,358,9220.0,0,0,222,0,222
89234,2.0,5.0,4.0,9.0,1.0,3.0,0.5,0.2,50.0,359,9180.0,0,0,206,0,206
89234,2.0,5.0,4.0,9.0,1.0,3.0,0.5,0.2,50.0,360,8880.0,0,0,205,0,205
89234,2.0,5.0,4.0,9.0,1.0,3.0,0.5,0.2,50.0,361,8560.0,0,0,208,0,208
89234,2.0,5.0,4.0,9.0,1.0,3.0,0.5,0.2,50.0,362,8200.0,0,0,212,0,212
89234,2.0,5.0,4.0,9.0,1.0,3.0,0.5,0.2,50.0,363,7780.0,0,0,235,0,235
89234,2.0,5.0,4.0,9.0,1.0,3.0,0.5,0.2,50.0,364,8165.0,0,0,254,0,254
89234,2.0,5.0,4.0,9.0,1.0,3.0,0.5,0.2,50.0,365,8720.0,0,0,275,0,275
89234,2.0,5.0,4.0,9.0,1.0,3.0,0.5,0.2,50.0,366,8920.0,0,0,278,0,278
89234,2.0,5.0,4.0,9.0,1.0,3.0,0.5,0.2,50.0,367,8820.0,0,0,285,0,285
89234,2.0,5.0,4.0,9.0,1.0,3.0,0.5,0.2,50.0,368,8920.0,0,0,297,0,297
89234,2.0,5.0,4.0,9.0,1.0,3.0,0.5,0.2,50.0,369,9000.0,0,0,294,0,294
89234,2.0,5.0,4.0,9.0,1.0,3.0,0.5,0.2,50.0,370,9320.0,0,0,286,0,286
89234,2.0,5.0,4.0,9.0,1.0,3.0,0.5,0.2,50.0,371,9460.0,0,0,283,0,283
89234,2.0,5.0,4.0,9.0,1.0,3.0,0.5,0.2,50.0,372,9400.0,0,0,263,0,263
89234,2.0,5.0,4.0,9.0,1.0,3.0,0.5,0.2,50.0,373,9340.0,0,0,242,0,242
89234,2.0,5.0,4.0,9.0,1.0,3.0,0.5,0.2,50.0,374,9340.0,0,0,218,0,218
89234,2.0,5.0,4.0,9.0,1.0,3.0,0.5,0.2,50.0,375,9220.0,0,0,202,0,202
89234,2.0,5.0,4.0,9.0,1.0,3.0,0.5,0.2,50.0,376,8940.0,0,0,185,0,185
89234,2.0,5.0,4.0,9.0,1.0,3.0,0.5,0.2,50.0,377,8840.0,0,0,177,0,177
89234,2.0,5.0,4.0,9.0,1.0,3.0,0.5,0.2,50.0,378,8540.0,0,0,179,0,179
89234,2.0,5.0,4.0,9.0,1.0,3.0,0.5,0.2,50.0,379,7880.0,0,0,200,0,200
89234,2.0,5.0,4.0,9.0,1.0,3.0,0.5,0.2,50.0,380,7370.0,0,0,231,0,231
89234,2.0,5.0,4.0,9.0,1.0,3.0,0.5,0.2,50.0,381,7752.5,0,0,268,0,268
89234,2.0,5.0,4.0,9.0,1.0,3.0,0.5,0.2,50.0,382,8470.625,0,0,291,0,291
89234,2.0,5.0,4.0,9.0,1.0,3.0,0.5,0.2,50.0,383,8800.0,0,0,293,0,293
89234,2.0,5.0,4.0,9.0,1.0,3.0,0.5,0.2,50.0,384,8980.0,0,0,293,0,293
89234,2.0,5.0,4.0,9.0,1.0,3.0,0.5,0.2,50.0,385,8760.0,0,0,300,0,300
89234,2.0,5.0,4.0,9.0,1.0,3.0,0.5,0.2,50.0,386,9000.0,0,0,296,0,296
89234,2.0,5.0,4.0,9.0,1.0,3.0,0.5,0.2,50.0,387,9100.0,0,0,300,0,300
89234,2.0,5.0,4.0,9.0,1.0,3.0,0.5,0.2,50.0,388,9060.0,0,0,304,0,304
89234,2.0,5.0,4.0,9.0,1.0,3.0,0.5,0.2,50.0,389,9040.0,0,0,286,0,286
89234,2.0,5.0,4.0,9.0,1.0,3.0,0.5,0.2,50.0,390,9380.0,0,0,259,0,259
89234,2.0,5.0,4.0,9.0,1.0,3.0,0.5,0.2,50.0,391,9120.0,0,0,238,0,238
89234,2.0,5.0,4.0,9.0,1.0,3.0,0.5,0.2,50.0,392,9020.0,0,0,224,0,224
89234,2.0,5.0,4.0,9.0,1.0,3.0,0.5,0.2,50.0,393,8780.0,0,0,218,0,218
89234,2.0,5.0,4.0,9.0,1.0,3.0,0.5,0.2,50.0,394,8600.0,0,0,221,0,221
89234,2.0,5.0,4.0,9.0,1.0,3.0,0.5,0.2,50.0,395,8140.0,0,0,231,0,231
89234,2.0,5.0,4.0,9.0,1.0,3.0,0.5,0.2,50.0,396,8380.0,0,0,250,0,250
89234,2.0,5.0,4.0,9.0,1.0,3.0,0.5,0.2,50.0,397,8840.0,0,0,256,0,256
89234,2.0,5.0,4.0,9.0,1.0,3.0,0.5,0.2,50.0,398,8940.0,0,0,258,0,258
89234,2.0,5.0,4.0,9.0,1.0,3.0,0.5,0.2,50.0,399,9260.0,0,0,256,0,256
89234,2.0,5.0,4.0,9.0,1.0,3.0,0.5,0.2,50.0,400,8920.0,0,0,257,0,257
89234,2.0,5.0,4.0,9.0,1.0,3.0,0.5,0.2,50.0,401,9120.0,0,0,264,0,264
89234,2.0,5.0,4.0,9.0,1.0,3.0,0.5,0.2,50.0,402,9240.0,0,0,253,0,253
89234,2.0,5.0,4.0,9.0,1.0,3.0,0.5,0.2,50.0,403,9200.0,0,0,255,0,255
89234,2.0,5.0,4.0,9.0,1.0,3.0,0.5,0.2,50.0,404,9180.0,0,0,248,0,248
89234,2.0,5.0,4.0,9.0,1.0,3.0,0.5,0.2,50.0,405,9140.0,0,0,235,0,235
89234,2.0,5.0,4.0,9.0,1.0,3.0,0.5,0.2,50.0,406,9040.0,0,0,222,0,222
89234,2.0,5.0,4.0,9.0,1.0,3.0,0.5,0.2,50.0,407,8840.0,0,0,215,0,215
89234,2.0,5.0,4.0,9.0,1.0,3.0,0.5,0.2,50.0,408,8720.0,0,0,215,0,215
89234,2.0,5.0,4.0,9.0,1.0,3.0,0.5,0.2,50.0,409,8420.0,0,0,214,0,214
89234,2.0,5.0,4.0,9.0,1.0,3.0,0.5,0.2,50.0,410,7880.0,0,0,234,0,234
89234,2.0,5.0,4.0,9.0,1.0,3.0,0.5,0.2,50.0,411,8150.0,0,0,247,0,247
89234,2.0,5.0,4.0,9.0,1.0,3.0,0.5,0.2,50.0,412,8740.0,0,0,263,0,263
89234,2.0,5.0,4.0,9.0,1.0,3.0,0.5,0.2,50.0,413,8940.0,0,0,277,0,277
89234,2.0,5.0,4.0,9.0,1.0,3.0,0.5,0.2,50.0,414,9020.0,0,0,272,0,272
89234,2.0,5.0,4.0,9.0,1.0,3.0,0.5,0.2,50.0,415,9040.0,0,0,271,0,271
89234,2.0,5.0,4.0,9.0,1.0,3.0,0.5,0.2,50.0,416,9060.0,0,0,273,0,273
89234,2.0,5.0,4.0,9.0,1.0,3.0,0.5,0.2,50.0,417,8920.0,0,0,274,0,274
89234,2.0,5.0,4.0,9.0,1.0,3.0,0.5,0.2,50.0,418,9200.0,0,0,272,0,272
89234,2.0,5.0,4.0,9.0,1.0,3.0,0.5,0.2,50.0,419,9260.0,0,0,271,0,271
89234,2.0,5.0,4.0,9.0,1.0,3.0,0.5,0.2,50.0,420,9360.0,0,0,256,0,256
89234,2.0,5.0,4.0,9.0,1.0,3.0,0.5,0.2,50.0,421,9400.0,0,0,232,0,232
89234,2.0,5.0,4.0,9.0,1.0,3.0,0.5,0.2,50.0,422,9360.0,0,0,219,0,219
89234,2.0,5.0,4.0,9.0,1.0,3.0,0.5,0.2,50.0,423,9400.0,0,0,193,0,193
89234,2.0,5.0,4.0,9.0,1.0,3.0,0.5,0.2,50.0,424,9100.0,0,0,187,0,187
89234,2.0,5.0,4.0,9.0,1.0,3.0,0.5,0.2,50.0,425,8940.0,0,0,182,0,182
89234,2.0,5.0,4.0,9.0,1.0,3.0,0.5,0.2,50.0,426,8600.0,0,0,179,0,179
89234,2.0,5.0,4.0,9.0,1.0,3.0,0.5,0.2,50.0,427,8220.0,0,0,185,0,185
89234,2.0,5.0,4.0,9.0,1.0,3.0,0.5,0.2,50.0,428,7700.0,0,0,208,0,208
89234,2.0,5.0,4.0,9.0,1.0,3.0,0.5,0.2,50.0,429,7345.0,0,0,244,0,244
89234,2.0,5.0,4.0,9.0,1.0,3.0,0.5,0.2,50.0,430,7601.25,0,0,282,0,282
89234,2.0,5.0,4.0,9.0,1.0,3.0,0.5,0.2,50.0,431,8221.5625,0,0,307,0,307
89234,2.0,5.0,4.0,9.0,1.0,3.0,0.5,0.2,50.0,432,8440.0,0,0,314,0,314
89234,2.0,5.0,4.0,9.0,1.0,3.0,0.5,0.2,50.0,433,8540.0,0,0,326,0,326
89234,2.0,5.0,4.0,9.0,1.0,3.0,0.5,0.2,50.0,434,8720.0,0,0,339,0,339
89234,2.0,5.0,4.0,9.0,1.0,3.0,0.5,0.2,50.0,435,8920.0,0,0,342,0,342
89234,2.0,5.0,4.0,9.0,1.0,3.0,0.5,0.2,50.0,436,8840.0,0,0,345,0,345
89234,2.0,5.0,4.0,9.0,1.0,3.0,0.5,0.2,50.0,437,8980.0,0,0,325,0,325
89234,2.0,5.0,4.0,9.0,1.0,3.0,0.5,0.2,50.0,438,9060.0,0,0,307,0,307
89234,2.0,5.0,4.0,9.0,1.0,3.0,0.5,0.2,50.0,439,9400.0,0,0,286,0,286
89234,2.0,5.0,4.0,9.0,1.0,3.0,0.5,0.2,50.0,440,9300.0,0,0,271,0,271
89234,2.0,5.0,4.0,9.0,1.0,3.0,0.5,0.2,50.0,441,9360.0,0,0,238,0,238
89234,2.0,5.0,4.0,9.0,1.0,3.0,0.5,0.2,50.0,442,9140.0,0,0,226,0,226
89234,2.0,5.0,4.0,9.0,1.0,3.0,0.5,0.2,50.0,443,9120.0,0,0,209,0,209
89234,2.0,5.0,4.0,9.0,1.0,3.0,0.5,0.2,50.0,444,8820.0,0,0,207,0,207
89234,2.0,5.0,4.0,9.0,1.0,3.0,0.5,0.2,50.0,445,8500.0,0,0,212,0,212
89234,2.0,5.0,4.0,9.0,1.0,3.0,0.5,0.2,50.0,446,8160.0,0,0,225,0,225
89234,2.0,5.0,4.0,9.0,1.0,3.0,0.5,0.2,50.0,447,7900.0,0,0,241,0,241
89234,2.0,5.0,4.0,9.0,1.0,3.0,0.5,0.2,50.0,448,8475.0,0,0,260,0,260
89234,2.0,5.0,4.0,9.0,1.0,3.0,0.5,0.2,50.0,449,8840.0,0,0,271,0,271
89234,2.0,5.0,4.0,9.0,1.0,3.0,0.5,0.2,50.0,450,9040.0,0,0,269,0,269
89234,2.0,5.0,4.0,9.0,1.0,3.0,0.5,0.2,50.0,451,9280.0,0,0,266,0,266
89234,2.0,5.0,4.0,9.0,1.0,3.0,0.5,0.2,50.0,452,9320.0,0,0,266,0,266
89234,2.0,5.0,4.0,9.0,1.0,3.0,0.5,0.2,50.0,453,9300.0,0,0,264,0,264
89234,2.0,5.0,4.0,9.0,1.0,3.0,0.5,0.2,50.0,454,9520.0,0,0,246,0,246
89234,2.0,5.0,4.0,9.0,1.0,3.0,0.5,0.2,50.0,455,9180.0,0,0,237,0,237
89234,2.0,5.0,4.0,9.0,1.0,3.0,0.5,0.2,50.0,456,9040.0,0,0,228,0,228
89234,2.0,5.0,4.0,9.0,1.0,3.0,0.5,0.2,50.0,457,9000.0,0,0,216,0,216
89234,2.0,5.0,4.0,9.0,1.0,3.0,0.5,0.2,50.0,458,8480.0,0,0,220,0,220
89234,2.0,5.0,4.0,9.0,1.0,3.0,0.5,0.2,50.0,459,8240.0,0,0,220,0,220
89234,2.0,5.0,4.0,9.0,1.0,3.0,0.5,0.2,50.0,460,7740.0,0,0,235,0,235
89234,2.0,5.0,4.0,9.0,1.0,3.0,0.5,0.2,50.0,461,8235.0,0,0,250,0,250
89234,2.0,5.0,4.0,9.0,1.0,3.0,0.5,0.2,50.0,462,8920.0,0,0,267,0,267
89234,2.0,5.0,4.0,9.0,1.0,3.0,0.5,0.2,50.0,463,8900.0,0,0,281,0,281
89234,2.0,5.0,4.0,9.0,1.0,3.0,0.5,0.2,50.0,464,8920.0,0,0,282,0,282
89234,2.0,5.0,4.0,9.0,1.0,3.0,0.5,0.2,50.0,465,9040.0,0,0,283,0,283
89234,2.0,5.0,4.0,9.0,1.0,3.0,0.5,0.2,50.0,466,9160.0,0,0,277,0,277
89234,2.0,5.0,4.0,9.0,1.0,3.0,0.5,0.2,50.0,467,9220.0,0,0,270,0,270
89234,2.0,5.0,4.0,9.0,1.0,3.0,0.5,0.2,50.0,468,9200.0,0,0,269,0,269
89234,2.0,5.0,4.0,9.0,1.0,3.0,0.5,0.2,50.0,469,9320.0,0,0,257,0,257
89234,2.0,5.0,4.0,9.0,1.0,3.0,0.5,0.2,50.0,470,9200.0,0,0,234,0,234
89234,2.0,5.0,4.0,9.0,1.0,3.0,0.5,0.2,50.0,471,9120.0,0,0,223,0,223
89234,2.0,5.0,4.0,9.0,1.0,3.0,0.5,0.2,50.0,472,9040.0,0,0,206,0,206
89234,2.0,5.0,4.0,9.0,1.0,3.0,0.5,0.2,50.0,473,8740.0,0,0,202,0,202
89234,2.0,5.0,4.0,9.0,1.0,3.0,0.5,0.2,50.0,474,8460.0,0,0,206,0,206
89234,2.0,5.0,4.0,9.0,1.0,3.0,0.5,0.2,50.0,475,7840.0,0,0,230,0,230
89234,2.0,5.0,4.0,9.0,1.0,3.0,0.5,0.2,50.0,476,8000.0,0,0,250,0,250
89234,2.0,5.0,4.0,9.0,1.0,3.0,0.5,0.2,50.0,477,8480.0,0,0,266,0,266
89234,2.0,5.0,4.0,9.0,1.0,3.0,0.5,0.2,50.0,478,8700.0,0,0,277,0,277
89234,2.0,5.0,4.0,9.0,1.0,3.0,0.5,0.2,50.0,479,8920.0,0,0,284,0,284
89234,2.0,5.0,4.0,9.0,1.0,3.0,0.5,0.2,50.0,480,9120.0,0,0,284,0,284
89234,2.0,5.0,4.0,9.0,1.0,3.0,0.5,0.2,50.0,481,9080.0,0,0,282,0,282
89234,2.0,5.0,4.0,9.0,1.0,3.0,0.5,0.2,50.0,482,9100.0,0,0,285,0,285
89234,2.0,5.0,4.0,9.0,1.0,3.0,0.5,0.2,50.0,483,9100.0,0,0,290,0,290
89234,2.0,5.0,4.0,9.0,1.0,3.0,0.5,0.2,50.0,484,9260.0,0,0,271,0,271
89234,2.0,5.0,4.0,9.0,1.0,3.0,0.5,0.2,50.0,485,9140.0,0,0,261,0,261
89234,2.0,5.0,4.0,9.0,1.0,3.0,0.5,0.2,50.0,486,9200.0,0,0,245,0,245
89234,2.0,5.0,4.0,9.0,1.0,3.0,0.5,0.2,50.0,487,9220.0,0,0,223,0,223
89234,2.0,5.0,4.0,9.0,1.0,3.0,0.5,0.2,50.0,488,8840.0,0,0,209,0,209
89234,2.0,5.0,4.0,9.0,1.0,3.0,0.5,0.2,50.0,489,8680.0,0,0,211,0,211
89234,2.0,5.0,4.0,9.0,1.0,3.0,0.5,0.2,50.0,490,8520.0,0,0,214,0,214
89234,2.0,5.0,4.0,9.0,1.0,3.0,0.5,0.2,50.0,491,8120.0,0,0,228,0,228
89234,2.0,5.0,4.0,9.0,1.0,3.0,0.5,0.2,50.0,492,8240.0,0,0,255,0,255
89234,2.0,5.0,4.0,9.0,1.0,3.0,0.5,0.2,50.0,493,8920.0,0,0,276,0,276
89234,2.0,5.0,4.0,9.0,1.0,3.0,0.5,0.2,50.0,494,9040.0,0,0,273,0,273
89234,2.0,5.0,4.0,9.0,1.0,3.0,0.5,0.2,50.0,495,9180.0,0,0,262,0,262
89234,2.0,5.0,4.0,9.0,1.0,3.0,0.5,0.2,50.0,496,9220.0,0,0,250,0,250
89234,2.0,5.0,4.0,9.0,1.0,3.0,0.5,0.2,50.0,497,9140.0,0,0,252,0,252
89234,2.0,5.0,4.0,9.0,1.0,3.0,0.5,0.2,50.0,498,9080.0,0,0,244,0,244
89234,2.0,5.0,4.0,9.0,1.0,3.0,0.5,0.2,50.0,499,9020.0,0,0,243,0,243