Exp Num,agent:svo_convergence_factor,agent:params:metabolism,agent:params:consumption_factor,agent:params:procreate_cost_factor,agent:params:procreate_req_factor,agent:params:start_energy_factor,agent:params:caught_chance,agent:params:caught_cooldown_factor,agent:params:maximum_age,Epoch,Resource,A,B,C,D,E
83829,2.0,5.0,3.0,9.0,2.0,2.0,0.4,0.1,50.0,0,3500.0,18,33,8,20,80
83829,2.0,5.0,3.0,9.0,2.0,2.0,0.4,0.1,50.0,1,2950.0,18,33,8,20,80
83829,2.0,5.0,3.0,9.0,2.0,2.0,0.4,0.1,50.0,2,2712.5,18,33,8,20,80
83829,2.0,5.0,3.0,9.0,2.0,2.0,0.4,0.1,50.0,3,2760.625,18,33,8,20,80
83829,2.0,5.0,3.0,9.0,2.0,2.0,0.4,0.1,50.0,4,2895.78125,18,33,8,19,80
83829,2.0,5.0,3.0,9.0,2.0,2.0,0.4,0.1,50.0,5,3139.7265625,18,33,8,19,80
83829,2.0,5.0,3.0,9.0,2.0,2.0,0.4,0.1,50.0,6,3504.658203125,18,33,8,19,80
83829,2.0,5.0,3.0,9.0,2.0,2.0,0.4,0.1,50.0,7,3765.82275390625,13,30,9,19,73
83829,2.0,5.0,3.0,9.0,2.0,2.0,0.4,0.1,50.0,8,3852.2784423828125,13,27,11,20,73
83829,2.0,5.0,3.0,9.0,2.0,2.0,0.4,0.1,50.0,9,3780.3480529785156,14,28,12,21,76
83829,2.0,5.0,3.0,9.0,2.0,2.0,0.4,0.1,50.0,10,3600.4350662231445,14,28,12,22,76
83829,2.0,5.0,3.0,9.0,2.0,2.0,0.4,0.1,50.0,11,3255.5438327789307,14,28,12,23,77
83829,2.0,5.0,3.0,9.0,2.0,2.0,0.4,0.1,50.0,12,2914.4297909736633,14,32,16,30,85
83829,2.0,5.0,3.0,9.0,2.0,2.0,0.4,0.1,50.0,13,2953.037238717079,13,34,17,33,88
83829,2.0,5.0,3.0,9.0,2.0,2.0,0.4,0.1,50.0,14,3346.296548396349,13,35,17,35,89
83829,2.0,5.0,3.0,9.0,2.0,2.0,0.4,0.1,50.0,15,3852.870685495436,13,36,18,35,91
83829,2.0,5.0,3.0,9.0,2.0,2.0,0.4,0.1,50.0,16,4441.088356869295,11,32,19,37,86
83829,2.0,5.0,3.0,9.0,2.0,2.0,0.4,0.1,50.0,17,5176.360446086619,11,31,21,38,87
83829,2.0,5.0,3.0,9.0,2.0,2.0,0.4,0.1,50.0,18,5585.450557608274,11,32,24,38,91
83829,2.0,5.0,3.0,9.0,2.0,2.0,0.4,0.1,50.0,19,5766.813197010342,11,34,24,40,94
83829,2.0,5.0,3.0,9.0,2.0,2.0,0.4,0.1,50.0,20,5663.516496262928,11,34,25,43,95
83829,2.0,5.0,3.0,9.0,2.0,2.0,0.4,0.1,50.0,21,5324.39562032866,11,36,28,48,100
83829,2.0,5.0,3.0,9.0,2.0,2.0,0.4,0.1,50.0,22,4660.494525410824,11,39,31,58,107
83829,2.0,5.0,3.0,9.0,2.0,2.0,0.4,0.1,50.0,23,4595.61815676353,11,41,34,62,112
83829,2.0,5.0,3.0,9.0,2.0,2.0,0.4,0.1,50.0,24,4829.5226959544125,11,43,35,66,115
83829,2.0,5.0,3.0,9.0,2.0,2.0,0.4,0.1,50.0,25,5241.903369943016,11,46,35,67,119
83829,2.0,5.0,3.0,9.0,2.0,2.0,0.4,0.1,50.0,26,5772.379212428769,11,48,38,68,125
83829,2.0,5.0,3.0,9.0,2.0,2.0,0.4,0.1,50.0,27,6345.474015535961,11,50,39,69,128
83829,2.0,5.0,3.0,9.0,2.0,2.0,0.4,0.1,50.0,28,6956.842519419952,11,52,42,71,132
83829,2.0,5.0,3.0,9.0,2.0,2.0,0.4,0.1,50.0,29,7571.05314927494,11,51,45,74,135
83829,2.0,5.0,3.0,9.0,2.0,2.0,0.4,0.1,50.0,30,8158.8164365936755,12,51,52,74,144
83829,2.0,5.0,3.0,9.0,2.0,2.0,0.4,0.1,50.0,31,8395.0,12,54,57,72,153
83829,2.0,5.0,3.0,9.0,2.0,2.0,0.4,0.1,50.0,32,8170.0,12,56,64,74,162
83829,2.0,5.0,3.0,9.0,2.0,2.0,0.4,0.1,50.0,33,8005.0,12,56,72,77,171
83829,2.0,5.0,3.0,9.0,2.0,2.0,0.4,0.1,50.0,34,7810.0,11,57,83,76,183
83829,2.0,5.0,3.0,9.0,2.0,2.0,0.4,0.1,50.0,35,7512.5,9,60,94,79,195
83829,2.0,5.0,3.0,9.0,2.0,2.0,0.4,0.1,50.0,36,7800.625,9,62,103,82,206
83829,2.0,5.0,3.0,9.0,2.0,2.0,0.4,0.1,50.0,37,8175.78125,9,64,106,85,212
83829,2.0,5.0,3.0,9.0,2.0,2.0,0.4,0.1,50.0,38,8605.0,9,63,113,81,218
83829,2.0,5.0,3.0,9.0,2.0,2.0,0.4,0.1,50.0,39,8710.0,8,64,118,83,224
83829,2.0,5.0,3.0,9.0,2.0,2.0,0.4,0.1,50.0,40,8785.0,7,64,120,82,225
83829,2.0,5.0,3.0,9.0,2.0,2.0,0.4,0.1,50.0,41,8845.0,7,63,121,82,224
83829,2.0,5.0,3.0,9.0,2.0,2.0,0.4,0.1,50.0,42,8965.0,7,62,124,83,226
83829,2.0,5.0,3.0,9.0,2.0,2.0,0.4,0.1,50.0,43,9025.0,7,63,126,82,228
83829,2.0,5.0,3.0,9.0,2.0,2.0,0.4,0.1,50.0,44,8905.0,7,63,128,82,227
83829,2.0,5.0,3.0,9.0,2.0,2.0,0.4,0.1,50.0,45,9115.0,7,63,130,81,229
83829,2.0,5.0,3.0,9.0,2.0,2.0,0.4,0.1,50.0,46,8890.0,7,57,132,81,225
83829,2.0,5.0,3.0,9.0,2.0,2.0,0.4,0.1,50.0,47,8890.0,7,55,132,79,223
83829,2.0,5.0,3.0,9.0,2.0,2.0,0.4,0.1,50.0,48,8845.0,7,54,131,76,221
83829,2.0,5.0,3.0,9.0,2.0,2.0,0.4,0.1,50.0,49,8650.0,7,53,135,76,223
83829,2.0,5.0,3.0,9.0,2.0,2.0,0.4,0.1,50.0,50,8890.0,4,47,134,69,207
83829,2.0,5.0,3.0,9.0,2.0,2.0,0.4,0.1,50.0,51,8905.0,2,40,133,65,189
83829,2.0,5.0,3.0,9.0,2.0,2.0,0.4,0.1,50.0,52,8785.0,1,39,131,62,183
83829,2.0,5.0,3.0,9.0,2.0,2.0,0.4,0.1,50.0,53,8695.0,1,40,135,61,188
83829,2.0,5.0,3.0,9.0,2.0,2.0,0.4,0.1,50.0,54,8770.0,1,40,136,60,189
83829,2.0,5.0,3.0,9.0,2.0,2.0,0.4,0.1,50.0,55,8530.0,1,40,137,61,190
83829,2.0,5.0,3.0,9.0,2.0,2.0,0.4,0.1,50.0,56,8410.0,1,40,142,60,195
83829,2.0,5.0,3.0,9.0,2.0,2.0,0.4,0.1,50.0,57,8395.0,1,35,149,59,197
83829,2.0,5.0,3.0,9.0,2.0,2.0,0.4,0.1,50.0,58,8200.0,0,36,158,59,206
83829,2.0,5.0,3.0,9.0,2.0,2.0,0.4,0.1,50.0,59,7990.0,0,37,165,55,213
83829,2.0,5.0,3.0,9.0,2.0,2.0,0.4,0.1,50.0,60,7767.5,0,37,178,49,226
83829,2.0,5.0,3.0,9.0,2.0,2.0,0.4,0.1,50.0,61,7549.375,0,39,188,48,238
83829,2.0,5.0,3.0,9.0,2.0,2.0,0.4,0.1,50.0,62,7876.71875,1,37,189,46,238
83829,2.0,5.0,3.0,9.0,2.0,2.0,0.4,0.1,50.0,63,8165.8984375,1,40,197,46,248
83829,2.0,5.0,3.0,9.0,2.0,2.0,0.4,0.1,50.0,64,8425.0,1,39,202,45,251
83829,2.0,5.0,3.0,9.0,2.0,2.0,0.4,0.1,50.0,65,8425.0,1,38,208,45,256
83829,2.0,5.0,3.0,9.0,2.0,2.0,0.4,0.1,50.0,66,8560.0,1,39,208,43,257
83829,2.0,5.0,3.0,9.0,2.0,2.0,0.4,0.1,50.0,67,8590.0,1,41,211,41,261
83829,2.0,5.0,3.0,9.0,2.0,2.0,0.4,0.1,50.0,68,8740.0,1,39,215,40,262
83829,2.0,5.0,3.0,9.0,2.0,2.0,0.4,0.1,50.0,69,8740.0,1,38,221,36,267
83829,2.0,5.0,3.0,9.0,2.0,2.0,0.4,0.1,50.0,70,8740.0,1,37,225,35,270
83829,2.0,5.0,3.0,9.0,2.0,2.0,0.4,0.1,50.0,71,8695.0,1,36,226,33,270
83829,2.0,5.0,3.0,9.0,2.0,2.0,0.4,0.1,50.0,72,8800.0,1,36,229,31,272
83829,2.0,5.0,3.0,9.0,2.0,2.0,0.4,0.1,50.0,73,8785.0,1,35,232,31,273
83829,2.0,5.0,3.0,9.0,2.0,2.0,0.4,0.1,50.0,74,8635.0,1,32,235,31,273
83829,2.0,5.0,3.0,9.0,2.0,2.0,0.4,0.1,50.0,75,8650.0,1,31,234,31,271
83829,2.0,5.0,3.0,9.0,2.0,2.0,0.4,0.1,50.0,76,8710.0,1,31,238,29,274
83829,2.0,5.0,3.0,9.0,2.0,2.0,0.4,0.1,50.0,77,8530.0,1,30,240,26,275
83829,2.0,5.0,3.0,9.0,2.0,2.0,0.4,0.1,50.0,78,8815.0,1,29,241,25,275
83829,2.0,5.0,3.0,9.0,2.0,2.0,0.4,0.1,50.0,79,8740.0,1,27,238,22,270
83829,2.0,5.0,3.0,9.0,2.0,2.0,0.4,0.1,50.0,80,8590.0,1,26,236,22,267
83829,2.0,5.0,3.0,9.0,2.0,2.0,0.4,0.1,50.0,81,8515.0,1,26,238,21,269
83829,2.0,5.0,3.0,9.0,2.0,2.0,0.4,0.1,50.0,82,8485.0,1,28,242,18,275
83829,2.0,5.0,3.0,9.0,2.0,2.0,0.4,0.1,50.0,83,8350.0,1,28,244,16,276
83829,2.0,5.0,3.0,9.0,2.0,2.0,0.4,0.1,50.0,84,8320.0,1,27,241,16,272
83829,2.0,5.0,3.0,9.0,2.0,2.0,0.4,0.1,50.0,85,8215.0,1,27,244,13,275
83829,2.0,5.0,3.0,9.0,2.0,2.0,0.4,0.1,50.0,86,8155.0,0,25,253,11,280
83829,2.0,5.0,3.0,9.0,2.0,2.0,0.4,0.1,50.0,87,8200.0,0,26,261,9,289
83829,2.0,5.0,3.0,9.0,2.0,2.0,0.4,0.1,50.0,88,8350.0,0,25,266,9,292
83829,2.0,5.0,3.0,9.0,2.0,2.0,0.4,0.1,50.0,89,8515.0,0,24,266,6,291
83829,2.0,5.0,3.0,9.0,2.0,2.0,0.4,0.1,50.0,90,8470.0,0,25,270,5,295
83829,2.0,5.0,3.0,9.0,2.0,2.0,0.4,0.1,50.0,91,8605.0,0,22,274,5,296
83829,2.0,5.0,3.0,9.0,2.0,2.0,0.4,0.1,50.0,92,8620.0,0,21,275,4,296
83829,2.0,5.0,3.0,9.0,2.0,2.0,0.4,0.1,50.0,93,8605.0,0,21,275,3,296
83829,2.0,5.0,3.0,9.0,2.0,2.0,0.4,0.1,50.0,94,8770.0,0,20,279,2,299
83829,2.0,5.0,3.0,9.0,2.0,2.0,0.4,0.1,50.0,95,8740.0,0,19,280,2,299
83829,2.0,5.0,3.0,9.0,2.0,2.0,0.4,0.1,50.0,96,8710.0,0,19,278,2,297
83829,2.0,5.0,3.0,9.0,2.0,2.0,0.4,0.1,50.0,97,8680.0,0,20,277,2,297
83829,2.0,5.0,3.0,9.0,2.0,2.0,0.4,0.1,50.0,98,8695.0,0,20,280,2,300
83829,2.0,5.0,3.0,9.0,2.0,2.0,0.4,0.1,50.0,99,8665.0,0,20,278,1,298
83829,2.0,5.0,3.0,9.0,2.0,2.0,0.4,0.1,50.0,100,8635.0,0,19,274,1,293
83829,2.0,5.0,3.0,9.0,2.0,2.0,0.4,0.1,50.0,101,8485.0,0,20,275,1,295
83829,2.0,5.0,3.0,9.0,2.0,2.0,0.4,0.1,50.0,102,8440.0,0,19,273,1,292
83829,2.0,5.0,3.0,9.0,2.0,2.0,0.4,0.1,50.0,103,8365.0,0,19,274,1,293
83829,2.0,5.0,3.0,9.0,2.0,2.0,0.4,0.1,50.0,104,8335.0,0,19,276,1,295
83829,2.0,5.0,3.0,9.0,2.0,2.0,0.4,0.1,50.0,105,8410.0,0,18,275,0,293
83829,2.0,5.0,3.0,9.0,2.0,2.0,0.4,0.1,50.0,106,8320.0,0,16,275,0,291
83829,2.0,5.0,3.0,9.0,2.0,2.0,0.4,0.1,50.0,107,8305.0,0,16,276,0,292
83829,2.0,5.0,3.0,9.0,2.0,2.0,0.4,0.1,50.0,108,8335.0,0,16,281,0,297
83829,2.0,5.0,3.0,9.0,2.0,2.0,0.4,0.1,50.0,109,8515.0,0,16,281,0,297
83829,2.0,5.0,3.0,9.0,2.0,2.0,0.4,0.1,50.0,110,8605.0,0,15,282,0,297
83829,2.0,5.0,3.0,9.0,2.0,2.0,0.4,0.1,50.0,111,8800.0,0,15,283,0,298
83829,2.0,5.0,3.0,9.0,2.0,2.0,0.4,0.1,50.0,112,8605.0,0,15,282,0,297
83829,2.0,5.0,3.0,9.0,2.0,2.0,0.4,0.1,50.0,113,8650.0,0,14,285,0,299
83829,2.0,5.0,3.0,9.0,2.0,2.0,0.4,0.1,50.0,114,8635.0,0,13,282,0,295
83829,2.0,5.0,3.0,9.0,2.0,2.0,0.4,0.1,50.0,115,8425.0,0,11,291,0,302
83829,2.0,5.0,3.0,9.0,2.0,2.0,0.4,0.1,50.0,116,8575.0,0,11,289,0,300
83829,2.0,5.0,3.0,9.0,2.0,2.0,0.4,0.1,50.0,117,8590.0,0,11,287,0,298
83829,2.0,5.0,3.0,9.0,2.0,2.0,0.4,0.1,50.0,118,8650.0,0,11,292,0,303
83829,2.0,5.0,3.0,9.0,2.0,2.0,0.4,0.1,50.0,119,8560.0,0,10,289,0,299
83829,2.0,5.0,3.0,9.0,2.0,2.0,0.4,0.1,50.0,120,8605.0,0,10,290,0,300
83829,2.0,5.0,3.0,9.0,2.0,2.0,0.4,0.1,50.0,121,8650.0,0,10,286,0,296
83829,2.0,5.0,3.0,9.0,2.0,2.0,0.4,0.1,50.0,122,8620.0,0,10,286,0,296
83829,2.0,5.0,3.0,9.0,2.0,2.0,0.4,0.1,50.0,123,8425.0,0,9,284,0,293
83829,2.0,5.0,3.0,9.0,2.0,2.0,0.4,0.1,50.0,124,8455.0,0,8,285,0,293
83829,2.0,5.0,3.0,9.0,2.0,2.0,0.4,0.1,50.0,125,8500.0,0,7,288,0,295
83829,2.0,5.0,3.0,9.0,2.0,2.0,0.4,0.1,50.0,126,8425.0,0,6,286,0,292
83829,2.0,5.0,3.0,9.0,2.0,2.0,0.4,0.1,50.0,127,8500.0,0,6,288,0,294
83829,2.0,5.0,3.0,9.0,2.0,2.0,0.4,0.1,50.0,128,8410.0,0,5,289,0,294
83829,2.0,5.0,3.0,9.0,2.0,2.0,0.4,0.1,50.0,129,8305.0,0,5,294,0,299
83829,2.0,5.0,3.0,9.0,2.0,2.0,0.4,0.1,50.0,130,8500.0,0,4,295,0,299
83829,2.0,5.0,3.0,9.0,2.0,2.0,0.4,0.1,50.0,131,8605.0,0,4,295,0,299
83829,2.0,5.0,3.0,9.0,2.0,2.0,0.4,0.1,50.0,132,8560.0,0,3,299,0,302
83829,2.0,5.0,3.0,9.0,2.0,2.0,0.4,0.1,50.0,133,8710.0,0,1,303,0,304
83829,2.0,5.0,3.0,9.0,2.0,2.0,0.4,0.1,50.0,134,8740.0,0,1,300,0,301
83829,2.0,5.0,3.0,9.0,2.0,2.0,0.4,0.1,50.0,135,8680.0,0,1,292,0,293
83829,2.0,5.0,3.0,9.0,2.0,2.0,0.4,0.1,50.0,136,8515.0,0,1,294,0,295
83829,2.0,5.0,3.0,9.0,2.0,2.0,0.4,0.1,50.0,137,8485.0,0,1,295,0,296
83829,2.0,5.0,3.0,9.0,2.0,2.0,0.4,0.1,50.0,138,8380.0,0,1,298,0,299
83829,2.0,5.0,3.0,9.0,2.0,2.0,0.4,0.1,50.0,139,8500.0,0,1,298,0,299
83829,2.0,5.0,3.0,9.0,2.0,2.0,0.4,0.1,50.0,140,8500.0,0,1,300,0,301
83829,2.0,5.0,3.0,9.0,2.0,2.0,0.4,0.1,50.0,141,8680.0,0,1,304,0,305
83829,2.0,5.0,3.0,9.0,2.0,2.0,0.4,0.1,50.0,142,8755.0,0,1,305,0,306
83829,2.0,5.0,3.0,9.0,2.0,2.0,0.4,0.1,50.0,143,8680.0,0,1,303,0,304
83829,2.0,5.0,3.0,9.0,2.0,2.0,0.4,0.1,50.0,144,8755.0,0,1,298,0,299
83829,2.0,5.0,3.0,9.0,2.0,2.0,0.4,0.1,50.0,145,8710.0,0,1,298,0,299
83829,2.0,5.0,3.0,9.0,2.0,2.0,0.4,0.1,50.0,146,8665.0,0,0,296,0,296
83829,2.0,5.0,3.0,9.0,2.0,2.0,0.4,0.1,50.0,147,8560.0,0,0,299,0,299
83829,2.0,5.0,3.0,9.0,2.0,2.0,0.4,0.1,50.0,148,8650.0,0,0,297,0,297
83829,2.0,5.0,3.0,9.0,2.0,2.0,0.4,0.1,50.0,149,8530.0,0,0,289,0,289
83829,2.0,5.0,3.0,9.0,2.0,2.0,0.4,0.1,50.0,150,8485.0,0,0,294,0,294
83829,2.0,5.0,3.0,9.0,2.0,2.0,0.4,0.1,50.0,151,8425.0,0,0,296,0,296
83829,2.0,5.0,3.0,9.0,2.0,2.0,0.4,0.1,50.0,152,8455.0,0,0,293,0,293
83829,2.0,5.0,3.0,9.0,2.0,2.0,0.4,0.1,50.0,153,8395.0,0,0,292,0,292
83829,2.0,5.0,3.0,9.0,2.0,2.0,0.4,0.1,50.0,154,8290.0,0,0,290,0,290
83829,2.0,5.0,3.0,9.0,2.0,2.0,0.4,0.1,50.0,155,8305.0,0,0,294,0,294
83829,2.0,5.0,3.0,9.0,2.0,2.0,0.4,0.1,50.0,156,8335.0,0,0,296,0,296
83829,2.0,5.0,3.0,9.0,2.0,2.0,0.4,0.1,50.0,157,8440.0,0,0,292,0,292
83829,2.0,5.0,3.0,9.0,2.0,2.0,0.4,0.1,50.0,158,8410.0,0,0,292,0,292
83829,2.0,5.0,3.0,9.0,2.0,2.0,0.4,0.1,50.0,159,8440.0,0,0,301,0,301
83829,2.0,5.0,3.0,9.0,2.0,2.0,0.4,0.1,50.0,160,8650.0,0,0,302,0,302
83829,2.0,5.0,3.0,9.0,2.0,2.0,0.4,0.1,50.0,161,8530.0,0,0,304,0,304
83829,2.0,5.0,3.0,9.0,2.0,2.0,0.4,0.1,50.0,162,8710.0,0,0,300,0,300
83829,2.0,5.0,3.0,9.0,2.0,2.0,0.4,0.1,50.0,163,8650.0,0,0,302,0,302
83829,2.0,5.0,3.0,9.0,2.0,2.0,0.4,0.1,50.0,164,8650.0,0,0,298,0,298
83829,2.0,5.0,3.0,9.0,2.0,2.0,0.4,0.1,50.0,165,8545.0,0,0,298,0,298
83829,2.0,5.0,3.0,9.0,2.0,2.0,0.4,0.1,50.0,166,8440.0,0,0,301,0,301
83829,2.0,5.0,3.0,9.0,2.0,2.0,0.4,0.1,50.0,167,8620.0,0,0,292,0,292
83829,2.0,5.0,3.0,9.0,2.0,2.0,0.4,0.1,50.0,168,8575.0,0,0,300,0,300
83829,2.0,5.0,3.0,9.0,2.0,2.0,0.4,0.1,50.0,169,8500.0,0,0,295,0,295
83829,2.0,5.0,3.0,9.0,2.0,2.0,0.4,0.1,50.0,170,8425.0,0,0,291,0,291
83829,2.0,5.0,3.0,9.0,2.0,2.0,0.4,0.1,50.0,171,8440.0,0,0,291,0,291
83829,2.0,5.0,3.0,9.0,2.0,2.0,0.4,0.1,50.0,172,8335.0,0,0,291,0,291
83829,2.0,5.0,3.0,9.0,2.0,2.0,0.4,0.1,50.0,173,8185.0,0,0,296,0,296
83829,2.0,5.0,3.0,9.0,2.0,2.0,0.4,0.1,50.0,174,8440.0,0,0,298,0,298
83829,2.0,5.0,3.0,9.0,2.0,2.0,0.4,0.1,50.0,175,8440.0,0,0,298,0,298
83829,2.0,5.0,3.0,9.0,2.0,2.0,0.4,0.1,50.0,176,8605.0,0,0,299,0,299
83829,2.0,5.0,3.0,9.0,2.0,2.0,0.4,0.1,50.0,177,8455.0,0,0,300,0,300
83829,2.0,5.0,3.0,9.0,2.0,2.0,0.4,0.1,50.0,178,8485.0,0,0,299,0,299
83829,2.0,5.0,3.0,9.0,2.0,2.0,0.4,0.1,50.0,179,8620.0,0,0,303,0,303
83829,2.0,5.0,3.0,9.0,2.0,2.0,0.4,0.1,50.0,180,8785.0,0,0,303,0,303
83829,2.0,5.0,3.0,9.0,2.0,2.0,0.4,0.1,50.0,181,8740.0,0,0,304,0,304
83829,2.0,5.0,3.0,9.0,2.0,2.0,0.4,0.1,50.0,182,8710.0,0,0,304,0,304
83829,2.0,5.0,3.0,9.0,2.0,2.0,0.4,0.1,50.0,183,8800.0,0,0,297,0,297
83829,2.0,5.0,3.0,9.0,2.0,2.0,0.4,0.1,50.0,184,8590.0,0,0,296,0,296
83829,2.0,5.0,3.0,9.0,2.0,2.0,0.4,0.1,50.0,185,8560.0,0,0,295,0,295
83829,2.0,5.0,3.0,9.0,2.0,2.0,0.4,0.1,50.0,186,8530.0,0,0,299,0,299
83829,2.0,5.0,3.0,9.0,2.0,2.0,0.4,0.1,50.0,187,8680.0,0,0,302,0,302
83829,2.0,5.0,3.0,9.0,2.0,2.0,0.4,0.1,50.0,188,8650.0,0,0,306,0,306
83829,2.0,5.0,3.0,9.0,2.0,2.0,0.4,0.1,50.0,189,8710.0,0,0,308,0,308
83829,2.0,5.0,3.0,9.0,2.0,2.0,0.4,0.1,50.0,190,8845.0,0,0,301,0,301
83829,2.0,5.0,3.0,9.0,2.0,2.0,0.4,0.1,50.0,191,8710.0,0,0,300,0,300
83829,2.0,5.0,3.0,9.0,2.0,2.0,0.4,0.1,50.0,192,8650.0,0,0,297,0,297
83829,2.0,5.0,3.0,9.0,2.0,2.0,0.4,0.1,50.0,193,8710.0,0,0,293,0,293
83829,2.0,5.0,3.0,9.0,2.0,2.0,0.4,0.1,50.0,194,8575.0,0,0,289,0,289
83829,2.0,5.0,3.0,9.0,2.0,2.0,0.4,0.1,50.0,195,8425.0,0,0,290,0,290
83829,2.0,5.0,3.0,9.0,2.0,2.0,0.4,0.1,50.0,196,8245.0,0,0,288,0,288
83829,2.0,5.0,3.0,9.0,2.0,2.0,0.4,0.1,50.0,197,8290.0,0,0,296,0,296
83829,2.0,5.0,3.0,9.0,2.0,2.0,0.4,0.1,50.0,198,8365.0,0,0,294,0,294
83829,2.0,5.0,3.0,9.0,2.0,2.0,0.4,0.1,50.0,199,8305.0,0,0,295,0,295
83829,2.0,5.0,3.0,9.0,2.0,2.0,0.4,0.1,50.0,200,8485.0,0,0,293,0,293
83829,2.0,5.0,3.0,9.0,2.0,2.0,0.4,0.1,50.0,201,8575.0,0,0,293,0,293
83829,2.0,5.0,3.0,9.0,2.0,2.0,0.4,0.1,50.0,202,8500.0,0,0,293,0,293
83829,2.0,5.0,3.0,9.0,2.0,2.0,0.4,0.1,50.0,203,8365.0,0,0,289,0,289
83829,2.0,5.0,3.0,9.0,2.0,2.0,0.4,0.1,50.0,204,8425.0,0,0,294,0,294
83829,2.0,5.0,3.0,9.0,2.0,2.0,0.4,0.1,50.0,205,8440.0,0,0,300,0,300
83829,2.0,5.0,3.0,9.0,2.0,2.0,0.4,0.1,50.0,206,8515.0,0,0,305,0,305
83829,2.0,5.0,3.0,9.0,2.0,2.0,0.4,0.1,50.0,207,8695.0,0,0,304,0,304
83829,2.0,5.0,3.0,9.0,2.0,2.0,0.4,0.1,50.0,208,8650.0,0,0,305,0,305
83829,2.0,5.0,3.0,9.0,2.0,2.0,0.4,0.1,50.0,209,8770.0,0,0,306,0,306
83829,2.0,5.0,3.0,9.0,2.0,2.0,0.4,0.1,50.0,210,8755.0,0,0,303,0,303
83829,2.0,5.0,3.0,9.0,2.0,2.0,0.4,0.1,50.0,211,8695.0,0,0,297,0,297
83829,2.0,5.0,3.0,9.0,2.0,2.0,0.4,0.1,50.0,212,8605.0,0,0,299,0,299
83829,2.0,5.0,3.0,9.0,2.0,2.0,0.4,0.1,50.0,213,8665.0,0,0,296,0,296
83829,2.0,5.0,3.0,9.0,2.0,2.0,0.4,0.1,50.0,214,8725.0,0,0,293,0,293
83829,2.0,5.0,3.0,9.0,2.0,2.0,0.4,0.1,50.0,215,8515.0,0,0,296,0,296
83829,2.0,5.0,3.0,9.0,2.0,2.0,0.4,0.1,50.0,216,8515.0,0,0,297,0,297
83829,2.0,5.0,3.0,9.0,2.0,2.0,0.4,0.1,50.0,217,8500.0,0,0,292,0,292
83829,2.0,5.0,3.0,9.0,2.0,2.0,0.4,0.1,50.0,218,8455.0,0,0,295,0,295
83829,2.0,5.0,3.0,9.0,2.0,2.0,0.4,0.1,50.0,219,8455.0,0,0,296,0,296
83829,2.0,5.0,3.0,9.0,2.0,2.0,0.4,0.1,50.0,220,8455.0,0,0,298,0,298
83829,2.0,5.0,3.0,9.0,2.0,2.0,0.4,0.1,50.0,221,8440.0,0,0,292,0,292
83829,2.0,5.0,3.0,9.0,2.0,2.0,0.4,0.1,50.0,222,8470.0,0,0,292,0,292
83829,2.0,5.0,3.0,9.0,2.0,2.0,0.4,0.1,50.0,223,8515.0,0,0,292,0,292
83829,2.0,5.0,3.0,9.0,2.0,2.0,0.4,0.1,50.0,224,8485.0,0,0,293,0,293
83829,2.0,5.0,3.0,9.0,2.0,2.0,0.4,0.1,50.0,225,8275.0,0,0,296,0,296
83829,2.0,5.0,3.0,9.0,2.0,2.0,0.4,0.1,50.0,226,8335.0,0,0,302,0,302
83829,2.0,5.0,3.0,9.0,2.0,2.0,0.4,0.1,50.0,227,8530.0,0,0,302,0,302
83829,2.0,5.0,3.0,9.0,2.0,2.0,0.4,0.1,50.0,228,8545.0,0,0,302,0,302
83829,2.0,5.0,3.0,9.0,2.0,2.0,0.4,0.1,50.0,229,8875.0,0,0,298,0,298
83829,2.0,5.0,3.0,9.0,2.0,2.0,0.4,0.1,50.0,230,8830.0,0,0,295,0,295
83829,2.0,5.0,3.0,9.0,2.0,2.0,0.4,0.1,50.0,231,8620.0,0,0,293,0,293
83829,2.0,5.0,3.0,9.0,2.0,2.0,0.4,0.1,50.0,232,8575.0,0,0,291,0,291
83829,2.0,5.0,3.0,9.0,2.0,2.0,0.4,0.1,50.0,233,8485.0,0,0,291,0,291
83829,2.0,5.0,3.0,9.0,2.0,2.0,0.4,0.1,50.0,234,8425.0,0,0,287,0,287
83829,2.0,5.0,3.0,9.0,2.0,2.0,0.4,0.1,50.0,235,8215.0,0,0,292,0,292
83829,2.0,5.0,3.0,9.0,2.0,2.0,0.4,0.1,50.0,236,8245.0,0,0,297,0,297
83829,2.0,5.0,3.0,9.0,2.0,2.0,0.4,0.1,50.0,237,8515.0,0,0,297,0,297
83829,2.0,5.0,3.0,9.0,2.0,2.0,0.4,0.1,50.0,238,8515.0,0,0,295,0,295
83829,2.0,5.0,3.0,9.0,2.0,2.0,0.4,0.1,50.0,239,8545.0,0,0,297,0,297
83829,2.0,5.0,3.0,9.0,2.0,2.0,0.4,0.1,50.0,240,8485.0,0,0,298,0,298
83829,2.0,5.0,3.0,9.0,2.0,2.0,0.4,0.1,50.0,241,8515.0,0,0,301,0,301
83829,2.0,5.0,3.0,9.0,2.0,2.0,0.4,0.1,50.0,242,8590.0,0,0,303,0,303
83829,2.0,5.0,3.0,9.0,2.0,2.0,0.4,0.1,50.0,243,8680.0,0,0,304,0,304
83829,2.0,5.0,3.0,9.0,2.0,2.0,0.4,0.1,50.0,244,8830.0,0,0,307,0,307
83829,2.0,5.0,3.0,9.0,2.0,2.0,0.4,0.1,50.0,245,8635.0,0,0,301,0,301
83829,2.0,5.0,3.0,9.0,2.0,2.0,0.4,0.1,50.0,246,8740.0,0,0,299,0,299
83829,2.0,5.0,3.0,9.0,2.0,2.0,0.4,0.1,50.0,247,8650.0,0,0,294,0,294
83829,2.0,5.0,3.0,9.0,2.0,2.0,0.4,0.1,50.0,248,8440.0,0,0,293,0,293
83829,2.0,5.0,3.0,9.0,2.0,2.0,0.4,0.1,50.0,249,8515.0,0,0,294,0,294
83829,2.0,5.0,3.0,9.0,2.0,2.0,0.4,0.1,50.0,250,8440.0,0,0,301,0,301
83829,2.0,5.0,3.0,9.0,2.0,2.0,0.4,0.1,50.0,251,8575.0,0,0,298,0,298
83829,2.0,5.0,3.0,9.0,2.0,2.0,0.4,0.1,50.0,252,8470.0,0,0,297,0,297
83829,2.0,5.0,3.0,9.0,2.0,2.0,0.4,0.1,50.0,253,8650.0,0,0,295,0,295
83829,2.0,5.0,3.0,9.0,2.0,2.0,0.4,0.1,50.0,254,8530.0,0,0,298,0,298
83829,2.0,5.0,3.0,9.0,2.0,2.0,0.4,0.1,50.0,255,8425.0,0,0,293,0,293
83829,2.0,5.0,3.0,9.0,2.0,2.0,0.4,0.1,50.0,256,8425.0,0,0,295,0,295
83829,2.0,5.0,3.0,9.0,2.0,2.0,0.4,0.1,50.0,257,8455.0,0,0,296,0,296
83829,2.0,5.0,3.0,9.0,2.0,2.0,0.4,0.1,50.0,258,8515.0,0,0,294,0,294
83829,2.0,5.0,3.0,9.0,2.0,2.0,0.4,0.1,50.0,259,8410.0,0,0,301,0,301
83829,2.0,5.0,3.0,9.0,2.0,2.0,0.4,0.1,50.0,260,8575.0,0,0,297,0,297
83829,2.0,5.0,3.0,9.0,2.0,2.0,0.4,0.1,50.0,261,8590.0,0,0,296,0,296
83829,2.0,5.0,3.0,9.0,2.0,2.0,0.4,0.1,50.0,262,8530.0,0,0,296,0,296
83829,2.0,5.0,3.0,9.0,2.0,2.0,0.4,0.1,50.0,263,8620.0,0,0,301,0,301
83829,2.0,5.0,3.0,9.0,2.0,2.0,0.4,0.1,50.0,264,8560.0,0,0,303,0,303
83829,2.0,5.0,3.0,9.0,2.0,2.0,0.4,0.1,50.0,265,8590.0,0,0,298,0,298
83829,2.0,5.0,3.0,9.0,2.0,2.0,0.4,0.1,50.0,266,8650.0,0,0,299,0,299
83829,2.0,5.0,3.0,9.0,2.0,2.0,0.4,0.1,50.0,267,8575.0,0,0,300,0,300
83829,2.0,5.0,3.0,9.0,2.0,2.0,0.4,0.1,50.0,268,8635.0,0,0,304,0,304
83829,2.0,5.0,3.0,9.0,2.0,2.0,0.4,0.1,50.0,269,8605.0,0,0,303,0,303
83829,2.0,5.0,3.0,9.0,2.0,2.0,0.4,0.1,50.0,270,8605.0,0,0,299,0,299
83829,2.0,5.0,3.0,9.0,2.0,2.0,0.4,0.1,50.0,271,8515.0,0,0,298,0,298
83829,2.0,5.0,3.0,9.0,2.0,2.0,0.4,0.1,50.0,272,8725.0,0,0,295,0,295
83829,2.0,5.0,3.0,9.0,2.0,2.0,0.4,0.1,50.0,273,8575.0,0,0,296,0,296
83829,2.0,5.0,3.0,9.0,2.0,2.0,0.4,0.1,50.0,274,8500.0,0,0,293,0,293
83829,2.0,5.0,3.0,9.0,2.0,2.0,0.4,0.1,50.0,275,8470.0,0,0,298,0,298
83829,2.0,5.0,3.0,9.0,2.0,2.0,0.4,0.1,50.0,276,8515.0,0,0,296,0,296
83829,2.0,5.0,3.0,9.0,2.0,2.0,0.4,0.1,50.0,277,8425.0,0,0,296,0,296
83829,2.0,5.0,3.0,9.0,2.0,2.0,0.4,0.1,50.0,278,8350.0,0,0,292,0,292
83829,2.0,5.0,3.0,9.0,2.0,2.0,0.4,0.1,50.0,279,8425.0,0,0,293,0,293
83829,2.0,5.0,3.0,9.0,2.0,2.0,0.4,0.1,50.0,280,8440.0,0,0,297,0,297
83829,2.0,5.0,3.0,9.0,2.0,2.0,0.4,0.1,50.0,281,8530.0,0,0,294,0,294
83829,2.0,5.0,3.0,9.0,2.0,2.0,0.4,0.1,50.0,282,8260.0,0,0,296,0,296
83829,2.0,5.0,3.0,9.0,2.0,2.0,0.4,0.1,50.0,283,8515.0,0,0,299,0,299
83829,2.0,5.0,3.0,9.0,2.0,2.0,0.4,0.1,50.0,284,8530.0,0,0,301,0,301
83829,2.0,5.0,3.0,9.0,2.0,2.0,0.4,0.1,50.0,285,8575.0,0,0,291,0,291
83829,2.0,5.0,3.0,9.0,2.0,2.0,0.4,0.1,50.0,286,8500.0,0,0,296,0,296
83829,2.0,5.0,3.0,9.0,2.0,2.0,0.4,0.1,50.0,287,8560.0,0,0,298,0,298
83829,2.0,5.0,3.0,9.0,2.0,2.0,0.4,0.1,50.0,288,8530.0,0,0,299,0,299
83829,2.0,5.0,3.0,9.0,2.0,2.0,0.4,0.1,50.0,289,8590.0,0,0,303,0,303
83829,2.0,5.0,3.0,9.0,2.0,2.0,0.4,0.1,50.0,290,8425.0,0,0,304,0,304
83829,2.0,5.0,3.0,9.0,2.0,2.0,0.4,0.1,50.0,291,8635.0,0,0,302,0,302
83829,2.0,5.0,3.0,9.0,2.0,2.0,0.4,0.1,50.0,292,8725.0,0,0,301,0,301
83829,2.0,5.0,3.0,9.0,2.0,2.0,0.4,0.1,50.0,293,8665.0,0,0,301,0,301
83829,2.0,5.0,3.0,9.0,2.0,2.0,0.4,0.1,50.0,294,8740.0,0,0,299,0,299
83829,2.0,5.0,3.0,9.0,2.0,2.0,0.4,0.1,50.0,295,8605.0,0,0,294,0,294
83829,2.0,5.0,3.0,9.0,2.0,2.0,0.4,0.1,50.0,296,8590.0,0,0,297,0,297
83829,2.0,5.0,3.0,9.0,2.0,2.0,0.4,0.1,50.0,297,8515.0,0,0,298,0,298
83829,2.0,5.0,3.0,9.0,2.0,2.0,0.4,0.1,50.0,298,8605.0,0,0,300,0,300
83829,2.0,5.0,3.0,9.0,2.0,2.0,0.4,0.1,50.0,299,8575.0,0,0,297,0,297
83829,2.0,5.0,3.0,9.0,2.0,2.0,0.4,0.1,50.0,300,8530.0,0,0,297,0,297
83829,2.0,5.0,3.0,9.0,2.0,2.0,0.4,0.1,50.0,301,8470.0,0,0,301,0,301
83829,2.0,5.0,3.0,9.0,2.0,2.0,0.4,0.1,50.0,302,8605.0,0,0,292,0,292
83829,2.0,5.0,3.0,9.0,2.0,2.0,0.4,0.1,50.0,303,8665.0,0,0,288,0,288
83829,2.0,5.0,3.0,9.0,2.0,2.0,0.4,0.1,50.0,304,8305.0,0,0,291,0,291
83829,2.0,5.0,3.0,9.0,2.0,2.0,0.4,0.1,50.0,305,8395.0,0,0,293,0,293
83829,2.0,5.0,3.0,9.0,2.0,2.0,0.4,0.1,50.0,306,8335.0,0,0,295,0,295
83829,2.0,5.0,3.0,9.0,2.0,2.0,0.4,0.1,50.0,307,8335.0,0,0,295,0,295
83829,2.0,5.0,3.0,9.0,2.0,2.0,0.4,0.1,50.0,308,8335.0,0,0,300,0,300
83829,2.0,5.0,3.0,9.0,2.0,2.0,0.4,0.1,50.0,309,8530.0,0,0,297,0,297
83829,2.0,5.0,3.0,9.0,2.0,2.0,0.4,0.1,50.0,310,8560.0,0,0,300,0,300
83829,2.0,5.0,3.0,9.0,2.0,2.0,0.4,0.1,50.0,311,8590.0,0,0,302,0,302
83829,2.0,5.0,3.0,9.0,2.0,2.0,0.4,0.1,50.0,312,8560.0,0,0,302,0,302
83829,2.0,5.0,3.0,9.0,2.0,2.0,0.4,0.1,50.0,313,8755.0,0,0,304,0,304
83829,2.0,5.0,3.0,9.0,2.0,2.0,0.4,0.1,50.0,314,8785.0,0,0,306,0,306
83829,2.0,5.0,3.0,9.0,2.0,2.0,0.4,0.1,50.0,315,8785.0,0,0,302,0,302
83829,2.0,5.0,3.0,9.0,2.0,2.0,0.4,0.1,50.0,316,8695.0,0,0,301,0,301
83829,2.0,5.0,3.0,9.0,2.0,2.0,0.4,0.1,50.0,317,8650.0,0,0,299,0,299
83829,2.0,5.0,3.0,9.0,2.0,2.0,0.4,0.1,50.0,318,8470.0,0,0,296,0,296
83829,2.0,5.0,3.0,9.0,2.0,2.0,0.4,0.1,50.0,319,8365.0,0,0,297,0,297
83829,2.0,5.0,3.0,9.0,2.0,2.0,0.4,0.1,50.0,320,8440.0,0,0,291,0,291
83829,2.0,5.0,3.0,9.0,2.0,2.0,0.4,0.1,50.0,321,8530.0,0,0,298,0,298
83829,2.0,5.0,3.0,9.0,2.0,2.0,0.4,0.1,50.0,322,8425.0,0,0,298,0,298
83829,2.0,5.0,3.0,9.0,2.0,2.0,0.4,0.1,50.0,323,8440.0,0,0,297,0,297
83829,2.0,5.0,3.0,9.0,2.0,2.0,0.4,0.1,50.0,324,8425.0,0,0,297,0,297
83829,2.0,5.0,3.0,9.0,2.0,2.0,0.4,0.1,50.0,325,8485.0,0,0,296,0,296
83829,2.0,5.0,3.0,9.0,2.0,2.0,0.4,0.1,50.0,326,8500.0,0,0,304,0,304
83829,2.0,5.0,3.0,9.0,2.0,2.0,0.4,0.1,50.0,327,8680.0,0,0,304,0,304
83829,2.0,5.0,3.0,9.0,2.0,2.0,0.4,0.1,50.0,328,8755.0,0,0,303,0,303
83829,2.0,5.0,3.0,9.0,2.0,2.0,0.4,0.1,50.0,329,8725.0,0,0,303,0,303
83829,2.0,5.0,3.0,9.0,2.0,2.0,0.4,0.1,50.0,330,8755.0,0,0,300,0,300
83829,2.0,5.0,3.0,9.0,2.0,2.0,0.4,0.1,50.0,331,8620.0,0,0,298,0,298
83829,2.0,5.0,3.0,9.0,2.0,2.0,0.4,0.1,50.0,332,8620.0,0,0,298,0,298
83829,2.0,5.0,3.0,9.0,2.0,2.0,0.4,0.1,50.0,333,8590.0,0,0,301,0,301
83829,2.0,5.0,3.0,9.0,2.0,2.0,0.4,0.1,50.0,334,8560.0,0,0,294,0,294
83829,2.0,5.0,3.0,9.0,2.0,2.0,0.4,0.1,50.0,335,8530.0,0,0,291,0,291
83829,2.0,5.0,3.0,9.0,2.0,2.0,0.4,0.1,50.0,336,8470.0,0,0,291,0,291
83829,2.0,5.0,3.0,9.0,2.0,2.0,0.4,0.1,50.0,337,8470.0,0,0,294,0,294
83829,2.0,5.0,3.0,9.0,2.0,2.0,0.4,0.1,50.0,338,8515.0,0,0,297,0,297
83829,2.0,5.0,3.0,9.0,2.0,2.0,0.4,0.1,50.0,339,8425.0,0,0,297,0,297
83829,2.0,5.0,3.0,9.0,2.0,2.0,0.4,0.1,50.0,340,8620.0,0,0,297,0,297
83829,2.0,5.0,3.0,9.0,2.0,2.0,0.4,0.1,50.0,341,8440.0,0,0,294,0,294
83829,2.0,5.0,3.0,9.0,2.0,2.0,0.4,0.1,50.0,342,8455.0,0,0,295,0,295
83829,2.0,5.0,3.0,9.0,2.0,2.0,0.4,0.1,50.0,343,8470.0,0,0,294,0,294
83829,2.0,5.0,3.0,9.0,2.0,2.0,0.4,0.1,50.0,344,8440.0,0,0,299,0,299
83829,2.0,5.0,3.0,9.0,2.0,2.0,0.4,0.1,50.0,345,8440.0,0,0,295,0,295
83829,2.0,5.0,3.0,9.0,2.0,2.0,0.4,0.1,50.0,346,8455.0,0,0,297,0,297
83829,2.0,5.0,3.0,9.0,2.0,2.0,0.4,0.1,50.0,347,8365.0,0,0,299,0,299
83829,2.0,5.0,3.0,9.0,2.0,2.0,0.4,0.1,50.0,348,8515.0,0,0,301,0,301
83829,2.0,5.0,3.0,9.0,2.0,2.0,0.4,0.1,50.0,349,8485.0,0,0,300,0,300
83829,2.0,5.0,3.0,9.0,2.0,2.0,0.4,0.1,50.0,350,8605.0,0,0,302,0,302
83829,2.0,5.0,3.0,9.0,2.0,2.0,0.4,0.1,50.0,351,8680.0,0,0,296,0,296
83829,2.0,5.0,3.0,9.0,2.0,2.0,0.4,0.1,50.0,352,8575.0,0,0,298,0,298
83829,2.0,5.0,3.0,9.0,2.0,2.0,0.4,0.1,50.0,353,8650.0,0,0,301,0,301
83829,2.0,5.0,3.0,9.0,2.0,2.0,0.4,0.1,50.0,354,8575.0,0,0,303,0,303
83829,2.0,5.0,3.0,9.0,2.0,2.0,0.4,0.1,50.0,355,8470.0,0,0,295,0,295
83829,2.0,5.0,3.0,9.0,2.0,2.0,0.4,0.1,50.0,356,8620.0,0,0,294,0,294
83829,2.0,5.0,3.0,9.0,2.0,2.0,0.4,0.1,50.0,357,8500.0,0,0,295,0,295
83829,2.0,5.0,3.0,9.0,2.0,2.0,0.4,0.1,50.0,358,8455.0,0,0,297,0,297
83829,2.0,5.0,3.0,9.0,2.0,2.0,0.4,0.1,50.0,359,8575.0,0,0,298,0,298
83829,2.0,5.0,3.0,9.0,2.0,2.0,0.4,0.1,50.0,360,8620.0,0,0,300,0,300
83829,2.0,5.0,3.0,9.0,2.0,2.0,0.4,0.1,50.0,361,8530.0,0,0,299,0,299
83829,2.0,5.0,3.0,9.0,2.0,2.0,0.4,0.1,50.0,362,8530.0,0,0,294,0,294
83829,2.0,5.0,3.0,9.0,2.0,2.0,0.4,0.1,50.0,363,8395.0,0,0,295,0,295
83829,2.0,5.0,3.0,9.0,2.0,2.0,0.4,0.1,50.0,364,8410.0,0,0,295,0,295
83829,2.0,5.0,3.0,9.0,2.0,2.0,0.4,0.1,50.0,365,8380.0,0,0,298,0,298
83829,2.0,5.0,3.0,9.0,2.0,2.0,0.4,0.1,50.0,366,8545.0,0,0,298,0,298
83829,2.0,5.0,3.0,9.0,2.0,2.0,0.4,0.1,50.0,367,8530.0,0,0,295,0,295
83829,2.0,5.0,3.0,9.0,2.0,2.0,0.4,0.1,50.0,368,8575.0,0,0,301,0,301
83829,2.0,5.0,3.0,9.0,2.0,2.0,0.4,0.1,50.0,369,8455.0,0,0,294,0,294
83829,2.0,5.0,3.0,9.0,2.0,2.0,0.4,0.1,50.0,370,8320.0,0,0,303,0,303
83829,2.0,5.0,3.0,9.0,2.0,2.0,0.4,0.1,50.0,371,8650.0,0,0,303,0,303
83829,2.0,5.0,3.0,9.0,2.0,2.0,0.4,0.1,50.0,372,8665.0,0,0,303,0,303
83829,2.0,5.0,3.0,9.0,2.0,2.0,0.4,0.1,50.0,373,8650.0,0,0,303,0,303
83829,2.0,5.0,3.0,9.0,2.0,2.0,0.4,0.1,50.0,374,8785.0,0,0,303,0,303
83829,2.0,5.0,3.0,9.0,2.0,2.0,0.4,0.1,50.0,375,8695.0,0,0,304,0,304
83829,2.0,5.0,3.0,9.0,2.0,2.0,0.4,0.1,50.0,376,8770.0,0,0,300,0,300
83829,2.0,5.0,3.0,9.0,2.0,2.0,0.4,0.1,50.0,377,8740.0,0,0,300,0,300
83829,2.0,5.0,3.0,9.0,2.0,2.0,0.4,0.1,50.0,378,8695.0,0,0,300,0,300
83829,2.0,5.0,3.0,9.0,2.0,2.0,0.4,0.1,50.0,379,8635.0,0,0,295,0,295
83829,2.0,5.0,3.0,9.0,2.0,2.0,0.4,0.1,50.0,380,8425.0,0,0,299,0,299
83829,2.0,5.0,3.0,9.0,2.0,2.0,0.4,0.1,50.0,381,8515.0,0,0,293,0,293
83829,2.0,5.0,3.0,9.0,2.0,2.0,0.4,0.1,50.0,382,8470.0,0,0,291,0,291
83829,2.0,5.0,3.0,9.0,2.0,2.0,0.4,0.1,50.0,383,8365.0,0,0,290,0,290
83829,2.0,5.0,3.0,9.0,2.0,2.0,0.4,0.1,50.0,384,8305.0,0,0,294,0,294
83829,2.0,5.0,3.0,9.0,2.0,2.0,0.4,0.1,50.0,385,8425.0,0,0,296,0,296
83829,2.0,5.0,3.0,9.0,2.0,2.0,0.4,0.1,50.0,386,8395.0,0,0,297,0,297
83829,2.0,5.0,3.0,9.0,2.0,2.0,0.4,0.1,50.0,387,8455.0,0,0,295,0,295
83829,2.0,5.0,3.0,9.0,2.0,2.0,0.4,0.1,50.0,388,8635.0,0,0,293,0,293
83829,2.0,5.0,3.0,9.0,2.0,2.0,0.4,0.1,50.0,389,8425.0,0,0,291,0,291
83829,2.0,5.0,3.0,9.0,2.0,2.0,0.4,0.1,50.0,390,8350.0,0,0,295,0,295
83829,2.0,5.0,3.0,9.0,2.0,2.0,0.4,0.1,50.0,391,8410.0,0,0,301,0,301
83829,2.0,5.0,3.0,9.0,2.0,2.0,0.4,0.1,50.0,392,8380.0,0,0,296,0,296
83829,2.0,5.0,3.0,9.0,2.0,2.0,0.4,0.1,50.0,393,8530.0,0,0,296,0,296
83829,2.0,5.0,3.0,9.0,2.0,2.0,0.4,0.1,50.0,394,8560.0,0,0,295,0,295
83829,2.0,5.0,3.0,9.0,2.0,2.0,0.4,0.1,50.0,395,8440.0,0,0,295,0,295
83829,2.0,5.0,3.0,9.0,2.0,2.0,0.4,0.1,50.0,396,8650.0,0,0,302,0,302
83829,2.0,5.0,3.0,9.0,2.0,2.0,0.4,0.1,50.0,397,8710.0,0,0,303,0,303
83829,2.0,5.0,3.0,9.0,2.0,2.0,0.4,0.1,50.0,398,8650.0,0,0,302,0,302
83829,2.0,5.0,3.0,9.0,2.0,2.0,0.4,0.1,50.0,399,8845.0,0,0,297,0,297
83829,2.0,5.0,3.0,9.0,2.0,2.0,0.4,0.1,50.0,400,8710.0,0,0,300,0,300
83829,2.0,5.0,3.0,9.0,2.0,2.0,0.4,0.1,50.0,401,8590.0,0,0,296,0,296
83829,2.0,5.0,3.0,9.0,2.0,2.0,0.4,0.1,50.0,402,8590.0,0,0,296,0,296
83829,2.0,5.0,3.0,9.0,2.0,2.0,0.4,0.1,50.0,403,8545.0,0,0,297,0,297
83829,2.0,5.0,3.0,9.0,2.0,2.0,0.4,0.1,50.0,404,8470.0,0,0,295,0,295
83829,2.0,5.0,3.0,9.0,2.0,2.0,0.4,0.1,50.0,405,8335.0,0,0,295,0,295
83829,2.0,5.0,3.0,9.0,2.0,2.0,0.4,0.1,50.0,406,8410.0,0,0,297,0,297
83829,2.0,5.0,3.0,9.0,2.0,2.0,0.4,0.1,50.0,407,8350.0,0,0,295,0,295
83829,2.0,5.0,3.0,9.0,2.0,2.0,0.4,0.1,50.0,408,8335.0,0,0,297,0,297
83829,2.0,5.0,3.0,9.0,2.0,2.0,0.4,0.1,50.0,409,8455.0,0,0,297,0,297
83829,2.0,5.0,3.0,9.0,2.0,2.0,0.4,0.1,50.0,410,8530.0,0,0,299,0,299
83829,2.0,5.0,3.0,9.0,2.0,2.0,0.4,0.1,50.0,411,8545.0,0,0,302,0,302
83829,2.0,5.0,3.0,9.0,2.0,2.0,0.4,0.1,50.0,412,8695.0,0,0,303,0,303
83829,2.0,5.0,3.0,9.0,2.0,2.0,0.4,0.1,50.0,413,8800.0,0,0,303,0,303
83829,2.0,5.0,3.0,9.0,2.0,2.0,0.4,0.1,50.0,414,8875.0,0,0,303,0,303
83829,2.0,5.0,3.0,9.0,2.0,2.0,0.4,0.1,50.0,415,8740.0,0,0,299,0,299
83829,2.0,5.0,3.0,9.0,2.0,2.0,0.4,0.1,50.0,416,8710.0,0,0,297,0,297
83829,2.0,5.0,3.0,9.0,2.0,2.0,0.4,0.1,50.0,417,8590.0,0,0,295,0,295
83829,2.0,5.0,3.0,9.0,2.0,2.0,0.4,0.1,50.0,418,8590.0,0,0,295,0,295
83829,2.0,5.0,3.0,9.0,2.0,2.0,0.4,0.1,50.0,419,8545.0,0,0,294,0,294
83829,2.0,5.0,3.0,9.0,2.0,2.0,0.4,0.1,50.0,420,8500.0,0,0,291,0,291
83829,2.0,5.0,3.0,9.0,2.0,2.0,0.4,0.1,50.0,421,8470.0,0,0,290,0,290
83829,2.0,5.0,3.0,9.0,2.0,2.0,0.4,0.1,50.0,422,8380.0,0,0,292,0,292
83829,2.0,5.0,3.0,9.0,2.0,2.0,0.4,0.1,50.0,423,8335.0,0,0,295,0,295
83829,2.0,5.0,3.0,9.0,2.0,2.0,0.4,0.1,50.0,424,8440.0,0,0,294,0,294
83829,2.0,5.0,3.0,9.0,2.0,2.0,0.4,0.1,50.0,425,8425.0,0,0,298,0,298
83829,2.0,5.0,3.0,9.0,2.0,2.0,0.4,0.1,50.0,426,8575.0,0,0,298,0,298
83829,2.0,5.0,3.0,9.0,2.0,2.0,0.4,0.1,50.0,427,8470.0,0,0,299,0,299
83829,2.0,5.0,3.0,9.0,2.0,2.0,0.4,0.1,50.0,428,8605.0,0,0,297,0,297
83829,2.0,5.0,3.0,9.0,2.0,2.0,0.4,0.1,50.0,429,8545.0,0,0,294,0,294
83829,2.0,5.0,3.0,9.0,2.0,2.0,0.4,0.1,50.0,430,8530.0,0,0,301,0,301
83829,2.0,5.0,3.0,9.0,2.0,2.0,0.4,0.1,50.0,431,8590.0,0,0,304,0,304
83829,2.0,5.0,3.0,9.0,2.0,2.0,0.4,0.1,50.0,432,8515.0,0,0,307,0,307
83829,2.0,5.0,3.0,9.0,2.0,2.0,0.4,0.1,50.0,433,8800.0,0,0,302,0,302
83829,2.0,5.0,3.0,9.0,2.0,2.0,0.4,0.1,50.0,434,8725.0,0,0,302,0,302
83829,2.0,5.0,3.0,9.0,2.0,2.0,0.4,0.1,50.0,435,8665.0,0,0,299,0,299
83829,2.0,5.0,3.0,9.0,2.0,2.0,0.4,0.1,50.0,436,8710.0,0,0,298,0,298
83829,2.0,5.0,3.0,9.0,2.0,2.0,0.4,0.1,50.0,437,8680.0,0,0,299,0,299
83829,2.0,5.0,3.0,9.0,2.0,2.0,0.4,0.1,50.0,438,8530.0,0,0,300,0,300
83829,2.0,5.0,3.0,9.0,2.0,2.0,0.4,0.1,50.0,439,8605.0,0,0,294,0,294
83829,2.0,5.0,3.0,9.0,2.0,2.0,0.4,0.1,50.0,440,8470.0,0,0,291,0,291
83829,2.0,5.0,3.0,9.0,2.0,2.0,0.4,0.1,50.0,441,8335.0,0,0,292,0,292
83829,2.0,5.0,3.0,9.0,2.0,2.0,0.4,0.1,50.0,442,8365.0,0,0,293,0,293
83829,2.0,5.0,3.0,9.0,2.0,2.0,0.4,0.1,50.0,443,8410.0,0,0,297,0,297
83829,2.0,5.0,3.0,9.0,2.0,2.0,0.4,0.1,50.0,444,8500.0,0,0,294,0,294
83829,2.0,5.0,3.0,9.0,2.0,2.0,0.4,0.1,50.0,445,8440.0,0,0,295,0,295
83829,2.0,5.0,3.0,9.0,2.0,2.0,0.4,0.1,50.0,446,8440.0,0,0,297,0,297
83829,2.0,5.0,3.0,9.0,2.0,2.0,0.4,0.1,50.0,447,8335.0,0,0,295,0,295
83829,2.0,5.0,3.0,9.0,2.0,2.0,0.4,0.1,50.0,448,8530.0,0,0,296,0,296
83829,2.0,5.0,3.0,9.0,2.0,2.0,0.4,0.1,50.0,449,8410.0,0,0,300,0,300
83829,2.0,5.0,3.0,9.0,2.0,2.0,0.4,0.1,50.0,450,8470.0,0,0,302,0,302
83829,2.0,5.0,3.0,9.0,2.0,2.0,0.4,0.1,50.0,451,8560.0,0,0,300,0,300
83829,2.0,5.0,3.0,9.0,2.0,2.0,0.4,0.1,50.0,452,8470.0,0,0,303,0,303
83829,2.0,5.0,3.0,9.0,2.0,2.0,0.4,0.1,50.0,453,8635.0,0,0,303,0,303
83829,2.0,5.0,3.0,9.0,2.0,2.0,0.4,0.1,50.0,454,8590.0,0,0,296,0,296
83829,2.0,5.0,3.0,9.0,2.0,2.0,0.4,0.1,50.0,455,8500.0,0,0,296,0,296
83829,2.0,5.0,3.0,9.0,2.0,2.0,0.4,0.1,50.0,456,8515.0,0,0,295,0,295
83829,2.0,5.0,3.0,9.0,2.0,2.0,0.4,0.1,50.0,457,8635.0,0,0,294,0,294
83829,2.0,5.0,3.0,9.0,2.0,2.0,0.4,0.1,50.0,458,8485.0,0,0,295,0,295
83829,2.0,5.0,3.0,9.0,2.0,2.0,0.4,0.1,50.0,459,8530.0,0,0,295,0,295
83829,2.0,5.0,3.0,9.0,2.0,2.0,0.4,0.1,50.0,460,8545.0,0,0,298,0,298
83829,2.0,5.0,3.0,9.0,2.0,2.0,0.4,0.1,50.0,461,8500.0,0,0,304,0,304
83829,2.0,5.0,3.0,9.0,2.0,2.0,0.4,0.1,50.0,462,8680.0,0,0,307,0,307
83829,2.0,5.0,3.0,9.0,2.0,2.0,0.4,0.1,50.0,463,8650.0,0,0,309,0,309
83829,2.0,5.0,3.0,9.0,2.0,2.0,0.4,0.1,50.0,464,8785.0,0,0,303,0,303
83829,2.0,5.0,3.0,9.0,2.0,2.0,0.4,0.1,50.0,465,8725.0,0,0,302,0,302
83829,2.0,5.0,3.0,9.0,2.0,2.0,0.4,0.1,50.0,466,8785.0,0,0,295,0,295
83829,2.0,5.0,3.0,9.0,2.0,2.0,0.4,0.1,50.0,467,8500.0,0,0,297,0,297
83829,2.0,5.0,3.0,9.0,2.0,2.0,0.4,0.1,50.0,468,8620.0,0,0,294,0,294
83829,2.0,5.0,3.0,9.0,2.0,2.0,0.4,0.1,50.0,469,8545.0,0,0,295,0,295
83829,2.0,5.0,3.0,9.0,2.0,2.0,0.4,0.1,50.0,470,8425.0,0,0,292,0,292
83829,2.0,5.0,3.0,9.0,2.0,2.0,0.4,0.1,50.0,471,8335.0,0,0,290,0,290
83829,2.0,5.0,3.0,9.0,2.0,2.0,0.4,0.1,50.0,472,8335.0,0,0,294,0,294
83829,2.0,5.0,3.0,9.0,2.0,2.0,0.4,0.1,50.0,473,8440.0,0,0,295,0,295
83829,2.0,5.0,3.0,9.0,2.0,2.0,0.4,0.1,50.0,474,8395.0,0,0,293,0,293
83829,2.0,5.0,3.0,9.0,2.0,2.0,0.4,0.1,50.0,475,8335.0,0,0,292,0,292
83829,2.0,5.0,3.0,9.0,2.0,2.0,0.4,0.1,50.0,476,8290.0,0,0,301,0,301
83829,2.0,5.0,3.0,9.0,2.0,2.0,0.4,0.1,50.0,477,8560.0,0,0,302,0,302
83829,2.0,5.0,3.0,9.0,2.0,2.0,0.4,0.1,50.0,478,8710.0,0,0,302,0,302
83829,2.0,5.0,3.0,9.0,2.0,2.0,0.4,0.1,50.0,479,8800.0,0,0,307,0,307
83829,2.0,5.0,3.0,9.0,2.0,2.0,0.4,0.1,50.0,480,8770.0,0,0,305,0,305
83829,2.0,5.0,3.0,9.0,2.0,2.0,0.4,0.1,50.0,481,8815.0,0,0,298,0,298
83829,2.0,5.0,3.0,9.0,2.0,2.0,0.4,0.1,50.0,482,8695.0,0,0,298,0,298
83829,2.0,5.0,3.0,9.0,2.0,2.0,0.4,0.1,50.0,483,8725.0,0,0,296,0,296
83829,2.0,5.0,3.0,9.0,2.0,2.0,0.4,0.1,50.0,484,8665.0,0,0,297,0,297
83829,2.0,5.0,3.0,9.0,2.0,2.0,0.4,0.1,50.0,485,8635.0,0,0,297,0,297
83829,2.0,5.0,3.0,9.0,2.0,2.0,0.4,0.1,50.0,486,8410.0,0,0,297,0,297
83829,2.0,5.0,3.0,9.0,2.0,2.0,0.4,0.1,50.0,487,8530.0,0,0,297,0,297
83829,2.0,5.0,3.0,9.0,2.0,2.0,0.4,0.1,50.0,488,8470.0,0,0,294,0,294
83829,2.0,5.0,3.0,9.0,2.0,2.0,0.4,0.1,50.0,489,8320.0,0,0,289,0,289
83829,2.0,5.0,3.0,9.0,2.0,2.0,0.4,0.1,50.0,490,8335.0,0,0,295,0,295
83829,2.0,5.0,3.0,9.0,2.0,2.0,0.4,0.1,50.0,491,8380.0,0,0,297,0,297
83829,2.0,5.0,3.0,9.0,2.0,2.0,0.4,0.1,50.0,492,8470.0,0,0,293,0,293
83829,2.0,5.0,3.0,9.0,2.0,2.0,0.4,0.1,50.0,493,8260.0,0,0,293,0,293
83829,2.0,5.0,3.0,9.0,2.0,2.0,0.4,0.1,50.0,494,8335.0,0,0,296,0,296
83829,2.0,5.0,3.0,9.0,2.0,2.0,0.4,0.1,50.0,495,8395.0,0,0,298,0,298
83829,2.0,5.0,3.0,9.0,2.0,2.0,0.4,0.1,50.0,496,8545.0,0,0,305,0,305
83829,2.0,5.0,3.0,9.0,2.0,2.0,0.4,0.1,50.0,497,8590.0,0,0,300,0,300
83829,2.0,5.0,3.0,9.0,2.0,2.0,0.4,0.1,50.0,498,8410.0,0,0,297,0,297
83829,2.0,5.0,3.0,9.0,2.0,2.0,0.4,0.1,50.0,499,8530.0,0,0,293,0,293