Exp Num,agent:svo_convergence_factor,agent:params:metabolism,agent:params:consumption_factor,agent:params:procreate_cost_factor,agent:params:procreate_req_factor,agent:params:start_energy_factor,agent:params:caught_chance,agent:params:caught_cooldown_factor,agent:params:maximum_age,Epoch,Resource,A,B,C,D,E
83941,2.0,5.0,3.0,9.0,2.0,3.0,0.30000000000000004,0.4,20.0,0,3500.0,23,34,11,19,81
83941,2.0,5.0,3.0,9.0,2.0,3.0,0.30000000000000004,0.4,20.0,1,2935.0,23,34,11,19,81
83941,2.0,5.0,3.0,9.0,2.0,3.0,0.30000000000000004,0.4,20.0,2,2738.75,23,34,11,19,81
83941,2.0,5.0,3.0,9.0,2.0,3.0,0.30000000000000004,0.4,20.0,3,2703.4375,23,34,11,19,81
83941,2.0,5.0,3.0,9.0,2.0,3.0,0.30000000000000004,0.4,20.0,4,2809.296875,23,34,11,19,81
83941,2.0,5.0,3.0,9.0,2.0,3.0,0.30000000000000004,0.4,20.0,5,3031.62109375,22,33,11,19,79
83941,2.0,5.0,3.0,9.0,2.0,3.0,0.30000000000000004,0.4,20.0,6,3324.5263671875,22,33,11,19,79
83941,2.0,5.0,3.0,9.0,2.0,3.0,0.30000000000000004,0.4,20.0,7,3825.657958984375,23,34,12,21,82
83941,2.0,5.0,3.0,9.0,2.0,3.0,0.30000000000000004,0.4,20.0,8,4107.072448730469,17,34,13,20,76
83941,2.0,5.0,3.0,9.0,2.0,3.0,0.30000000000000004,0.4,20.0,9,4263.840560913086,16,35,14,20,77
83941,2.0,5.0,3.0,9.0,2.0,3.0,0.30000000000000004,0.4,20.0,10,4414.800701141357,16,36,17,20,81
83941,2.0,5.0,3.0,9.0,2.0,3.0,0.30000000000000004,0.4,20.0,11,4648.500876426697,15,35,19,20,80
83941,2.0,5.0,3.0,9.0,2.0,3.0,0.30000000000000004,0.4,20.0,12,4730.626095533371,15,32,25,22,83
83941,2.0,5.0,3.0,9.0,2.0,3.0,0.30000000000000004,0.4,20.0,13,4593.282619416714,15,36,29,26,92
83941,2.0,5.0,3.0,9.0,2.0,3.0,0.30000000000000004,0.4,20.0,14,4136.603274270892,15,39,34,32,100
83941,2.0,5.0,3.0,9.0,2.0,3.0,0.30000000000000004,0.4,20.0,15,3730.754092838615,15,39,35,36,101
83941,2.0,5.0,3.0,9.0,2.0,3.0,0.30000000000000004,0.4,20.0,16,3733.442616048269,14,41,40,36,109
83941,2.0,5.0,3.0,9.0,2.0,3.0,0.30000000000000004,0.4,20.0,17,3931.803270060336,13,44,43,37,115
83941,2.0,5.0,3.0,9.0,2.0,3.0,0.30000000000000004,0.4,20.0,18,4314.75408757542,13,44,45,39,118
83941,2.0,5.0,3.0,9.0,2.0,3.0,0.30000000000000004,0.4,20.0,19,4673.442609469275,13,46,46,41,121
83941,2.0,5.0,3.0,9.0,2.0,3.0,0.30000000000000004,0.4,20.0,20,5406.803261836594,7,32,41,37,88
83941,2.0,5.0,3.0,9.0,2.0,3.0,0.30000000000000004,0.4,20.0,21,5888.504077295743,2,24,41,33,73
83941,2.0,5.0,3.0,9.0,2.0,3.0,0.30000000000000004,0.4,20.0,22,6415.630096619679,1,25,46,30,78
83941,2.0,5.0,3.0,9.0,2.0,3.0,0.30000000000000004,0.4,20.0,23,7014.5376207745985,1,28,51,29,86
83941,2.0,5.0,3.0,9.0,2.0,3.0,0.30000000000000004,0.4,20.0,24,7583.172025968248,1,29,56,32,93
83941,2.0,5.0,3.0,9.0,2.0,3.0,0.30000000000000004,0.4,20.0,25,8038.96503246031,0,31,61,36,100
83941,2.0,5.0,3.0,9.0,2.0,3.0,0.30000000000000004,0.4,20.0,26,8290.0,0,34,71,38,114
83941,2.0,5.0,3.0,9.0,2.0,3.0,0.30000000000000004,0.4,20.0,27,7975.0,0,37,80,40,126
83941,2.0,5.0,3.0,9.0,2.0,3.0,0.30000000000000004,0.4,20.0,28,7628.75,0,37,91,44,137
83941,2.0,5.0,3.0,9.0,2.0,3.0,0.30000000000000004,0.4,20.0,29,6940.9375,0,41,101,45,151
83941,2.0,5.0,3.0,9.0,2.0,3.0,0.30000000000000004,0.4,20.0,30,5826.171875,0,40,117,50,166
83941,2.0,5.0,3.0,9.0,2.0,3.0,0.30000000000000004,0.4,20.0,31,5782.71484375,0,38,126,52,173
83941,2.0,5.0,3.0,9.0,2.0,3.0,0.30000000000000004,0.4,20.0,32,5863.3935546875,0,40,130,52,178
83941,2.0,5.0,3.0,9.0,2.0,3.0,0.30000000000000004,0.4,20.0,33,6144.241943359375,0,39,138,50,185
83941,2.0,5.0,3.0,9.0,2.0,3.0,0.30000000000000004,0.4,20.0,34,6570.302429199219,0,37,140,48,185
83941,2.0,5.0,3.0,9.0,2.0,3.0,0.30000000000000004,0.4,20.0,35,7222.878036499023,0,36,140,46,183
83941,2.0,5.0,3.0,9.0,2.0,3.0,0.30000000000000004,0.4,20.0,36,7978.597545623779,0,37,141,44,185
83941,2.0,5.0,3.0,9.0,2.0,3.0,0.30000000000000004,0.4,20.0,37,9058.246932029724,0,38,144,43,188
83941,2.0,5.0,3.0,9.0,2.0,3.0,0.30000000000000004,0.4,20.0,38,8845.0,0,37,148,42,190
83941,2.0,5.0,3.0,9.0,2.0,3.0,0.30000000000000004,0.4,20.0,39,8935.0,0,36,150,43,190
83941,2.0,5.0,3.0,9.0,2.0,3.0,0.30000000000000004,0.4,20.0,40,8650.0,0,36,158,41,198
83941,2.0,5.0,3.0,9.0,2.0,3.0,0.30000000000000004,0.4,20.0,41,8650.0,0,34,163,40,200
83941,2.0,5.0,3.0,9.0,2.0,3.0,0.30000000000000004,0.4,20.0,42,8515.0,0,35,171,39,209
83941,2.0,5.0,3.0,9.0,2.0,3.0,0.30000000000000004,0.4,20.0,43,8185.0,0,36,172,39,211
83941,2.0,5.0,3.0,9.0,2.0,3.0,0.30000000000000004,0.4,20.0,44,7930.0,0,36,185,37,224
83941,2.0,5.0,3.0,9.0,2.0,3.0,0.30000000000000004,0.4,20.0,45,7797.5,0,35,196,35,233
83941,2.0,5.0,3.0,9.0,2.0,3.0,0.30000000000000004,0.4,20.0,46,7571.875,0,32,208,33,242
83941,2.0,5.0,3.0,9.0,2.0,3.0,0.30000000000000004,0.4,20.0,47,7529.84375,0,30,210,29,241
83941,2.0,5.0,3.0,9.0,2.0,3.0,0.30000000000000004,0.4,20.0,48,7552.3046875,0,30,221,28,251
83941,2.0,5.0,3.0,9.0,2.0,3.0,0.30000000000000004,0.4,20.0,49,7700.380859375,0,28,223,24,251
83941,2.0,5.0,3.0,9.0,2.0,3.0,0.30000000000000004,0.4,20.0,50,7810.47607421875,0,26,226,20,252
83941,2.0,5.0,3.0,9.0,2.0,3.0,0.30000000000000004,0.4,20.0,51,7858.0950927734375,0,22,227,17,249
83941,2.0,5.0,3.0,9.0,2.0,3.0,0.30000000000000004,0.4,20.0,52,7737.618865966797,0,24,229,16,253
83941,2.0,5.0,3.0,9.0,2.0,3.0,0.30000000000000004,0.4,20.0,53,7707.023582458496,0,25,239,15,264
83941,2.0,5.0,3.0,9.0,2.0,3.0,0.30000000000000004,0.4,20.0,54,7788.77947807312,0,25,245,14,270
83941,2.0,5.0,3.0,9.0,2.0,3.0,0.30000000000000004,0.4,20.0,55,8100.9743475914,0,26,248,15,274
83941,2.0,5.0,3.0,9.0,2.0,3.0,0.30000000000000004,0.4,20.0,56,8335.0,0,26,257,15,283
83941,2.0,5.0,3.0,9.0,2.0,3.0,0.30000000000000004,0.4,20.0,57,8455.0,0,25,260,14,285
83941,2.0,5.0,3.0,9.0,2.0,3.0,0.30000000000000004,0.4,20.0,58,8440.0,0,21,266,15,287
83941,2.0,5.0,3.0,9.0,2.0,3.0,0.30000000000000004,0.4,20.0,59,8515.0,0,22,271,15,293
83941,2.0,5.0,3.0,9.0,2.0,3.0,0.30000000000000004,0.4,20.0,60,8695.0,0,21,268,15,289
83941,2.0,5.0,3.0,9.0,2.0,3.0,0.30000000000000004,0.4,20.0,61,8830.0,0,22,267,13,289
83941,2.0,5.0,3.0,9.0,2.0,3.0,0.30000000000000004,0.4,20.0,62,8575.0,0,19,266,10,285
83941,2.0,5.0,3.0,9.0,2.0,3.0,0.30000000000000004,0.4,20.0,63,8485.0,0,19,260,10,279
83941,2.0,5.0,3.0,9.0,2.0,3.0,0.30000000000000004,0.4,20.0,64,8380.0,0,17,260,10,277
83941,2.0,5.0,3.0,9.0,2.0,3.0,0.30000000000000004,0.4,20.0,65,8455.0,0,17,261,10,278
83941,2.0,5.0,3.0,9.0,2.0,3.0,0.30000000000000004,0.4,20.0,66,8380.0,0,17,255,10,272
83941,2.0,5.0,3.0,9.0,2.0,3.0,0.30000000000000004,0.4,20.0,67,8080.0,0,14,258,10,272
83941,2.0,5.0,3.0,9.0,2.0,3.0,0.30000000000000004,0.4,20.0,68,7930.0,0,14,259,10,273
83941,2.0,5.0,3.0,9.0,2.0,3.0,0.30000000000000004,0.4,20.0,69,7857.5,0,15,253,8,268
83941,2.0,5.0,3.0,9.0,2.0,3.0,0.30000000000000004,0.4,20.0,70,7826.875,0,16,257,8,273
83941,2.0,5.0,3.0,9.0,2.0,3.0,0.30000000000000004,0.4,20.0,71,7728.59375,0,16,259,7,275
83941,2.0,5.0,3.0,9.0,2.0,3.0,0.30000000000000004,0.4,20.0,72,7605.7421875,0,15,258,6,273
83941,2.0,5.0,3.0,9.0,2.0,3.0,0.30000000000000004,0.4,20.0,73,7707.177734375,0,11,260,6,271
83941,2.0,5.0,3.0,9.0,2.0,3.0,0.30000000000000004,0.4,20.0,74,7743.97216796875,0,12,258,4,270
83941,2.0,5.0,3.0,9.0,2.0,3.0,0.30000000000000004,0.4,20.0,75,7789.9652099609375,0,11,263,4,274
83941,2.0,5.0,3.0,9.0,2.0,3.0,0.30000000000000004,0.4,20.0,76,7877.456512451172,0,12,274,2,286
83941,2.0,5.0,3.0,9.0,2.0,3.0,0.30000000000000004,0.4,20.0,77,8061.820640563965,0,10,283,2,293
83941,2.0,5.0,3.0,9.0,2.0,3.0,0.30000000000000004,0.4,20.0,78,8275.0,0,10,286,1,296
83941,2.0,5.0,3.0,9.0,2.0,3.0,0.30000000000000004,0.4,20.0,79,8320.0,0,8,288,0,296
83941,2.0,5.0,3.0,9.0,2.0,3.0,0.30000000000000004,0.4,20.0,80,8335.0,0,7,295,0,302
83941,2.0,5.0,3.0,9.0,2.0,3.0,0.30000000000000004,0.4,20.0,81,8470.0,0,6,297,0,303
83941,2.0,5.0,3.0,9.0,2.0,3.0,0.30000000000000004,0.4,20.0,82,8530.0,0,6,297,0,303
83941,2.0,5.0,3.0,9.0,2.0,3.0,0.30000000000000004,0.4,20.0,83,8605.0,0,6,296,0,302
83941,2.0,5.0,3.0,9.0,2.0,3.0,0.30000000000000004,0.4,20.0,84,8695.0,0,6,293,0,299
83941,2.0,5.0,3.0,9.0,2.0,3.0,0.30000000000000004,0.4,20.0,85,8695.0,0,6,294,0,300
83941,2.0,5.0,3.0,9.0,2.0,3.0,0.30000000000000004,0.4,20.0,86,8590.0,0,6,293,0,299
83941,2.0,5.0,3.0,9.0,2.0,3.0,0.30000000000000004,0.4,20.0,87,8455.0,0,5,283,0,288
83941,2.0,5.0,3.0,9.0,2.0,3.0,0.30000000000000004,0.4,20.0,88,8545.0,0,5,283,0,288
83941,2.0,5.0,3.0,9.0,2.0,3.0,0.30000000000000004,0.4,20.0,89,8470.0,0,5,275,0,280
83941,2.0,5.0,3.0,9.0,2.0,3.0,0.30000000000000004,0.4,20.0,90,8200.0,0,5,279,0,284
83941,2.0,5.0,3.0,9.0,2.0,3.0,0.30000000000000004,0.4,20.0,91,8200.0,0,4,276,0,280
83941,2.0,5.0,3.0,9.0,2.0,3.0,0.30000000000000004,0.4,20.0,92,7855.0,0,1,272,0,273
83941,2.0,5.0,3.0,9.0,2.0,3.0,0.30000000000000004,0.4,20.0,93,7613.75,0,1,276,0,277
83941,2.0,5.0,3.0,9.0,2.0,3.0,0.30000000000000004,0.4,20.0,94,7477.1875,0,1,277,0,278
83941,2.0,5.0,3.0,9.0,2.0,3.0,0.30000000000000004,0.4,20.0,95,7651.484375,0,1,278,0,279
83941,2.0,5.0,3.0,9.0,2.0,3.0,0.30000000000000004,0.4,20.0,96,8064.35546875,0,1,278,0,279
83941,2.0,5.0,3.0,9.0,2.0,3.0,0.30000000000000004,0.4,20.0,97,8035.0,0,0,271,0,271
83941,2.0,5.0,3.0,9.0,2.0,3.0,0.30000000000000004,0.4,20.0,98,8200.0,0,0,272,0,272
83941,2.0,5.0,3.0,9.0,2.0,3.0,0.30000000000000004,0.4,20.0,99,8035.0,0,0,272,0,272
83941,2.0,5.0,3.0,9.0,2.0,3.0,0.30000000000000004,0.4,20.0,100,7855.0,0,0,281,0,281
83941,2.0,5.0,3.0,9.0,2.0,3.0,0.30000000000000004,0.4,20.0,101,7883.75,0,0,290,0,290
83941,2.0,5.0,3.0,9.0,2.0,3.0,0.30000000000000004,0.4,20.0,102,8144.6875,0,0,288,0,288
83941,2.0,5.0,3.0,9.0,2.0,3.0,0.30000000000000004,0.4,20.0,103,8215.0,0,0,291,0,291
83941,2.0,5.0,3.0,9.0,2.0,3.0,0.30000000000000004,0.4,20.0,104,8200.0,0,0,297,0,297
83941,2.0,5.0,3.0,9.0,2.0,3.0,0.30000000000000004,0.4,20.0,105,8410.0,0,0,301,0,301
83941,2.0,5.0,3.0,9.0,2.0,3.0,0.30000000000000004,0.4,20.0,106,8515.0,0,0,301,0,301
83941,2.0,5.0,3.0,9.0,2.0,3.0,0.30000000000000004,0.4,20.0,107,8440.0,0,0,300,0,300
83941,2.0,5.0,3.0,9.0,2.0,3.0,0.30000000000000004,0.4,20.0,108,8530.0,0,0,299,0,299
83941,2.0,5.0,3.0,9.0,2.0,3.0,0.30000000000000004,0.4,20.0,109,8725.0,0,0,297,0,297
83941,2.0,5.0,3.0,9.0,2.0,3.0,0.30000000000000004,0.4,20.0,110,8590.0,0,0,296,0,296
83941,2.0,5.0,3.0,9.0,2.0,3.0,0.30000000000000004,0.4,20.0,111,8515.0,0,0,297,0,297
83941,2.0,5.0,3.0,9.0,2.0,3.0,0.30000000000000004,0.4,20.0,112,8395.0,0,0,291,0,291
83941,2.0,5.0,3.0,9.0,2.0,3.0,0.30000000000000004,0.4,20.0,113,8365.0,0,0,291,0,291
83941,2.0,5.0,3.0,9.0,2.0,3.0,0.30000000000000004,0.4,20.0,114,8230.0,0,0,284,0,284
83941,2.0,5.0,3.0,9.0,2.0,3.0,0.30000000000000004,0.4,20.0,115,8245.0,0,0,279,0,279
83941,2.0,5.0,3.0,9.0,2.0,3.0,0.30000000000000004,0.4,20.0,116,7915.0,0,0,281,0,281
83941,2.0,5.0,3.0,9.0,2.0,3.0,0.30000000000000004,0.4,20.0,117,8003.75,0,0,283,0,283
83941,2.0,5.0,3.0,9.0,2.0,3.0,0.30000000000000004,0.4,20.0,118,7945.0,0,0,284,0,284
83941,2.0,5.0,3.0,9.0,2.0,3.0,0.30000000000000004,0.4,20.0,119,7936.25,0,0,281,0,281
83941,2.0,5.0,3.0,9.0,2.0,3.0,0.30000000000000004,0.4,20.0,120,7745.3125,0,0,284,0,284
83941,2.0,5.0,3.0,9.0,2.0,3.0,0.30000000000000004,0.4,20.0,121,7896.640625,0,0,282,0,282
83941,2.0,5.0,3.0,9.0,2.0,3.0,0.30000000000000004,0.4,20.0,122,8145.80078125,0,0,278,0,278
83941,2.0,5.0,3.0,9.0,2.0,3.0,0.30000000000000004,0.4,20.0,123,8155.0,0,0,282,0,282
83941,2.0,5.0,3.0,9.0,2.0,3.0,0.30000000000000004,0.4,20.0,124,8095.0,0,0,287,0,287
83941,2.0,5.0,3.0,9.0,2.0,3.0,0.30000000000000004,0.4,20.0,125,8065.0,0,0,286,0,286
83941,2.0,5.0,3.0,9.0,2.0,3.0,0.30000000000000004,0.4,20.0,126,8125.0,0,0,287,0,287
83941,2.0,5.0,3.0,9.0,2.0,3.0,0.30000000000000004,0.4,20.0,127,8125.0,0,0,293,0,293
83941,2.0,5.0,3.0,9.0,2.0,3.0,0.30000000000000004,0.4,20.0,128,8245.0,0,0,298,0,298
83941,2.0,5.0,3.0,9.0,2.0,3.0,0.30000000000000004,0.4,20.0,129,8440.0,0,0,301,0,301
83941,2.0,5.0,3.0,9.0,2.0,3.0,0.30000000000000004,0.4,20.0,130,8455.0,0,0,304,0,304
83941,2.0,5.0,3.0,9.0,2.0,3.0,0.30000000000000004,0.4,20.0,131,8650.0,0,0,297,0,297
83941,2.0,5.0,3.0,9.0,2.0,3.0,0.30000000000000004,0.4,20.0,132,8560.0,0,0,298,0,298
83941,2.0,5.0,3.0,9.0,2.0,3.0,0.30000000000000004,0.4,20.0,133,8545.0,0,0,298,0,298
83941,2.0,5.0,3.0,9.0,2.0,3.0,0.30000000000000004,0.4,20.0,134,8500.0,0,0,303,0,303
83941,2.0,5.0,3.0,9.0,2.0,3.0,0.30000000000000004,0.4,20.0,135,8560.0,0,0,301,0,301
83941,2.0,5.0,3.0,9.0,2.0,3.0,0.30000000000000004,0.4,20.0,136,8560.0,0,0,297,0,297
83941,2.0,5.0,3.0,9.0,2.0,3.0,0.30000000000000004,0.4,20.0,137,8410.0,0,0,294,0,294
83941,2.0,5.0,3.0,9.0,2.0,3.0,0.30000000000000004,0.4,20.0,138,8245.0,0,0,291,0,291
83941,2.0,5.0,3.0,9.0,2.0,3.0,0.30000000000000004,0.4,20.0,139,8320.0,0,0,283,0,283
83941,2.0,5.0,3.0,9.0,2.0,3.0,0.30000000000000004,0.4,20.0,140,8170.0,0,0,279,0,279
83941,2.0,5.0,3.0,9.0,2.0,3.0,0.30000000000000004,0.4,20.0,141,7900.0,0,0,281,0,281
83941,2.0,5.0,3.0,9.0,2.0,3.0,0.30000000000000004,0.4,20.0,142,7790.0,0,0,280,0,280
83941,2.0,5.0,3.0,9.0,2.0,3.0,0.30000000000000004,0.4,20.0,143,7817.5,0,0,282,0,282
83941,2.0,5.0,3.0,9.0,2.0,3.0,0.30000000000000004,0.4,20.0,144,7776.875,0,0,282,0,282
83941,2.0,5.0,3.0,9.0,2.0,3.0,0.30000000000000004,0.4,20.0,145,7801.09375,0,0,283,0,283
83941,2.0,5.0,3.0,9.0,2.0,3.0,0.30000000000000004,0.4,20.0,146,7906.3671875,0,0,284,0,284
83941,2.0,5.0,3.0,9.0,2.0,3.0,0.30000000000000004,0.4,20.0,147,8067.958984375,0,0,289,0,289
83941,2.0,5.0,3.0,9.0,2.0,3.0,0.30000000000000004,0.4,20.0,148,8140.0,0,0,288,0,288
83941,2.0,5.0,3.0,9.0,2.0,3.0,0.30000000000000004,0.4,20.0,149,8125.0,0,0,288,0,288
83941,2.0,5.0,3.0,9.0,2.0,3.0,0.30000000000000004,0.4,20.0,150,8095.0,0,0,300,0,300
83941,2.0,5.0,3.0,9.0,2.0,3.0,0.30000000000000004,0.4,20.0,151,8335.0,0,0,294,0,294
83941,2.0,5.0,3.0,9.0,2.0,3.0,0.30000000000000004,0.4,20.0,152,8350.0,0,0,296,0,296
83941,2.0,5.0,3.0,9.0,2.0,3.0,0.30000000000000004,0.4,20.0,153,8410.0,0,0,302,0,302
83941,2.0,5.0,3.0,9.0,2.0,3.0,0.30000000000000004,0.4,20.0,154,8590.0,0,0,304,0,304
83941,2.0,5.0,3.0,9.0,2.0,3.0,0.30000000000000004,0.4,20.0,155,8635.0,0,0,306,0,306
83941,2.0,5.0,3.0,9.0,2.0,3.0,0.30000000000000004,0.4,20.0,156,8710.0,0,0,302,0,302
83941,2.0,5.0,3.0,9.0,2.0,3.0,0.30000000000000004,0.4,20.0,157,8680.0,0,0,298,0,298
83941,2.0,5.0,3.0,9.0,2.0,3.0,0.30000000000000004,0.4,20.0,158,8605.0,0,0,301,0,301
83941,2.0,5.0,3.0,9.0,2.0,3.0,0.30000000000000004,0.4,20.0,159,8590.0,0,0,296,0,296
83941,2.0,5.0,3.0,9.0,2.0,3.0,0.30000000000000004,0.4,20.0,160,8635.0,0,0,285,0,285
83941,2.0,5.0,3.0,9.0,2.0,3.0,0.30000000000000004,0.4,20.0,161,8290.0,0,0,281,0,281
83941,2.0,5.0,3.0,9.0,2.0,3.0,0.30000000000000004,0.4,20.0,162,8215.0,0,0,285,0,285
83941,2.0,5.0,3.0,9.0,2.0,3.0,0.30000000000000004,0.4,20.0,163,8110.0,0,0,284,0,284
83941,2.0,5.0,3.0,9.0,2.0,3.0,0.30000000000000004,0.4,20.0,164,7975.0,0,0,284,0,284
83941,2.0,5.0,3.0,9.0,2.0,3.0,0.30000000000000004,0.4,20.0,165,7943.75,0,0,283,0,283
83941,2.0,5.0,3.0,9.0,2.0,3.0,0.30000000000000004,0.4,20.0,166,7769.6875,0,0,285,0,285
83941,2.0,5.0,3.0,9.0,2.0,3.0,0.30000000000000004,0.4,20.0,167,7957.109375,0,0,285,0,285
83941,2.0,5.0,3.0,9.0,2.0,3.0,0.30000000000000004,0.4,20.0,168,8011.38671875,0,0,279,0,279
83941,2.0,5.0,3.0,9.0,2.0,3.0,0.30000000000000004,0.4,20.0,169,8050.0,0,0,283,0,283
83941,2.0,5.0,3.0,9.0,2.0,3.0,0.30000000000000004,0.4,20.0,170,7990.0,0,0,286,0,286
83941,2.0,5.0,3.0,9.0,2.0,3.0,0.30000000000000004,0.4,20.0,171,8142.5,0,0,294,0,294
83941,2.0,5.0,3.0,9.0,2.0,3.0,0.30000000000000004,0.4,20.0,172,8305.0,0,0,292,0,292
83941,2.0,5.0,3.0,9.0,2.0,3.0,0.30000000000000004,0.4,20.0,173,8230.0,0,0,298,0,298
83941,2.0,5.0,3.0,9.0,2.0,3.0,0.30000000000000004,0.4,20.0,174,8380.0,0,0,292,0,292
83941,2.0,5.0,3.0,9.0,2.0,3.0,0.30000000000000004,0.4,20.0,175,8305.0,0,0,291,0,291
83941,2.0,5.0,3.0,9.0,2.0,3.0,0.30000000000000004,0.4,20.0,176,8290.0,0,0,294,0,294
83941,2.0,5.0,3.0,9.0,2.0,3.0,0.30000000000000004,0.4,20.0,177,8320.0,0,0,297,0,297
83941,2.0,5.0,3.0,9.0,2.0,3.0,0.30000000000000004,0.4,20.0,178,8425.0,0,0,304,0,304
83941,2.0,5.0,3.0,9.0,2.0,3.0,0.30000000000000004,0.4,20.0,179,8485.0,0,0,303,0,303
83941,2.0,5.0,3.0,9.0,2.0,3.0,0.30000000000000004,0.4,20.0,180,8455.0,0,0,300,0,300
83941,2.0,5.0,3.0,9.0,2.0,3.0,0.30000000000000004,0.4,20.0,181,8515.0,0,0,300,0,300
83941,2.0,5.0,3.0,9.0,2.0,3.0,0.30000000000000004,0.4,20.0,182,8545.0,0,0,296,0,296
83941,2.0,5.0,3.0,9.0,2.0,3.0,0.30000000000000004,0.4,20.0,183,8515.0,0,0,294,0,294
83941,2.0,5.0,3.0,9.0,2.0,3.0,0.30000000000000004,0.4,20.0,184,8350.0,0,0,289,0,289
83941,2.0,5.0,3.0,9.0,2.0,3.0,0.30000000000000004,0.4,20.0,185,8305.0,0,0,285,0,285
83941,2.0,5.0,3.0,9.0,2.0,3.0,0.30000000000000004,0.4,20.0,186,8155.0,0,0,282,0,282
83941,2.0,5.0,3.0,9.0,2.0,3.0,0.30000000000000004,0.4,20.0,187,8035.0,0,0,281,0,281
83941,2.0,5.0,3.0,9.0,2.0,3.0,0.30000000000000004,0.4,20.0,188,7765.0,0,0,284,0,284
83941,2.0,5.0,3.0,9.0,2.0,3.0,0.30000000000000004,0.4,20.0,189,7711.25,0,0,288,0,288
83941,2.0,5.0,3.0,9.0,2.0,3.0,0.30000000000000004,0.4,20.0,190,8034.0625,0,0,290,0,290
83941,2.0,5.0,3.0,9.0,2.0,3.0,0.30000000000000004,0.4,20.0,191,8200.0,0,0,292,0,292
83941,2.0,5.0,3.0,9.0,2.0,3.0,0.30000000000000004,0.4,20.0,192,8365.0,0,0,294,0,294
83941,2.0,5.0,3.0,9.0,2.0,3.0,0.30000000000000004,0.4,20.0,193,8290.0,0,0,292,0,292
83941,2.0,5.0,3.0,9.0,2.0,3.0,0.30000000000000004,0.4,20.0,194,8290.0,0,0,290,0,290
83941,2.0,5.0,3.0,9.0,2.0,3.0,0.30000000000000004,0.4,20.0,195,8215.0,0,0,293,0,293
83941,2.0,5.0,3.0,9.0,2.0,3.0,0.30000000000000004,0.4,20.0,196,8380.0,0,0,296,0,296
83941,2.0,5.0,3.0,9.0,2.0,3.0,0.30000000000000004,0.4,20.0,197,8305.0,0,0,294,0,294
83941,2.0,5.0,3.0,9.0,2.0,3.0,0.30000000000000004,0.4,20.0,198,8215.0,0,0,296,0,296
83941,2.0,5.0,3.0,9.0,2.0,3.0,0.30000000000000004,0.4,20.0,199,8290.0,0,0,291,0,291
83941,2.0,5.0,3.0,9.0,2.0,3.0,0.30000000000000004,0.4,20.0,200,8245.0,0,0,292,0,292
83941,2.0,5.0,3.0,9.0,2.0,3.0,0.30000000000000004,0.4,20.0,201,8170.0,0,0,291,0,291
83941,2.0,5.0,3.0,9.0,2.0,3.0,0.30000000000000004,0.4,20.0,202,8290.0,0,0,299,0,299
83941,2.0,5.0,3.0,9.0,2.0,3.0,0.30000000000000004,0.4,20.0,203,8260.0,0,0,298,0,298
83941,2.0,5.0,3.0,9.0,2.0,3.0,0.30000000000000004,0.4,20.0,204,8365.0,0,0,293,0,293
83941,2.0,5.0,3.0,9.0,2.0,3.0,0.30000000000000004,0.4,20.0,205,8395.0,0,0,296,0,296
83941,2.0,5.0,3.0,9.0,2.0,3.0,0.30000000000000004,0.4,20.0,206,8440.0,0,0,297,0,297
83941,2.0,5.0,3.0,9.0,2.0,3.0,0.30000000000000004,0.4,20.0,207,8350.0,0,0,296,0,296
83941,2.0,5.0,3.0,9.0,2.0,3.0,0.30000000000000004,0.4,20.0,208,8365.0,0,0,289,0,289
83941,2.0,5.0,3.0,9.0,2.0,3.0,0.30000000000000004,0.4,20.0,209,8215.0,0,0,288,0,288
83941,2.0,5.0,3.0,9.0,2.0,3.0,0.30000000000000004,0.4,20.0,210,8260.0,0,0,288,0,288
83941,2.0,5.0,3.0,9.0,2.0,3.0,0.30000000000000004,0.4,20.0,211,8140.0,0,0,289,0,289
83941,2.0,5.0,3.0,9.0,2.0,3.0,0.30000000000000004,0.4,20.0,212,8185.0,0,0,296,0,296
83941,2.0,5.0,3.0,9.0,2.0,3.0,0.30000000000000004,0.4,20.0,213,8305.0,0,0,292,0,292
83941,2.0,5.0,3.0,9.0,2.0,3.0,0.30000000000000004,0.4,20.0,214,8140.0,0,0,294,0,294
83941,2.0,5.0,3.0,9.0,2.0,3.0,0.30000000000000004,0.4,20.0,215,8290.0,0,0,296,0,296
83941,2.0,5.0,3.0,9.0,2.0,3.0,0.30000000000000004,0.4,20.0,216,8395.0,0,0,295,0,295
83941,2.0,5.0,3.0,9.0,2.0,3.0,0.30000000000000004,0.4,20.0,217,8335.0,0,0,296,0,296
83941,2.0,5.0,3.0,9.0,2.0,3.0,0.30000000000000004,0.4,20.0,218,8320.0,0,0,291,0,291
83941,2.0,5.0,3.0,9.0,2.0,3.0,0.30000000000000004,0.4,20.0,219,8275.0,0,0,286,0,286
83941,2.0,5.0,3.0,9.0,2.0,3.0,0.30000000000000004,0.4,20.0,220,8410.0,0,0,294,0,294
83941,2.0,5.0,3.0,9.0,2.0,3.0,0.30000000000000004,0.4,20.0,221,8275.0,0,0,290,0,290
83941,2.0,5.0,3.0,9.0,2.0,3.0,0.30000000000000004,0.4,20.0,222,8215.0,0,0,289,0,289
83941,2.0,5.0,3.0,9.0,2.0,3.0,0.30000000000000004,0.4,20.0,223,8110.0,0,0,291,0,291
83941,2.0,5.0,3.0,9.0,2.0,3.0,0.30000000000000004,0.4,20.0,224,8215.0,0,0,295,0,295
83941,2.0,5.0,3.0,9.0,2.0,3.0,0.30000000000000004,0.4,20.0,225,8275.0,0,0,293,0,293
83941,2.0,5.0,3.0,9.0,2.0,3.0,0.30000000000000004,0.4,20.0,226,8335.0,0,0,295,0,295
83941,2.0,5.0,3.0,9.0,2.0,3.0,0.30000000000000004,0.4,20.0,227,8395.0,0,0,293,0,293
83941,2.0,5.0,3.0,9.0,2.0,3.0,0.30000000000000004,0.4,20.0,228,8275.0,0,0,292,0,292
83941,2.0,5.0,3.0,9.0,2.0,3.0,0.30000000000000004,0.4,20.0,229,8320.0,0,0,284,0,284
83941,2.0,5.0,3.0,9.0,2.0,3.0,0.30000000000000004,0.4,20.0,230,8245.0,0,0,278,0,278
83941,2.0,5.0,3.0,9.0,2.0,3.0,0.30000000000000004,0.4,20.0,231,7990.0,0,0,286,0,286
83941,2.0,5.0,3.0,9.0,2.0,3.0,0.30000000000000004,0.4,20.0,232,8082.5,0,0,293,0,293
83941,2.0,5.0,3.0,9.0,2.0,3.0,0.30000000000000004,0.4,20.0,233,8260.0,0,0,296,0,296
83941,2.0,5.0,3.0,9.0,2.0,3.0,0.30000000000000004,0.4,20.0,234,8320.0,0,0,299,0,299
83941,2.0,5.0,3.0,9.0,2.0,3.0,0.30000000000000004,0.4,20.0,235,8410.0,0,0,295,0,295
83941,2.0,5.0,3.0,9.0,2.0,3.0,0.30000000000000004,0.4,20.0,236,8395.0,0,0,295,0,295
83941,2.0,5.0,3.0,9.0,2.0,3.0,0.30000000000000004,0.4,20.0,237,8365.0,0,0,294,0,294
83941,2.0,5.0,3.0,9.0,2.0,3.0,0.30000000000000004,0.4,20.0,238,8215.0,0,0,291,0,291
83941,2.0,5.0,3.0,9.0,2.0,3.0,0.30000000000000004,0.4,20.0,239,8335.0,0,0,290,0,290
83941,2.0,5.0,3.0,9.0,2.0,3.0,0.30000000000000004,0.4,20.0,240,8365.0,0,0,284,0,284
83941,2.0,5.0,3.0,9.0,2.0,3.0,0.30000000000000004,0.4,20.0,241,8275.0,0,0,288,0,288
83941,2.0,5.0,3.0,9.0,2.0,3.0,0.30000000000000004,0.4,20.0,242,8230.0,0,0,294,0,294
83941,2.0,5.0,3.0,9.0,2.0,3.0,0.30000000000000004,0.4,20.0,243,8365.0,0,0,291,0,291
83941,2.0,5.0,3.0,9.0,2.0,3.0,0.30000000000000004,0.4,20.0,244,8215.0,0,0,289,0,289
83941,2.0,5.0,3.0,9.0,2.0,3.0,0.30000000000000004,0.4,20.0,245,8095.0,0,0,289,0,289
83941,2.0,5.0,3.0,9.0,2.0,3.0,0.30000000000000004,0.4,20.0,246,8200.0,0,0,294,0,294
83941,2.0,5.0,3.0,9.0,2.0,3.0,0.30000000000000004,0.4,20.0,247,8215.0,0,0,293,0,293
83941,2.0,5.0,3.0,9.0,2.0,3.0,0.30000000000000004,0.4,20.0,248,8320.0,0,0,290,0,290
83941,2.0,5.0,3.0,9.0,2.0,3.0,0.30000000000000004,0.4,20.0,249,8260.0,0,0,294,0,294
83941,2.0,5.0,3.0,9.0,2.0,3.0,0.30000000000000004,0.4,20.0,250,8185.0,0,0,288,0,288
83941,2.0,5.0,3.0,9.0,2.0,3.0,0.30000000000000004,0.4,20.0,251,8170.0,0,0,293,0,293
83941,2.0,5.0,3.0,9.0,2.0,3.0,0.30000000000000004,0.4,20.0,252,8230.0,0,0,292,0,292
83941,2.0,5.0,3.0,9.0,2.0,3.0,0.30000000000000004,0.4,20.0,253,8125.0,0,0,284,0,284
83941,2.0,5.0,3.0,9.0,2.0,3.0,0.30000000000000004,0.4,20.0,254,8065.0,0,0,286,0,286
83941,2.0,5.0,3.0,9.0,2.0,3.0,0.30000000000000004,0.4,20.0,255,8050.0,0,0,294,0,294
83941,2.0,5.0,3.0,9.0,2.0,3.0,0.30000000000000004,0.4,20.0,256,8200.0,0,0,292,0,292
83941,2.0,5.0,3.0,9.0,2.0,3.0,0.30000000000000004,0.4,20.0,257,8320.0,0,0,296,0,296
83941,2.0,5.0,3.0,9.0,2.0,3.0,0.30000000000000004,0.4,20.0,258,8305.0,0,0,295,0,295
83941,2.0,5.0,3.0,9.0,2.0,3.0,0.30000000000000004,0.4,20.0,259,8275.0,0,0,299,0,299
83941,2.0,5.0,3.0,9.0,2.0,3.0,0.30000000000000004,0.4,20.0,260,8455.0,0,0,297,0,297
83941,2.0,5.0,3.0,9.0,2.0,3.0,0.30000000000000004,0.4,20.0,261,8350.0,0,0,300,0,300
83941,2.0,5.0,3.0,9.0,2.0,3.0,0.30000000000000004,0.4,20.0,262,8515.0,0,0,301,0,301
83941,2.0,5.0,3.0,9.0,2.0,3.0,0.30000000000000004,0.4,20.0,263,8425.0,0,0,295,0,295
83941,2.0,5.0,3.0,9.0,2.0,3.0,0.30000000000000004,0.4,20.0,264,8380.0,0,0,296,0,296
83941,2.0,5.0,3.0,9.0,2.0,3.0,0.30000000000000004,0.4,20.0,265,8380.0,0,0,290,0,290
83941,2.0,5.0,3.0,9.0,2.0,3.0,0.30000000000000004,0.4,20.0,266,8140.0,0,0,285,0,285
83941,2.0,5.0,3.0,9.0,2.0,3.0,0.30000000000000004,0.4,20.0,267,8215.0,0,0,287,0,287
83941,2.0,5.0,3.0,9.0,2.0,3.0,0.30000000000000004,0.4,20.0,268,8065.0,0,0,294,0,294
83941,2.0,5.0,3.0,9.0,2.0,3.0,0.30000000000000004,0.4,20.0,269,8230.0,0,0,293,0,293
83941,2.0,5.0,3.0,9.0,2.0,3.0,0.30000000000000004,0.4,20.0,270,8275.0,0,0,297,0,297
83941,2.0,5.0,3.0,9.0,2.0,3.0,0.30000000000000004,0.4,20.0,271,8470.0,0,0,295,0,295
83941,2.0,5.0,3.0,9.0,2.0,3.0,0.30000000000000004,0.4,20.0,272,8275.0,0,0,286,0,286
83941,2.0,5.0,3.0,9.0,2.0,3.0,0.30000000000000004,0.4,20.0,273,8185.0,0,0,287,0,287
83941,2.0,5.0,3.0,9.0,2.0,3.0,0.30000000000000004,0.4,20.0,274,8065.0,0,0,292,0,292
83941,2.0,5.0,3.0,9.0,2.0,3.0,0.30000000000000004,0.4,20.0,275,8200.0,0,0,289,0,289
83941,2.0,5.0,3.0,9.0,2.0,3.0,0.30000000000000004,0.4,20.0,276,8170.0,0,0,289,0,289
83941,2.0,5.0,3.0,9.0,2.0,3.0,0.30000000000000004,0.4,20.0,277,8170.0,0,0,290,0,290
83941,2.0,5.0,3.0,9.0,2.0,3.0,0.30000000000000004,0.4,20.0,278,8110.0,0,0,292,0,292
83941,2.0,5.0,3.0,9.0,2.0,3.0,0.30000000000000004,0.4,20.0,279,8185.0,0,0,296,0,296
83941,2.0,5.0,3.0,9.0,2.0,3.0,0.30000000000000004,0.4,20.0,280,8185.0,0,0,292,0,292
83941,2.0,5.0,3.0,9.0,2.0,3.0,0.30000000000000004,0.4,20.0,281,8260.0,0,0,287,0,287
83941,2.0,5.0,3.0,9.0,2.0,3.0,0.30000000000000004,0.4,20.0,282,8290.0,0,0,294,0,294
83941,2.0,5.0,3.0,9.0,2.0,3.0,0.30000000000000004,0.4,20.0,283,8440.0,0,0,297,0,297
83941,2.0,5.0,3.0,9.0,2.0,3.0,0.30000000000000004,0.4,20.0,284,8275.0,0,0,298,0,298
83941,2.0,5.0,3.0,9.0,2.0,3.0,0.30000000000000004,0.4,20.0,285,8545.0,0,0,301,0,301
83941,2.0,5.0,3.0,9.0,2.0,3.0,0.30000000000000004,0.4,20.0,286,8560.0,0,0,297,0,297
83941,2.0,5.0,3.0,9.0,2.0,3.0,0.30000000000000004,0.4,20.0,287,8485.0,0,0,292,0,292
83941,2.0,5.0,3.0,9.0,2.0,3.0,0.30000000000000004,0.4,20.0,288,8350.0,0,0,294,0,294
83941,2.0,5.0,3.0,9.0,2.0,3.0,0.30000000000000004,0.4,20.0,289,8290.0,0,0,290,0,290
83941,2.0,5.0,3.0,9.0,2.0,3.0,0.30000000000000004,0.4,20.0,290,8065.0,0,0,289,0,289
83941,2.0,5.0,3.0,9.0,2.0,3.0,0.30000000000000004,0.4,20.0,291,8125.0,0,0,285,0,285
83941,2.0,5.0,3.0,9.0,2.0,3.0,0.30000000000000004,0.4,20.0,292,7990.0,0,0,282,0,282
83941,2.0,5.0,3.0,9.0,2.0,3.0,0.30000000000000004,0.4,20.0,293,7917.5,0,0,291,0,291
83941,2.0,5.0,3.0,9.0,2.0,3.0,0.30000000000000004,0.4,20.0,294,7946.875,0,0,290,0,290
83941,2.0,5.0,3.0,9.0,2.0,3.0,0.30000000000000004,0.4,20.0,295,8178.59375,0,0,293,0,293
83941,2.0,5.0,3.0,9.0,2.0,3.0,0.30000000000000004,0.4,20.0,296,8155.0,0,0,292,0,292
83941,2.0,5.0,3.0,9.0,2.0,3.0,0.30000000000000004,0.4,20.0,297,8245.0,0,0,294,0,294
83941,2.0,5.0,3.0,9.0,2.0,3.0,0.30000000000000004,0.4,20.0,298,8410.0,0,0,295,0,295
83941,2.0,5.0,3.0,9.0,2.0,3.0,0.30000000000000004,0.4,20.0,299,8410.0,0,0,294,0,294
83941,2.0,5.0,3.0,9.0,2.0,3.0,0.30000000000000004,0.4,20.0,300,8320.0,0,0,287,0,287
83941,2.0,5.0,3.0,9.0,2.0,3.0,0.30000000000000004,0.4,20.0,301,8320.0,0,0,292,0,292
83941,2.0,5.0,3.0,9.0,2.0,3.0,0.30000000000000004,0.4,20.0,302,8185.0,0,0,294,0,294
83941,2.0,5.0,3.0,9.0,2.0,3.0,0.30000000000000004,0.4,20.0,303,8275.0,0,0,294,0,294
83941,2.0,5.0,3.0,9.0,2.0,3.0,0.30000000000000004,0.4,20.0,304,8245.0,0,0,291,0,291
83941,2.0,5.0,3.0,9.0,2.0,3.0,0.30000000000000004,0.4,20.0,305,8170.0,0,0,293,0,293
83941,2.0,5.0,3.0,9.0,2.0,3.0,0.30000000000000004,0.4,20.0,306,8335.0,0,0,292,0,292
83941,2.0,5.0,3.0,9.0,2.0,3.0,0.30000000000000004,0.4,20.0,307,8245.0,0,0,292,0,292
83941,2.0,5.0,3.0,9.0,2.0,3.0,0.30000000000000004,0.4,20.0,308,8335.0,0,0,295,0,295
83941,2.0,5.0,3.0,9.0,2.0,3.0,0.30000000000000004,0.4,20.0,309,8440.0,0,0,295,0,295
83941,2.0,5.0,3.0,9.0,2.0,3.0,0.30000000000000004,0.4,20.0,310,8380.0,0,0,293,0,293
83941,2.0,5.0,3.0,9.0,2.0,3.0,0.30000000000000004,0.4,20.0,311,8395.0,0,0,289,0,289
83941,2.0,5.0,3.0,9.0,2.0,3.0,0.30000000000000004,0.4,20.0,312,8335.0,0,0,287,0,287
83941,2.0,5.0,3.0,9.0,2.0,3.0,0.30000000000000004,0.4,20.0,313,8185.0,0,0,289,0,289
83941,2.0,5.0,3.0,9.0,2.0,3.0,0.30000000000000004,0.4,20.0,314,8110.0,0,0,290,0,290
83941,2.0,5.0,3.0,9.0,2.0,3.0,0.30000000000000004,0.4,20.0,315,8140.0,0,0,295,0,295
83941,2.0,5.0,3.0,9.0,2.0,3.0,0.30000000000000004,0.4,20.0,316,8125.0,0,0,287,0,287
83941,2.0,5.0,3.0,9.0,2.0,3.0,0.30000000000000004,0.4,20.0,317,8260.0,0,0,289,0,289
83941,2.0,5.0,3.0,9.0,2.0,3.0,0.30000000000000004,0.4,20.0,318,8065.0,0,0,289,0,289
83941,2.0,5.0,3.0,9.0,2.0,3.0,0.30000000000000004,0.4,20.0,319,8200.0,0,0,289,0,289
83941,2.0,5.0,3.0,9.0,2.0,3.0,0.30000000000000004,0.4,20.0,320,8065.0,0,0,284,0,284
83941,2.0,5.0,3.0,9.0,2.0,3.0,0.30000000000000004,0.4,20.0,321,8110.0,0,0,293,0,293
83941,2.0,5.0,3.0,9.0,2.0,3.0,0.30000000000000004,0.4,20.0,322,8125.0,0,0,290,0,290
83941,2.0,5.0,3.0,9.0,2.0,3.0,0.30000000000000004,0.4,20.0,323,8185.0,0,0,292,0,292
83941,2.0,5.0,3.0,9.0,2.0,3.0,0.30000000000000004,0.4,20.0,324,8230.0,0,0,294,0,294
83941,2.0,5.0,3.0,9.0,2.0,3.0,0.30000000000000004,0.4,20.0,325,8290.0,0,0,301,0,301
83941,2.0,5.0,3.0,9.0,2.0,3.0,0.30000000000000004,0.4,20.0,326,8455.0,0,0,301,0,301
83941,2.0,5.0,3.0,9.0,2.0,3.0,0.30000000000000004,0.4,20.0,327,8500.0,0,0,295,0,295
83941,2.0,5.0,3.0,9.0,2.0,3.0,0.30000000000000004,0.4,20.0,328,8500.0,0,0,292,0,292
83941,2.0,5.0,3.0,9.0,2.0,3.0,0.30000000000000004,0.4,20.0,329,8275.0,0,0,293,0,293
83941,2.0,5.0,3.0,9.0,2.0,3.0,0.30000000000000004,0.4,20.0,330,8365.0,0,0,290,0,290
83941,2.0,5.0,3.0,9.0,2.0,3.0,0.30000000000000004,0.4,20.0,331,8305.0,0,0,291,0,291
83941,2.0,5.0,3.0,9.0,2.0,3.0,0.30000000000000004,0.4,20.0,332,8230.0,0,0,295,0,295
83941,2.0,5.0,3.0,9.0,2.0,3.0,0.30000000000000004,0.4,20.0,333,8425.0,0,0,296,0,296
83941,2.0,5.0,3.0,9.0,2.0,3.0,0.30000000000000004,0.4,20.0,334,8290.0,0,0,291,0,291
83941,2.0,5.0,3.0,9.0,2.0,3.0,0.30000000000000004,0.4,20.0,335,8215.0,0,0,292,0,292
83941,2.0,5.0,3.0,9.0,2.0,3.0,0.30000000000000004,0.4,20.0,336,8185.0,0,0,286,0,286
83941,2.0,5.0,3.0,9.0,2.0,3.0,0.30000000000000004,0.4,20.0,337,8095.0,0,0,285,0,285
83941,2.0,5.0,3.0,9.0,2.0,3.0,0.30000000000000004,0.4,20.0,338,8110.0,0,0,283,0,283
83941,2.0,5.0,3.0,9.0,2.0,3.0,0.30000000000000004,0.4,20.0,339,7990.0,0,0,287,0,287
83941,2.0,5.0,3.0,9.0,2.0,3.0,0.30000000000000004,0.4,20.0,340,7962.5,0,0,291,0,291
83941,2.0,5.0,3.0,9.0,2.0,3.0,0.30000000000000004,0.4,20.0,341,8108.125,0,0,295,0,295
83941,2.0,5.0,3.0,9.0,2.0,3.0,0.30000000000000004,0.4,20.0,342,8245.0,0,0,293,0,293
83941,2.0,5.0,3.0,9.0,2.0,3.0,0.30000000000000004,0.4,20.0,343,8215.0,0,0,290,0,290
83941,2.0,5.0,3.0,9.0,2.0,3.0,0.30000000000000004,0.4,20.0,344,8170.0,0,0,290,0,290
83941,2.0,5.0,3.0,9.0,2.0,3.0,0.30000000000000004,0.4,20.0,345,8215.0,0,0,291,0,291
83941,2.0,5.0,3.0,9.0,2.0,3.0,0.30000000000000004,0.4,20.0,346,8260.0,0,0,293,0,293
83941,2.0,5.0,3.0,9.0,2.0,3.0,0.30000000000000004,0.4,20.0,347,8275.0,0,0,288,0,288
83941,2.0,5.0,3.0,9.0,2.0,3.0,0.30000000000000004,0.4,20.0,348,8245.0,0,0,297,0,297
83941,2.0,5.0,3.0,9.0,2.0,3.0,0.30000000000000004,0.4,20.0,349,8575.0,0,0,299,0,299
83941,2.0,5.0,3.0,9.0,2.0,3.0,0.30000000000000004,0.4,20.0,350,8455.0,0,0,297,0,297
83941,2.0,5.0,3.0,9.0,2.0,3.0,0.30000000000000004,0.4,20.0,351,8530.0,0,0,300,0,300
83941,2.0,5.0,3.0,9.0,2.0,3.0,0.30000000000000004,0.4,20.0,352,8545.0,0,0,298,0,298
83941,2.0,5.0,3.0,9.0,2.0,3.0,0.30000000000000004,0.4,20.0,353,8425.0,0,0,293,0,293
83941,2.0,5.0,3.0,9.0,2.0,3.0,0.30000000000000004,0.4,20.0,354,8590.0,0,0,285,0,285
83941,2.0,5.0,3.0,9.0,2.0,3.0,0.30000000000000004,0.4,20.0,355,8440.0,0,0,275,0,275
83941,2.0,5.0,3.0,9.0,2.0,3.0,0.30000000000000004,0.4,20.0,356,8275.0,0,0,280,0,280
83941,2.0,5.0,3.0,9.0,2.0,3.0,0.30000000000000004,0.4,20.0,357,8080.0,0,0,285,0,285
83941,2.0,5.0,3.0,9.0,2.0,3.0,0.30000000000000004,0.4,20.0,358,7960.0,0,0,286,0,286
83941,2.0,5.0,3.0,9.0,2.0,3.0,0.30000000000000004,0.4,20.0,359,7850.0,0,0,288,0,288
83941,2.0,5.0,3.0,9.0,2.0,3.0,0.30000000000000004,0.4,20.0,360,7997.5,0,0,289,0,289
83941,2.0,5.0,3.0,9.0,2.0,3.0,0.30000000000000004,0.4,20.0,361,8106.875,0,0,279,0,279
83941,2.0,5.0,3.0,9.0,2.0,3.0,0.30000000000000004,0.4,20.0,362,8005.0,0,0,281,0,281
83941,2.0,5.0,3.0,9.0,2.0,3.0,0.30000000000000004,0.4,20.0,363,7960.0,0,0,286,0,286
83941,2.0,5.0,3.0,9.0,2.0,3.0,0.30000000000000004,0.4,20.0,364,8060.0,0,0,290,0,290
83941,2.0,5.0,3.0,9.0,2.0,3.0,0.30000000000000004,0.4,20.0,365,8065.0,0,0,291,0,291
83941,2.0,5.0,3.0,9.0,2.0,3.0,0.30000000000000004,0.4,20.0,366,8140.0,0,0,292,0,292
83941,2.0,5.0,3.0,9.0,2.0,3.0,0.30000000000000004,0.4,20.0,367,8260.0,0,0,299,0,299
83941,2.0,5.0,3.0,9.0,2.0,3.0,0.30000000000000004,0.4,20.0,368,8410.0,0,0,297,0,297
83941,2.0,5.0,3.0,9.0,2.0,3.0,0.30000000000000004,0.4,20.0,369,8335.0,0,0,301,0,301
83941,2.0,5.0,3.0,9.0,2.0,3.0,0.30000000000000004,0.4,20.0,370,8530.0,0,0,300,0,300
83941,2.0,5.0,3.0,9.0,2.0,3.0,0.30000000000000004,0.4,20.0,371,8470.0,0,0,303,0,303
83941,2.0,5.0,3.0,9.0,2.0,3.0,0.30000000000000004,0.4,20.0,372,8575.0,0,0,299,0,299
83941,2.0,5.0,3.0,9.0,2.0,3.0,0.30000000000000004,0.4,20.0,373,8710.0,0,0,299,0,299
83941,2.0,5.0,3.0,9.0,2.0,3.0,0.30000000000000004,0.4,20.0,374,8620.0,0,0,294,0,294
83941,2.0,5.0,3.0,9.0,2.0,3.0,0.30000000000000004,0.4,20.0,375,8545.0,0,0,296,0,296
83941,2.0,5.0,3.0,9.0,2.0,3.0,0.30000000000000004,0.4,20.0,376,8425.0,0,0,295,0,295
83941,2.0,5.0,3.0,9.0,2.0,3.0,0.30000000000000004,0.4,20.0,377,8605.0,0,0,284,0,284
83941,2.0,5.0,3.0,9.0,2.0,3.0,0.30000000000000004,0.4,20.0,378,8290.0,0,0,280,0,280
83941,2.0,5.0,3.0,9.0,2.0,3.0,0.30000000000000004,0.4,20.0,379,8140.0,0,0,285,0,285
83941,2.0,5.0,3.0,9.0,2.0,3.0,0.30000000000000004,0.4,20.0,380,8005.0,0,0,283,0,283
83941,2.0,5.0,3.0,9.0,2.0,3.0,0.30000000000000004,0.4,20.0,381,7810.0,0,0,281,0,281
83941,2.0,5.0,3.0,9.0,2.0,3.0,0.30000000000000004,0.4,20.0,382,7812.5,0,0,279,0,279
83941,2.0,5.0,3.0,9.0,2.0,3.0,0.30000000000000004,0.4,20.0,383,7755.625,0,0,280,0,280
83941,2.0,5.0,3.0,9.0,2.0,3.0,0.30000000000000004,0.4,20.0,384,7774.53125,0,0,282,0,282
83941,2.0,5.0,3.0,9.0,2.0,3.0,0.30000000000000004,0.4,20.0,385,7888.1640625,0,0,283,0,283
83941,2.0,5.0,3.0,9.0,2.0,3.0,0.30000000000000004,0.4,20.0,386,7925.205078125,0,0,276,0,276
83941,2.0,5.0,3.0,9.0,2.0,3.0,0.30000000000000004,0.4,20.0,387,7881.50634765625,0,0,281,0,281
83941,2.0,5.0,3.0,9.0,2.0,3.0,0.30000000000000004,0.4,20.0,388,7856.8829345703125,0,0,288,0,288
83941,2.0,5.0,3.0,9.0,2.0,3.0,0.30000000000000004,0.4,20.0,389,8066.103668212891,0,0,294,0,294
83941,2.0,5.0,3.0,9.0,2.0,3.0,0.30000000000000004,0.4,20.0,390,8290.0,0,0,297,0,297
83941,2.0,5.0,3.0,9.0,2.0,3.0,0.30000000000000004,0.4,20.0,391,8320.0,0,0,299,0,299
83941,2.0,5.0,3.0,9.0,2.0,3.0,0.30000000000000004,0.4,20.0,392,8440.0,0,0,299,0,299
83941,2.0,5.0,3.0,9.0,2.0,3.0,0.30000000000000004,0.4,20.0,393,8455.0,0,0,306,0,306
83941,2.0,5.0,3.0,9.0,2.0,3.0,0.30000000000000004,0.4,20.0,394,8545.0,0,0,300,0,300
83941,2.0,5.0,3.0,9.0,2.0,3.0,0.30000000000000004,0.4,20.0,395,8725.0,0,0,302,0,302
83941,2.0,5.0,3.0,9.0,2.0,3.0,0.30000000000000004,0.4,20.0,396,8620.0,0,0,299,0,299
83941,2.0,5.0,3.0,9.0,2.0,3.0,0.30000000000000004,0.4,20.0,397,8470.0,0,0,297,0,297
83941,2.0,5.0,3.0,9.0,2.0,3.0,0.30000000000000004,0.4,20.0,398,8530.0,0,0,292,0,292
83941,2.0,5.0,3.0,9.0,2.0,3.0,0.30000000000000004,0.4,20.0,399,8545.0,0,0,293,0,293
83941,2.0,5.0,3.0,9.0,2.0,3.0,0.30000000000000004,0.4,20.0,400,8545.0,0,0,288,0,288
83941,2.0,5.0,3.0,9.0,2.0,3.0,0.30000000000000004,0.4,20.0,401,8215.0,0,0,289,0,289
83941,2.0,5.0,3.0,9.0,2.0,3.0,0.30000000000000004,0.4,20.0,402,8110.0,0,0,290,0,290
83941,2.0,5.0,3.0,9.0,2.0,3.0,0.30000000000000004,0.4,20.0,403,8155.0,0,0,287,0,287
83941,2.0,5.0,3.0,9.0,2.0,3.0,0.30000000000000004,0.4,20.0,404,8080.0,0,0,289,0,289
83941,2.0,5.0,3.0,9.0,2.0,3.0,0.30000000000000004,0.4,20.0,405,8080.0,0,0,288,0,288
83941,2.0,5.0,3.0,9.0,2.0,3.0,0.30000000000000004,0.4,20.0,406,8005.0,0,0,284,0,284
83941,2.0,5.0,3.0,9.0,2.0,3.0,0.30000000000000004,0.4,20.0,407,7915.0,0,0,287,0,287
83941,2.0,5.0,3.0,9.0,2.0,3.0,0.30000000000000004,0.4,20.0,408,7913.75,0,0,283,0,283
83941,2.0,5.0,3.0,9.0,2.0,3.0,0.30000000000000004,0.4,20.0,409,7897.1875,0,0,284,0,284
83941,2.0,5.0,3.0,9.0,2.0,3.0,0.30000000000000004,0.4,20.0,410,7996.484375,0,0,291,0,291
83941,2.0,5.0,3.0,9.0,2.0,3.0,0.30000000000000004,0.4,20.0,411,8225.60546875,0,0,293,0,293
83941,2.0,5.0,3.0,9.0,2.0,3.0,0.30000000000000004,0.4,20.0,412,8320.0,0,0,298,0,298
83941,2.0,5.0,3.0,9.0,2.0,3.0,0.30000000000000004,0.4,20.0,413,8395.0,0,0,294,0,294
83941,2.0,5.0,3.0,9.0,2.0,3.0,0.30000000000000004,0.4,20.0,414,8275.0,0,0,291,0,291
83941,2.0,5.0,3.0,9.0,2.0,3.0,0.30000000000000004,0.4,20.0,415,8185.0,0,0,296,0,296
83941,2.0,5.0,3.0,9.0,2.0,3.0,0.30000000000000004,0.4,20.0,416,8350.0,0,0,302,0,302
83941,2.0,5.0,3.0,9.0,2.0,3.0,0.30000000000000004,0.4,20.0,417,8470.0,0,0,302,0,302
83941,2.0,5.0,3.0,9.0,2.0,3.0,0.30000000000000004,0.4,20.0,418,8530.0,0,0,301,0,301
83941,2.0,5.0,3.0,9.0,2.0,3.0,0.30000000000000004,0.4,20.0,419,8560.0,0,0,305,0,305
83941,2.0,5.0,3.0,9.0,2.0,3.0,0.30000000000000004,0.4,20.0,420,8575.0,0,0,298,0,298
83941,2.0,5.0,3.0,9.0,2.0,3.0,0.30000000000000004,0.4,20.0,421,8605.0,0,0,290,0,290
83941,2.0,5.0,3.0,9.0,2.0,3.0,0.30000000000000004,0.4,20.0,422,8455.0,0,0,281,0,281
83941,2.0,5.0,3.0,9.0,2.0,3.0,0.30000000000000004,0.4,20.0,423,8440.0,0,0,283,0,283
83941,2.0,5.0,3.0,9.0,2.0,3.0,0.30000000000000004,0.4,20.0,424,8230.0,0,0,287,0,287
83941,2.0,5.0,3.0,9.0,2.0,3.0,0.30000000000000004,0.4,20.0,425,8185.0,0,0,280,0,280
83941,2.0,5.0,3.0,9.0,2.0,3.0,0.30000000000000004,0.4,20.0,426,8125.0,0,0,277,0,277
83941,2.0,5.0,3.0,9.0,2.0,3.0,0.30000000000000004,0.4,20.0,427,7855.0,0,0,280,0,280
83941,2.0,5.0,3.0,9.0,2.0,3.0,0.30000000000000004,0.4,20.0,428,7778.75,0,0,279,0,279
83941,2.0,5.0,3.0,9.0,2.0,3.0,0.30000000000000004,0.4,20.0,429,7623.4375,0,0,281,0,281
83941,2.0,5.0,3.0,9.0,2.0,3.0,0.30000000000000004,0.4,20.0,430,7849.296875,0,0,285,0,285
83941,2.0,5.0,3.0,9.0,2.0,3.0,0.30000000000000004,0.4,20.0,431,7921.62109375,0,0,284,0,284
83941,2.0,5.0,3.0,9.0,2.0,3.0,0.30000000000000004,0.4,20.0,432,8057.0263671875,0,0,282,0,282
83941,2.0,5.0,3.0,9.0,2.0,3.0,0.30000000000000004,0.4,20.0,433,8020.0,0,0,285,0,285
83941,2.0,5.0,3.0,9.0,2.0,3.0,0.30000000000000004,0.4,20.0,434,7975.0,0,0,289,0,289
83941,2.0,5.0,3.0,9.0,2.0,3.0,0.30000000000000004,0.4,20.0,435,8168.75,0,0,290,0,290
83941,2.0,5.0,3.0,9.0,2.0,3.0,0.30000000000000004,0.4,20.0,436,8305.0,0,0,293,0,293
83941,2.0,5.0,3.0,9.0,2.0,3.0,0.30000000000000004,0.4,20.0,437,8140.0,0,0,293,0,293
83941,2.0,5.0,3.0,9.0,2.0,3.0,0.30000000000000004,0.4,20.0,438,8305.0,0,0,296,0,296
83941,2.0,5.0,3.0,9.0,2.0,3.0,0.30000000000000004,0.4,20.0,439,8260.0,0,0,304,0,304
83941,2.0,5.0,3.0,9.0,2.0,3.0,0.30000000000000004,0.4,20.0,440,8515.0,0,0,301,0,301
83941,2.0,5.0,3.0,9.0,2.0,3.0,0.30000000000000004,0.4,20.0,441,8530.0,0,0,300,0,300
83941,2.0,5.0,3.0,9.0,2.0,3.0,0.30000000000000004,0.4,20.0,442,8635.0,0,0,303,0,303
83941,2.0,5.0,3.0,9.0,2.0,3.0,0.30000000000000004,0.4,20.0,443,8695.0,0,0,304,0,304
83941,2.0,5.0,3.0,9.0,2.0,3.0,0.30000000000000004,0.4,20.0,444,8665.0,0,0,299,0,299
83941,2.0,5.0,3.0,9.0,2.0,3.0,0.30000000000000004,0.4,20.0,445,8515.0,0,0,295,0,295
83941,2.0,5.0,3.0,9.0,2.0,3.0,0.30000000000000004,0.4,20.0,446,8455.0,0,0,291,0,291
83941,2.0,5.0,3.0,9.0,2.0,3.0,0.30000000000000004,0.4,20.0,447,8275.0,0,0,287,0,287
83941,2.0,5.0,3.0,9.0,2.0,3.0,0.30000000000000004,0.4,20.0,448,8110.0,0,0,283,0,283
83941,2.0,5.0,3.0,9.0,2.0,3.0,0.30000000000000004,0.4,20.0,449,8080.0,0,0,281,0,281
83941,2.0,5.0,3.0,9.0,2.0,3.0,0.30000000000000004,0.4,20.0,450,7870.0,0,0,281,0,281
83941,2.0,5.0,3.0,9.0,2.0,3.0,0.30000000000000004,0.4,20.0,451,7842.5,0,0,285,0,285
83941,2.0,5.0,3.0,9.0,2.0,3.0,0.30000000000000004,0.4,20.0,452,7913.125,0,0,288,0,288
83941,2.0,5.0,3.0,9.0,2.0,3.0,0.30000000000000004,0.4,20.0,453,8046.40625,0,0,289,0,289
83941,2.0,5.0,3.0,9.0,2.0,3.0,0.30000000000000004,0.4,20.0,454,8215.0,0,0,293,0,293
83941,2.0,5.0,3.0,9.0,2.0,3.0,0.30000000000000004,0.4,20.0,455,8080.0,0,0,283,0,283
83941,2.0,5.0,3.0,9.0,2.0,3.0,0.30000000000000004,0.4,20.0,456,8125.0,0,0,290,0,290
83941,2.0,5.0,3.0,9.0,2.0,3.0,0.30000000000000004,0.4,20.0,457,8110.0,0,0,290,0,290
83941,2.0,5.0,3.0,9.0,2.0,3.0,0.30000000000000004,0.4,20.0,458,8275.0,0,0,296,0,296
83941,2.0,5.0,3.0,9.0,2.0,3.0,0.30000000000000004,0.4,20.0,459,8335.0,0,0,297,0,297
83941,2.0,5.0,3.0,9.0,2.0,3.0,0.30000000000000004,0.4,20.0,460,8305.0,0,0,294,0,294
83941,2.0,5.0,3.0,9.0,2.0,3.0,0.30000000000000004,0.4,20.0,461,8470.0,0,0,298,0,298
83941,2.0,5.0,3.0,9.0,2.0,3.0,0.30000000000000004,0.4,20.0,462,8485.0,0,0,302,0,302
83941,2.0,5.0,3.0,9.0,2.0,3.0,0.30000000000000004,0.4,20.0,463,8575.0,0,0,301,0,301
83941,2.0,5.0,3.0,9.0,2.0,3.0,0.30000000000000004,0.4,20.0,464,8470.0,0,0,301,0,301
83941,2.0,5.0,3.0,9.0,2.0,3.0,0.30000000000000004,0.4,20.0,465,8560.0,0,0,298,0,298
83941,2.0,5.0,3.0,9.0,2.0,3.0,0.30000000000000004,0.4,20.0,466,8620.0,0,0,293,0,293
83941,2.0,5.0,3.0,9.0,2.0,3.0,0.30000000000000004,0.4,20.0,467,8695.0,0,0,292,0,292
83941,2.0,5.0,3.0,9.0,2.0,3.0,0.30000000000000004,0.4,20.0,468,8425.0,0,0,293,0,293
83941,2.0,5.0,3.0,9.0,2.0,3.0,0.30000000000000004,0.4,20.0,469,8395.0,0,0,290,0,290
83941,2.0,5.0,3.0,9.0,2.0,3.0,0.30000000000000004,0.4,20.0,470,8260.0,0,0,289,0,289
83941,2.0,5.0,3.0,9.0,2.0,3.0,0.30000000000000004,0.4,20.0,471,8245.0,0,0,291,0,291
83941,2.0,5.0,3.0,9.0,2.0,3.0,0.30000000000000004,0.4,20.0,472,8080.0,0,0,290,0,290
83941,2.0,5.0,3.0,9.0,2.0,3.0,0.30000000000000004,0.4,20.0,473,7990.0,0,0,283,0,283
83941,2.0,5.0,3.0,9.0,2.0,3.0,0.30000000000000004,0.4,20.0,474,7857.5,0,0,280,0,280
83941,2.0,5.0,3.0,9.0,2.0,3.0,0.30000000000000004,0.4,20.0,475,7796.875,0,0,281,0,281
83941,2.0,5.0,3.0,9.0,2.0,3.0,0.30000000000000004,0.4,20.0,476,7691.09375,0,0,286,0,286
83941,2.0,5.0,3.0,9.0,2.0,3.0,0.30000000000000004,0.4,20.0,477,7843.8671875,0,0,288,0,288
83941,2.0,5.0,3.0,9.0,2.0,3.0,0.30000000000000004,0.4,20.0,478,8109.833984375,0,0,284,0,284
83941,2.0,5.0,3.0,9.0,2.0,3.0,0.30000000000000004,0.4,20.0,479,8275.0,0,0,288,0,288
83941,2.0,5.0,3.0,9.0,2.0,3.0,0.30000000000000004,0.4,20.0,480,8215.0,0,0,288,0,288
83941,2.0,5.0,3.0,9.0,2.0,3.0,0.30000000000000004,0.4,20.0,481,8200.0,0,0,292,0,292
83941,2.0,5.0,3.0,9.0,2.0,3.0,0.30000000000000004,0.4,20.0,482,8260.0,0,0,297,0,297
83941,2.0,5.0,3.0,9.0,2.0,3.0,0.30000000000000004,0.4,20.0,483,8290.0,0,0,303,0,303
83941,2.0,5.0,3.0,9.0,2.0,3.0,0.30000000000000004,0.4,20.0,484,8515.0,0,0,303,0,303
83941,2.0,5.0,3.0,9.0,2.0,3.0,0.30000000000000004,0.4,20.0,485,8575.0,0,0,302,0,302
83941,2.0,5.0,3.0,9.0,2.0,3.0,0.30000000000000004,0.4,20.0,486,8545.0,0,0,299,0,299
83941,2.0,5.0,3.0,9.0,2.0,3.0,0.30000000000000004,0.4,20.0,487,8575.0,0,0,298,0,298
83941,2.0,5.0,3.0,9.0,2.0,3.0,0.30000000000000004,0.4,20.0,488,8500.0,0,0,300,0,300
83941,2.0,5.0,3.0,9.0,2.0,3.0,0.30000000000000004,0.4,20.0,489,8440.0,0,0,300,0,300
83941,2.0,5.0,3.0,9.0,2.0,3.0,0.30000000000000004,0.4,20.0,490,8515.0,0,0,295,0,295
83941,2.0,5.0,3.0,9.0,2.0,3.0,0.30000000000000004,0.4,20.0,491,8365.0,0,0,288,0,288
83941,2.0,5.0,3.0,9.0,2.0,3.0,0.30000000000000004,0.4,20.0,492,8320.0,0,0,290,0,290
83941,2.0,5.0,3.0,9.0,2.0,3.0,0.30000000000000004,0.4,20.0,493,8110.0,0,0,290,0,290
83941,2.0,5.0,3.0,9.0,2.0,3.0,0.30000000000000004,0.4,20.0,494,8185.0,0,0,289,0,289
83941,2.0,5.0,3.0,9.0,2.0,3.0,0.30000000000000004,0.4,20.0,495,8065.0,0,0,286,0,286
83941,2.0,5.0,3.0,9.0,2.0,3.0,0.30000000000000004,0.4,20.0,496,8110.0,0,0,292,0,292
83941,2.0,5.0,3.0,9.0,2.0,3.0,0.30000000000000004,0.4,20.0,497,8155.0,0,0,284,0,284
83941,2.0,5.0,3.0,9.0,2.0,3.0,0.30000000000000004,0.4,20.0,498,8050.0,0,0,290,0,290
83941,2.0,5.0,3.0,9.0,2.0,3.0,0.30000000000000004,0.4,20.0,499,8005.0,0,0,283,0,283